CTD-processing/allCTD/CNV--homogene/2018_09-13_t9_s09_cast024.cnv
* Sea-Bird SBE19plus Data File:
* FileName = C:\Users\Kim.Powell\Desktop\Not Processed\2018\2018_09-13_T3, T4, T9_5028\2018_09-13_TRANSECT_STATION_cast024.hex
* Software Version 1.59
* Temperature SN =  5028
* Conductivity SN =  5028
* System UpLoad Time = Sep 14 2018 16:10:55
** 2018_09-13
** Station: 9-09
** Start Time: 15:26
** Depth (m): 83
** Comment: **one otter
** Comment:
# nquan = 17
# nvalues = 626                         
# units = specified
# name 0 = scan: Scan Count
# name 1 = timeJ: Julian Days
# name 2 = timeH: Time, Elapsed [hours]
# name 3 = timeM: Time, Elapsed [minutes]
# name 4 = timeS: Time, Elapsed [seconds]
# name 5 = density00: Density [density, kg/m^3]
# name 6 = specc: Specific Conductance [uS/cm]
# name 7 = sal00: Salinity, Practical [PSU]
# name 8 = depSM: Depth [salt water, m], lat = 59.00
# name 9 = oxsolML/L: Oxygen Saturation, Garcia & Gordon [ml/l]
# name 10 = potemp090C: Potential Temperature [ITS-90, deg C]
# name 11 = tv290C: Temperature [ITS-90, deg C]
# name 12 = sigma-é00: Density [sigma-theta, kg/m^3]
# name 13 = n2satML/L: Nitrogen Saturation [ml/l]
# name 14 = par: PAR/Irradiance, Biospherical/Licor
# name 15 = prdM: Pressure, Strain Gauge [db]
# name 16 = flag:  0.000e+00
# span 0 =          1,        626       
# span 1 = 256.644271, 256.646079       
# span 2 =    0.00000,    0.04340       
# span 3 =     0.0000,     2.6042       
# span 4 =      0.000,    156.250       
# span 5 =  1022.4908,  1024.3185       
# span 6 =  46487.202,  49014.451       
# span 7 =    29.5066,    31.0797       
# span 8 =      0.522,     79.357       
# span 9 =    6.37303,    6.52962       
# span 10 =     9.6122,    11.1092      
# span 11 =     9.6207,    11.1092      
# span 12 =    22.4873,    23.9548      
# span 13 =   11.55588,   11.80022      
# span 14 = 5.8327e-02, 1.2122e+03      
# span 15 =      0.526,     80.122      
# span 16 = 0.0000e+00, 0.0000e+00      
# interval = seconds: 0.25
# start_time = Sep 13 2018 15:27:45 [Instrument's time stamp, header]
# bad_flag = -9.990e-29
*END*
[from data line 596]
        597 256.645995    0.04139     2.4833    149.000  1024.2801  48991.472    31.0686     73.595    6.52728     9.6319     9.6403    23.9429   11.79647 5.8486e-02     74.303 0.0000e+00
        598 256.645998    0.04146     2.4875    149.250  1024.2812  48991.730    31.0686     73.818    6.52729     9.6317     9.6401    23.9430   11.79650 5.8471e-02     74.528 0.0000e+00
        599 256.646001    0.04153     2.4917    149.500  1024.2823  48992.044    31.0687     74.035    6.52732     9.6313     9.6399    23.9431   11.79654 5.8460e-02     74.747 0.0000e+00
        600 256.646004    0.04160     2.4958    149.750  1024.2834  48992.379    31.0688     74.248    6.52735     9.6309     9.6397    23.9432   11.79659 5.8460e-02     74.963 0.0000e+00
        601 256.646007    0.04167     2.5000    150.000  1024.2846  48992.745    31.0690     74.457    6.52739     9.6305     9.6394    23.9434   11.79665 5.8466e-02     75.174 0.0000e+00
        602 256.646010    0.04174     2.5042    150.250  1024.2857  48993.173    31.0691     74.664    6.52744     9.6299     9.6390    23.9436   11.79673 5.8472e-02     75.383 0.0000e+00
        603 256.646013    0.04181     2.5083    150.500  1024.2868  48993.645    31.0693     74.868    6.52750     9.6292     9.6385    23.9438   11.79682 5.8477e-02     75.588 0.0000e+00
        604 256.646016    0.04188     2.5125    150.750  1024.2880  48994.174    31.0695     75.070    6.52757     9.6284     9.6380    23.9441   11.79693 5.8477e-02     75.793 0.0000e+00
        605 256.646019    0.04194     2.5167    151.000  1024.2893  48994.788    31.0698     75.276    6.52765     9.6272     9.6373    23.9444   11.79706 5.8474e-02     76.000 0.0000e+00
        606 256.646021    0.04201     2.5208    151.250  1024.2906  48995.504    31.0701     75.487    6.52775     9.6256     9.6365    23.9447   11.79723 5.8465e-02     76.214 0.0000e+00
        607 256.646024    0.04208     2.5250    151.500  1024.2921  48996.340    31.0705     75.706    6.52789     9.6235     9.6354    23.9452   11.79747 5.8450e-02     76.434 0.0000e+00
        608 256.646027    0.04215     2.5292    151.750  1024.2939  48997.589    31.0710     75.931    6.52810     9.6210     9.6338    23.9459   11.79781 5.8431e-02     76.662 0.0000e+00
        609 256.646030    0.04222     2.5333    152.000  1024.2961  48999.589    31.0721     76.160    6.52836     9.6185     9.6317    23.9471   11.79823 5.8412e-02     76.893 0.0000e+00
        610 256.646033    0.04229     2.5375    152.250  1024.2986  49002.202    31.0735     76.388    6.52866     9.6165     9.6292    23.9486   11.79870 5.8390e-02     77.124 0.0000e+00
        611 256.646036    0.04236     2.5417    152.500  1024.3013  49005.063    31.0751     76.613    6.52894     9.6149     9.6268    23.9502   11.79914 5.8373e-02     77.350 0.0000e+00
        612 256.646039    0.04243     2.5458    152.750  1024.3038  49007.738    31.0766     76.836    6.52917     9.6138     9.6248    23.9517   11.79951 5.8369e-02     77.576 0.0000e+00
        613 256.646042    0.04250     2.5500    153.000  1024.3060  49009.877    31.0778     77.061    6.52934     9.6132     9.6232    23.9529   11.79978 5.8371e-02     77.803 0.0000e+00
        614 256.646045    0.04257     2.5542    153.250  1024.3079  49011.407    31.0786     77.291    6.52946     9.6128     9.6222    23.9537   11.79996 5.8366e-02     78.035 0.0000e+00
        615 256.646047    0.04264     2.5583    153.500  1024.3095  49012.411    31.0791     77.523    6.52953     9.6127     9.6216    23.9542   11.80007 5.8355e-02     78.269 0.0000e+00
        616 256.646050    0.04271     2.5625    153.750  1024.3108  49013.039    31.0794     77.753    6.52956     9.6126     9.6213    23.9545   11.80012 5.8347e-02     78.501 0.0000e+00
        617 256.646053    0.04278     2.5667    154.000  1024.3120  49013.407    31.0796     77.975    6.52958     9.6125     9.6211    23.9546   11.80015 5.8350e-02     78.726 0.0000e+00
        618 256.646056    0.04285     2.5708    154.250  1024.3130  49013.582    31.0796     78.186    6.52958     9.6125     9.6210    23.9547   11.80016 5.8356e-02     78.938 0.0000e+00
        619 256.646059    0.04292     2.5750    154.500  1024.3139  49013.666    31.0796     78.383    6.52959     9.6124     9.6210    23.9547   11.80016 5.8355e-02     79.138 0.0000e+00
        620 256.646062    0.04299     2.5792    154.750  1024.3147  49013.766    31.0796     78.569    6.52959     9.6123     9.6210    23.9547   11.80017 5.8348e-02     79.326 0.0000e+00
        621 256.646065    0.04306     2.5833    155.000  1024.3156  49013.909    31.0796     78.747    6.52960     9.6123     9.6209    23.9547   11.80018 5.8343e-02     79.506 0.0000e+00
        622 256.646068    0.04312     2.5875    155.250  1024.3164  49014.060    31.0796     78.918    6.52961     9.6122     9.6208    23.9547   11.80020 5.8342e-02     79.679 0.0000e+00
        623 256.646071    0.04319     2.5917    155.500  1024.3172  49014.196    31.0796     79.079    6.52961     9.6122     9.6208    23.9547   11.80021 5.8343e-02     79.842 0.0000e+00
        624 256.646073    0.04326     2.5958    155.750  1024.3178  49014.323    31.0797     79.220    6.52962     9.6122     9.6207    23.9548   11.80022 5.8340e-02     79.984 0.0000e+00
        625 256.646076    0.04333     2.6000    156.000  1024.3183  49014.418    31.0797     79.320    6.52962 -9.990e-29     9.6207    23.9548   11.80022 5.8332e-02     80.085 0.0000e+00
        626 256.646079    0.04340     2.6042    156.250  1024.3185  49014.451    31.0797     79.357    6.52962 -9.990e-29     9.6207    23.9548   11.80022 5.8327e-02     80.122 0.0000e+00
