CTD-processing/allCTD/CNV--homogene/2018_03-27_alongbay_skb07_cast040.cnv
* Sea-Bird SBE19plus Data File:
* FileName = P:\My Documents\kasitsna\Research-KBL\Oceanography-AK\CTD-Data-ALL-to-2017-02\2018-CTD-KachemakBay-CookInlet\2018-03-27-CookInlet-AlongBay\2018-03-27-CookInlet-AlongBay-cast040.hex
* Software Version 1.59
* Temperature SN =  5028
* Conductivity SN =  5028
* System UpLoad Time = Mar 28 2018 11:55:01
** Cook Inlet LTM Along-Bay (T7-22 to KB12)
** Date: 2018_03-27
** Station: (eg. 9-01): KB07
** Start time (AKDT): 15:29
** Depth (m): 147.8
** Comment:  Extended to T7-22 due to calm seas.
** Comment:
# nquan = 17
# nvalues = 1049                        
# units = specified
# name 0 = scan: Scan Count
# name 1 = timeJ: Julian Days
# name 2 = timeH: Time, Elapsed [hours]
# name 3 = timeM: Time, Elapsed [minutes]
# name 4 = timeS: Time, Elapsed [seconds]
# name 5 = density00: Density [density, kg/m^3]
# name 6 = specc: Specific Conductance [uS/cm]
# name 7 = sal00: Salinity, Practical [PSU]
# name 8 = depSM: Depth [salt water, m], lat = 59.00
# name 9 = oxsolML/L: Oxygen Saturation, Garcia & Gordon [ml/l]
# name 10 = potemp090C: Potential Temperature [ITS-90, deg C]
# name 11 = tv290C: Temperature [ITS-90, deg C]
# name 12 = sigma-é00: Density [sigma-theta, kg/m^3]
# name 13 = n2satML/L: Nitrogen Saturation [ml/l]
# name 14 = par: PAR/Irradiance, Biospherical/Licor
# name 15 = prdM: Pressure, Strain Gauge [db]
# name 16 = flag:  0.000e+00
# span 0 =          1,       1049       
# span 1 =  86.645729,  86.648762       
# span 2 =    0.00000,    0.07278       
# span 3 =     0.0000,     4.3667       
# span 4 =      0.000,    262.000       
# span 5 =  1025.0338,  1025.8735       
# span 6 =  51203.588,  51502.569       
# span 7 =    31.4614,    31.7576       
# span 8 =      0.601,    141.759       
# span 9 =    7.40012,    7.54255       
# span 10 =     3.3170,     4.0187      
# span 11 =     3.3170,     4.0280      
# span 12 =    25.0308,    25.2060      
# span 13 =   13.23076,   13.46899      
# span 14 = 3.7976e-02, 8.0328e+02      
# span 15 =      0.607,    143.146      
# span 16 = 0.0000e+00, 0.0000e+00      
# interval = seconds: 0.25
# start_time = Mar 27 2018 15:29:51 [Instrument's time stamp, header]
# bad_flag = -9.990e-29
*END*
[from data line 86]
         87  86.645978    0.00597     0.3583     21.500  1025.0395  51216.122    31.4676      0.617    7.53918     3.3490     3.3489    25.0366   13.46403 3.5274e+02      0.623 0.0000e+00
         88  86.645981    0.00604     0.3625     21.750  1025.0401  51217.256    31.4684      0.618    7.53915     3.3494     3.3489    25.0372   13.46398 3.5357e+02      0.624 0.0000e+00
         89  86.645984    0.00611     0.3667     22.000  1025.0408  51218.476    31.4693      0.619    7.53908     3.3500     3.3490    25.0379   13.46384 3.5976e+02      0.625 0.0000e+00
         90  86.645987    0.00618     0.3708     22.250  1025.0412  51219.156    31.4698      0.620    7.53897     3.3506     3.3495    25.0383   13.46365 3.6421e+02      0.626 0.0000e+00
         91  86.645990    0.00625     0.3750     22.500  1025.0413  51219.040    31.4699      0.622    7.53885     3.3512     3.3501    25.0383   13.46347 3.6511e+02      0.628 0.0000e+00
         92  86.645992    0.00632     0.3792     22.750  1025.0411  51218.614    31.4698      0.622    7.53874     3.3519     3.3507    25.0381   13.46328 3.7047e+02      0.628 0.0000e+00
         93  86.645995    0.00639     0.3833     23.000  1025.0412  51218.640    31.4699      0.621    7.53861     3.3527     3.3513    25.0382   13.46307 3.7941e+02      0.627 0.0000e+00
         94  86.645998    0.00646     0.3875     23.250  1025.0418  51219.582    31.4707      0.619    7.53845     3.3539     3.3520    25.0388   13.46279 3.8147e+02      0.625 0.0000e+00
         95  86.646001    0.00653     0.3917     23.500  1025.0428  51221.276    31.4721      0.618    7.53823     3.3553     3.3528    25.0398   13.46240 3.7704e+02      0.624 0.0000e+00
         96  86.646004    0.00660     0.3958     23.750  1025.0438  51222.930    31.4735      0.618    7.53795     3.3568     3.3539    25.0408   13.46192 3.7144e+02      0.624 0.0000e+00
         97  86.646007    0.00667     0.4000     24.000  1025.0443  51223.627    31.4743      0.618    7.53765     3.3582     3.3553    25.0414   13.46141 3.6558e+02      0.624 0.0000e+00
         98  86.646010    0.00674     0.4042     24.250  1025.0442  51222.972    31.4743      0.619    7.53737     3.3593     3.3568    25.0412   13.46095 3.6340e+02      0.625 0.0000e+00
         99  86.646013    0.00681     0.4083     24.500  1025.0434  51221.262    31.4735      0.619    7.53715     3.3600     3.3582    25.0404   13.46060 3.6732e+02      0.625 0.0000e+00
        100  86.646016    0.00688     0.4125     24.750  1025.0423  51219.021    31.4723      0.619    7.53701     3.3604     3.3593    25.0394   13.46038 3.7031e+02      0.625 0.0000e+00
        101  86.646019    0.00694     0.4167     25.000  1025.0411  51216.634    31.4708      0.618    7.53694     3.3605     3.3600    25.0382   13.46029 3.6908e+02      0.624 0.0000e+00
        102  86.646021    0.00701     0.4208     25.250  1025.0398  51214.281    31.4693      0.618    7.53694     3.3603     3.3604    25.0369   13.46032 3.6914e+02      0.624 0.0000e+00
        103  86.646024    0.00708     0.4250     25.500  1025.0385  51211.894    31.4677      0.617    7.53701     3.3599     3.3605    25.0356   13.46046 3.7146e+02      0.623 0.0000e+00
        104  86.646027    0.00715     0.4292     25.750  1025.0372  51209.438    31.4660      0.617    7.53714     3.3593     3.3603    25.0343   13.46069 3.7067e+02      0.623 0.0000e+00
        105  86.646030    0.00722     0.4333     26.000  1025.0360  51207.167    31.4643      0.618    7.53731     3.3586     3.3599    25.0330   13.46098 3.6938e+02      0.624 0.0000e+00
        106  86.646033    0.00729     0.4375     26.250  1025.0349  51205.330    31.4629      0.618    7.53749     3.3577     3.3593    25.0320   13.46130 3.7722e+02      0.624 0.0000e+00
        107  86.646036    0.00736     0.4417     26.500  1025.0341  51204.054    31.4619      0.618    7.53768     3.3565     3.3586    25.0312   13.46162 3.8850e+02      0.624 0.0000e+00
        108  86.646039    0.00743     0.4458     26.750  1025.0338  51203.588    31.4614      0.618    7.53786     3.3547     3.3577    25.0308   13.46193 3.9010e+02      0.624 0.0000e+00
        109  86.646042    0.00750     0.4500     27.000  1025.0340  51204.320    31.4616      0.618    7.53806     3.3520     3.3565    25.0311   13.46227 3.8882e+02      0.624 0.0000e+00
        110  86.646045    0.00757     0.4542     27.250  1025.0352  51206.789    31.4628      0.618    7.53834     3.3485     3.3547    25.0322   13.46271 3.9665e+02      0.624 0.0000e+00
        111  86.646047    0.00764     0.4583     27.500  1025.0373  51211.404    31.4652      0.619    7.53872     3.3445     3.3520    25.0344   13.46330 4.1079e+02      0.625 0.0000e+00
        112  86.646050    0.00771     0.4625     27.750  1025.0405  51218.075    31.4689      0.620    7.53919     3.3400     3.3485    25.0376   13.46403 4.2207e+02      0.625 0.0000e+00
        113  86.646053    0.00778     0.4667     28.000  1025.0446  51226.445    31.4735      0.620    7.53971     3.3354     3.3445    25.0416   13.46483 4.2431e+02      0.625 0.0000e+00
        114  86.646056    0.00785     0.4708     28.250  1025.0493  51236.132    31.4790      0.618    7.54026     3.3309     3.3400    25.0464   13.46565 4.1693e+02      0.624 0.0000e+00
        115  86.646059    0.00792     0.4750     28.500  1025.0545  51246.685    31.4850      0.616    7.54080     3.3268     3.3354    25.0515   13.46648 4.0447e+02      0.622 0.0000e+00
        116  86.646062    0.00799     0.4792     28.750  1025.0598  51257.494    31.4911      0.614    7.54132     3.3232     3.3309    25.0568   13.46726 3.9395e+02      0.620 0.0000e+00
        117  86.646065    0.00806     0.4833     29.000  1025.0649  51267.893    31.4971      0.613    7.54179     3.3204     3.3268    25.0620   13.46794 3.8842e+02      0.619 0.0000e+00
        118  86.646068    0.00813     0.4875     29.250  1025.0697  51277.457    31.5027      0.613    7.54216     3.3183     3.3232    25.0668   13.46849 3.8757e+02      0.619 0.0000e+00
        119  86.646071    0.00819     0.4917     29.500  1025.0741  51286.230    31.5079      0.615    7.54243     3.3171     3.3204    25.0712   13.46886 3.9049e+02      0.621 0.0000e+00
        120  86.646073    0.00826     0.4958     29.750  1025.0784  51294.548    31.5131      0.617    7.54255     3.3170     3.3183    25.0754   13.46899 3.9073e+02      0.623 0.0000e+00
        121  86.646076    0.00833     0.5000     30.000  1025.0824  51302.287    31.5180      0.618    7.54251     3.3179     3.3171    25.0795   13.46887 3.8770e+02      0.624 0.0000e+00
        122  86.646079    0.00840     0.5042     30.250  1025.0857  51308.475    31.5221      0.617    7.54233     3.3200     3.3170    25.0828   13.46851 3.8199e+02      0.623 0.0000e+00
        123  86.646082    0.00847     0.5083     30.500  1025.0878  51312.145    31.5249      0.616    7.54201     3.3229     3.3180    25.0849   13.46794 3.6970e+02      0.622 0.0000e+00
        124  86.646085    0.00854     0.5125     30.750  1025.0886  51313.245    31.5261      0.615    7.54156     3.3263     3.3200    25.0857   13.46718 3.5741e+02      0.621 0.0000e+00
        125  86.646088    0.00861     0.5167     31.000  1025.0886  51312.476    31.5264      0.615    7.54100     3.3299     3.3229    25.0857   13.46627 3.5173e+02      0.621 0.0000e+00
        126  86.646091    0.00868     0.5208     31.250  1025.0881  51310.833    31.5261      0.614    7.54039     3.3334     3.3263    25.0852   13.46525 3.5265e+02      0.620 0.0000e+00
        127  86.646094    0.00875     0.5250     31.500  1025.0876  51309.235    31.5259      0.615    7.53973     3.3370     3.3299    25.0847   13.46418 3.5354e+02      0.621 0.0000e+00
        128  86.646097    0.00882     0.5292     31.750  1025.0875  51308.193    31.5261      0.615    7.53906     3.3407     3.3335    25.0846   13.46305 3.4903e+02      0.621 0.0000e+00
        129  86.646100    0.00889     0.5333     32.000  1025.0875  51307.562    31.5266      0.615    7.53836     3.3447     3.3371    25.0846   13.46190 3.4782e+02      0.621 0.0000e+00
        130  86.646102    0.00896     0.5375     32.250  1025.0875  51306.638    31.5269      0.615    7.53766     3.3490     3.3408    25.0846   13.46074 3.5229e+02      0.621 0.0000e+00
        131  86.646105    0.00903     0.5417     32.500  1025.0869  51304.725    31.5266      0.615    7.53694     3.3538     3.3447    25.0840   13.45956 3.5682e+02      0.621 0.0000e+00
        132  86.646108    0.00910     0.5458     32.750  1025.0857  51301.489    31.5255      0.615    7.53619     3.3588     3.3490    25.0827   13.45833 3.6393e+02      0.621 0.0000e+00
        133  86.646111    0.00917     0.5500     33.000  1025.0838  51297.057    31.5237      0.616    7.53539     3.3637     3.3538    25.0809   13.45705 3.7445e+02      0.622 0.0000e+00
        134  86.646114    0.00924     0.5542     33.250  1025.0817  51292.068    31.5216      0.617    7.53457     3.3684     3.3588    25.0787   13.45572 3.8515e+02      0.623 0.0000e+00
        135  86.646117    0.00931     0.5583     33.500  1025.0797  51287.330    31.5197      0.618    7.53375     3.3726     3.3637    25.0767   13.45439 3.9613e+02      0.623 0.0000e+00
        136  86.646120    0.00937     0.5625     33.750  1025.0781  51283.289    31.5181      0.617    7.53297     3.3762     3.3684    25.0751   13.45312 4.0766e+02      0.623 0.0000e+00
        137  86.646123    0.00944     0.5667     34.000  1025.0767  51279.858    31.5168      0.615    7.53226     3.3793     3.3726    25.0737   13.45196 4.1855e+02      0.620 0.0000e+00
        138  86.646126    0.00951     0.5708     34.250  1025.0753  51276.572    31.5155      0.612    7.53165     3.3819     3.3762    25.0723   13.45097 4.2718e+02      0.617 0.0000e+00
        139  86.646128    0.00958     0.5750     34.500  1025.0737  51272.930    31.5138      0.610    7.53116     3.3842     3.3793    25.0707   13.45018 4.2873e+02      0.615 0.0000e+00
        140  86.646131    0.00965     0.5792     34.750  1025.0718  51268.995    31.5118      0.610    7.53076     3.3859     3.3820    25.0689   13.44956 4.2592e+02      0.615 0.0000e+00
        141  86.646134    0.00972     0.5833     35.000  1025.0703  51265.707    31.5102      0.612    7.53044     3.3871     3.3842    25.0674   13.44905 4.3174e+02      0.618 0.0000e+00
        142  86.646137    0.00979     0.5875     35.250  1025.0696  51264.033    31.5095      0.615    7.53016     3.3878     3.3859    25.0667   13.44859 4.4727e+02      0.621 0.0000e+00
        143  86.646140    0.00986     0.5917     35.500  1025.0699  51264.317    31.5100      0.617    7.52991     3.3883     3.3871    25.0670   13.44819 4.6077e+02      0.623 0.0000e+00
        144  86.646143    0.00993     0.5958     35.750  1025.0711  51266.290    31.5115      0.618    7.52970     3.3889     3.3878    25.0681   13.44781 4.6307e+02      0.624 0.0000e+00
        145  86.646146    0.01000     0.6000     36.000  1025.0725  51268.743    31.5133      0.618    7.52951     3.3900     3.3883    25.0695   13.44748 4.5959e+02      0.624 0.0000e+00
        146  86.646149    0.01007     0.6042     36.250  1025.0732  51270.077    31.5144      0.617    7.52934     3.3916     3.3889    25.0703   13.44718 4.6098e+02      0.623 0.0000e+00
        147  86.646152    0.01014     0.6083     36.500  1025.0730  51269.405    31.5142      0.616    7.52914     3.3935     3.3900    25.0701   13.44686 4.6546e+02      0.622 0.0000e+00
        148  86.646155    0.01021     0.6125     36.750  1025.0718  51266.836    31.5129      0.616    7.52891     3.3953     3.3917    25.0689   13.44649 4.6859e+02      0.622 0.0000e+00
        149  86.646157    0.01028     0.6167     37.000  1025.0700  51263.044    31.5108      0.616    7.52867     3.3968     3.3936    25.0671   13.44612 4.7075e+02      0.622 0.0000e+00
        150  86.646160    0.01035     0.6208     37.250  1025.0678  51258.700    31.5083      0.618    7.52846     3.3978     3.3954    25.0649   13.44580 4.7330e+02      0.624 0.0000e+00
        151  86.646163    0.01042     0.6250     37.500  1025.0656  51254.304    31.5057      0.620    7.52831     3.3983     3.3969    25.0627   13.44560 4.6628e+02      0.626 0.0000e+00
        152  86.646166    0.01049     0.6292     37.750  1025.0636  51250.324    31.5032      0.623    7.52825     3.3985     3.3979    25.0607   13.44553 4.4765e+02      0.629 0.0000e+00
        153  86.646169    0.01056     0.6333     38.000  1025.0623  51247.762    31.5016      0.626    7.52824     3.3988     3.3984    25.0594   13.44553 4.3603e+02      0.632 0.0000e+00
        154  86.646172    0.01063     0.6375     38.250  1025.0622  51247.541    31.5015      0.628    7.52821     3.3992     3.3986    25.0593   13.44548 4.3830e+02      0.634 0.0000e+00
        155  86.646175    0.01069     0.6417     38.500  1025.0630  51248.935    31.5025      0.629    7.52812     3.3995     3.3988    25.0600   13.44532 4.4623e+02      0.635 0.0000e+00
        156  86.646178    0.01076     0.6458     38.750  1025.0638  51250.345    31.5036      0.627    7.52799     3.3994     3.3992    25.0608   13.44509 4.5321e+02      0.633 0.0000e+00
        157  86.646181    0.01083     0.6500     39.000  1025.0643  51251.193    31.5042      0.625    7.52790     3.3989     3.3995    25.0613   13.44493 4.5315e+02      0.631 0.0000e+00
        158  86.646183    0.01090     0.6542     39.250  1025.0646  51251.839    31.5046      0.623    7.52789     3.3981     3.3994    25.0617   13.44492 4.4448e+02      0.629 0.0000e+00
        159  86.646186    0.01097     0.6583     39.500  1025.0649  51252.446    31.5049      0.623    7.52797     3.3972     3.3989    25.0619   13.44504 4.3902e+02      0.629 0.0000e+00
        160  86.646189    0.01104     0.6625     39.750  1025.0651  51252.994    31.5051      0.623    7.52811     3.3961     3.3981    25.0621   13.44527 4.4904e+02      0.629 0.0000e+00
        161  86.646192    0.01111     0.6667     40.000  1025.0653  51253.636    31.5053      0.623    7.52827     3.3950     3.3972    25.0624   13.44554 4.6534e+02      0.629 0.0000e+00
        162  86.646195    0.01118     0.6708     40.250  1025.0655  51254.253    31.5055      0.622    7.52846     3.3938     3.3961    25.0626   13.44584 4.7407e+02      0.628 0.0000e+00
        163  86.646198    0.01125     0.6750     40.500  1025.0654  51254.192    31.5051      0.621    7.52868     3.3925     3.3950    25.0624   13.44622 4.8062e+02      0.627 0.0000e+00
        164  86.646201    0.01132     0.6792     40.750  1025.0645  51252.922    31.5040      0.620    7.52897     3.3914     3.3938    25.0616   13.44671 4.8914e+02      0.626 0.0000e+00
        165  86.646204    0.01139     0.6833     41.000  1025.0634  51250.992    31.5023      0.621    7.52929     3.3904     3.3925    25.0604   13.44725 4.9097e+02      0.627 0.0000e+00
        166  86.646207    0.01146     0.6875     41.250  1025.0625  51249.586    31.5011      0.623    7.52956     3.3896     3.3914    25.0595   13.44772 4.8547e+02      0.629 0.0000e+00
        167  86.646209    0.01153     0.6917     41.500  1025.0622  51249.211    31.5006      0.624    7.52976     3.3891     3.3905    25.0592   13.44806 4.8350e+02      0.630 0.0000e+00
        168  86.646212    0.01160     0.6958     41.750  1025.0624  51249.744    31.5008      0.625    7.52990     3.3887     3.3897    25.0594   13.44828 4.8046e+02      0.631 0.0000e+00
        169  86.646215    0.01167     0.7000     42.000  1025.0630  51251.012    31.5015      0.624    7.52997     3.3885     3.3891    25.0600   13.44839 4.7119e+02      0.630 0.0000e+00
        170  86.646218    0.01174     0.7042     42.250  1025.0638  51252.656    31.5025      0.623    7.52999     3.3886     3.3887    25.0609   13.44841 4.6567e+02      0.629 0.0000e+00
