CTD-processing/allCTD/CNV--homogene/2018_04-23_alongbay_skb01_cast069.cnv
* Sea-Bird SBE19plus Data File:
* FileName = C:\Users\Kim.Powell\Desktop\Not Processed\2018\2018_04-23_AlongBay, T4, T9_5028\2018_04-23_TRANSECT_STATION_cast069.hex
* Software Version 1.59
* Temperature SN =  5028
* Conductivity SN =  5028
* System UpLoad Time = Apr 24 2018 10:00:45
** 2018_04-24
** Station: KB01
** Start Time: 15:41
** Depth (m): 71
** Comment:
** Comment:
# nquan = 17
# nvalues = 587                         
# units = specified
# name 0 = scan: Scan Count
# name 1 = timeJ: Julian Days
# name 2 = timeH: Time, Elapsed [hours]
# name 3 = timeM: Time, Elapsed [minutes]
# name 4 = timeS: Time, Elapsed [seconds]
# name 5 = density00: Density [density, kg/m^3]
# name 6 = specc: Specific Conductance [uS/cm]
# name 7 = sal00: Salinity, Practical [PSU]
# name 8 = depSM: Depth [salt water, m], lat = 59.00
# name 9 = oxsolML/L: Oxygen Saturation, Garcia & Gordon [ml/l]
# name 10 = potemp090C: Potential Temperature [ITS-90, deg C]
# name 11 = tv290C: Temperature [ITS-90, deg C]
# name 12 = sigma-é00: Density [sigma-theta, kg/m^3]
# name 13 = n2satML/L: Nitrogen Saturation [ml/l]
# name 14 = par: PAR/Irradiance, Biospherical/Licor
# name 15 = prdM: Pressure, Strain Gauge [db]
# name 16 = flag:  0.000e+00
# span 0 =          1,        587       
# span 1 = 113.653299, 113.654994       
# span 2 =    0.00000,    0.04069       
# span 3 =     0.0000,     2.4417       
# span 4 =      0.000,    146.500       
# span 5 =  1023.5653,  1025.4695       
# span 6 =  48184.434,  51268.372       
# span 7 =    29.8703,    31.9117       
# span 8 =      0.123,     66.177       
# span 9 =    7.18959,    7.24314       
# span 10 =     4.9033,     5.2977      
# span 11 =     4.9077,     5.4430      
# span 12 =    23.5647,    25.2174      
# span 13 =   12.88221,   12.99613      
# span 14 = 3.7993e-02, 1.6118e+02      
# span 15 =      0.125,     66.812      
# span 16 = 0.0000e+00, 0.0000e+00      
# interval = seconds: 0.25
# start_time = Apr 23 2018 15:40:45 [Instrument's time stamp, header]
# bad_flag = -9.990e-29
*END*
[from data line 86]
         87 113.653547    0.00597     0.3583     21.500  1025.1910  51209.449    31.8784      0.746    7.20099     5.1228     5.1252    25.1875   12.90046 1.0066e+02      0.752 0.0000e+00
         88 113.653550    0.00604     0.3625     21.750  1025.1954  51217.562    31.8836      0.752    7.20105     5.1252     5.1235    25.1918   12.90048 1.0061e+02      0.759 0.0000e+00
         89 113.653553    0.00611     0.3667     22.000  1025.2034  51232.365    31.8937      0.748    7.20066     5.1312     5.1229    25.1998   12.89972 1.0086e+02      0.755 0.0000e+00
         90 113.653556    0.00618     0.3708     22.250  1025.2077  51240.222    31.8996      0.735    7.19997     5.1392     5.1252    25.2043   12.89850 1.0172e+02      0.742 0.0000e+00
         91 113.653559    0.00625     0.3750     22.500  1025.2042  51233.205    31.8961      0.718    7.19911     5.1464     5.1313    25.2008   12.89712 1.0246e+02      0.725 0.0000e+00
         92 113.653562    0.00632     0.3792     22.750  1025.1940  51213.769    31.8844      0.707    7.19829     5.1509     5.1393    25.1907   12.89592 1.0304e+02      0.713 0.0000e+00
         93 113.653565    0.00639     0.3833     23.000  1025.1823  51191.481    31.8706      0.708    7.19772     5.1527     5.1465    25.1790   12.89516 1.0402e+02      0.714 0.0000e+00
         94 113.653568    0.00646     0.3875     23.250  1025.1741  51175.816    31.8608      0.721    7.19742     5.1527     5.1510    25.1707   12.89478 1.0418e+02      0.728 0.0000e+00
         95 113.653571    0.00653     0.3917     23.500  1025.1712  51170.190    31.8573      0.743    7.19727     5.1519     5.1528    25.1677   12.89459 1.0251e+02      0.750 0.0000e+00
         96 113.653573    0.00660     0.3958     23.750  1025.1722  51171.742    31.8584      0.768    7.19722     5.1507     5.1528    25.1686   12.89449 1.0051e+02      0.775 0.0000e+00
         97 113.653576    0.00667     0.4000     24.000  1025.1741  51175.132    31.8605      0.794    7.19725     5.1485     5.1520    25.1704   12.89451 9.8991e+01      0.801 0.0000e+00
         98 113.653579    0.00674     0.4042     24.250  1025.1746  51176.003    31.8608      0.822    7.19745     5.1449     5.1508    25.1707   12.89484 9.7441e+01      0.830 0.0000e+00
         99 113.653582    0.00681     0.4083     24.500  1025.1725  51172.162    31.8577      0.858    7.19797     5.1399     5.1486    25.1685   12.89574 9.5846e+01      0.866 0.0000e+00
        100 113.653585    0.00688     0.4125     24.750  1025.1712  51169.868    31.8553      0.900    7.19871     5.1354     5.1450    25.1670   12.89699 9.4334e+01      0.909 0.0000e+00
        101 113.653588    0.00694     0.4167     25.000  1025.1747  51176.407    31.8587      0.940    7.19940     5.1328     5.1400    25.1703   12.89808 9.2952e+01      0.949 0.0000e+00
        102 113.653591    0.00701     0.4208     25.250  1025.1791  51184.755    31.8635      0.969    7.19994     5.1314     5.1355    25.1745   12.89892 9.1628e+01      0.978 0.0000e+00
        103 113.653594    0.00708     0.4250     25.500  1025.1799  51186.441    31.8641      0.990    7.20036     5.1294     5.1329    25.1753   12.89960 9.0385e+01      1.000 0.0000e+00
        104 113.653597    0.00715     0.4292     25.750  1025.1781  51183.118    31.8615      1.010    7.20074     5.1266     5.1315    25.1734   12.90026 8.9508e+01      1.020 0.0000e+00
        105 113.653600    0.00722     0.4333     26.000  1025.1774  51181.741    31.8601      1.031    7.20114     5.1238     5.1295    25.1725   12.90093 8.8970e+01      1.040 0.0000e+00
        106 113.653602    0.00729     0.4375     26.250  1025.1809  51188.432    31.8641      1.048    7.20143     5.1227     5.1267    25.1760   12.90137 8.8168e+01      1.058 0.0000e+00
        107 113.653605    0.00736     0.4417     26.500  1025.1881  51201.838    31.8727      1.060    7.20149     5.1243     5.1239    25.1832   12.90136 8.7191e+01      1.070 0.0000e+00
        108 113.653608    0.00743     0.4458     26.750  1025.1951  51214.790    31.8814      1.065    7.20127     5.1287     5.1228    25.1901   12.90088 8.7084e+01      1.075 0.0000e+00
        109 113.653611    0.00750     0.4500     27.000  1025.1990  51221.732    31.8865      1.068    7.20075     5.1349     5.1244    25.1940   12.89995 8.8116e+01      1.078 0.0000e+00
        110 113.653614    0.00757     0.4542     27.250  1025.1993  51221.691    31.8874      1.069    7.19995     5.1418     5.1288    25.1943   12.89862 8.9346e+01      1.079 0.0000e+00
        111 113.653617    0.00764     0.4583     27.500  1025.1968  51216.541    31.8852      1.068    7.19899     5.1485     5.1350    25.1918   12.89706 8.9966e+01      1.078 0.0000e+00
        112 113.653620    0.00771     0.4625     27.750  1025.1929  51208.541    31.8812      1.062    7.19800     5.1547     5.1419    25.1879   12.89549 9.0112e+01      1.072 0.0000e+00
        113 113.653623    0.00778     0.4667     28.000  1025.1882  51199.244    31.8763      1.052    7.19708     5.1601     5.1486    25.1832   12.89404 9.0223e+01      1.062 0.0000e+00
        114 113.653626    0.00785     0.4708     28.250  1025.1831  51189.467    31.8709      1.037    7.19628     5.1642     5.1548    25.1783   12.89278 9.0135e+01      1.047 0.0000e+00
        115 113.653628    0.00792     0.4750     28.500  1025.1779  51179.431    31.8651      1.022    7.19564     5.1665     5.1602    25.1731   12.89179 8.9515e+01      1.031 0.0000e+00
        116 113.653631    0.00799     0.4792     28.750  1025.1726  51169.253    31.8590      1.009    7.19523     5.1669     5.1643    25.1678   12.89119 8.8973e+01      1.019 0.0000e+00
        117 113.653634    0.00806     0.4833     29.000  1025.1673  51159.403    31.8527      1.005    7.19512     5.1649     5.1666    25.1626   12.89110 8.9202e+01      1.014 0.0000e+00
        118 113.653637    0.00813     0.4875     29.250  1025.1632  51151.752    31.8475      1.010    7.19532     5.1607     5.1670    25.1584   12.89148 8.9580e+01      1.020 0.0000e+00
        119 113.653640    0.00819     0.4917     29.500  1025.1620  51149.697    31.8457      1.025    7.19574     5.1554     5.1650    25.1572   12.89221 8.9219e+01      1.034 0.0000e+00
        120 113.653643    0.00826     0.4958     29.750  1025.1649  51155.445    31.8487      1.043    7.19631     5.1505     5.1608    25.1601   12.89312 8.8265e+01      1.052 0.0000e+00
        121 113.653646    0.00833     0.5000     30.000  1025.1713  51167.496    31.8558      1.057    7.19689     5.1472     5.1554    25.1663   12.89399 8.7744e+01      1.067 0.0000e+00
        122 113.653649    0.00840     0.5042     30.250  1025.1785  51181.288    31.8643      1.065    7.19732     5.1458     5.1505    25.1736   12.89459 8.8368e+01      1.075 0.0000e+00
        123 113.653652    0.00847     0.5083     30.500  1025.1844  51192.499    31.8713      1.064    7.19755     5.1465     5.1472    25.1795   12.89488 8.9369e+01      1.074 0.0000e+00
        124 113.653655    0.00854     0.5125     30.750  1025.1877  51198.740    31.8753      1.057    7.19759     5.1485     5.1459    25.1828   12.89489 8.9624e+01      1.067 0.0000e+00
        125 113.653657    0.00861     0.5167     31.000  1025.1876  51198.542    31.8753      1.049    7.19748     5.1508     5.1465    25.1827   12.89470 8.9267e+01      1.058 0.0000e+00
        126 113.653660    0.00868     0.5208     31.250  1025.1843  51192.187    31.8714      1.043    7.19732     5.1524     5.1486    25.1794   12.89449 8.8866e+01      1.052 0.0000e+00
        127 113.653663    0.00875     0.5250     31.500  1025.1794  51182.966    31.8655      1.044    7.19721     5.1529     5.1509    25.1745   12.89438 8.8400e+01      1.054 0.0000e+00
        128 113.653666    0.00882     0.5292     31.750  1025.1756  51175.846    31.8610      1.052    7.19715     5.1524     5.1525    25.1707   12.89434 8.7781e+01      1.062 0.0000e+00
        129 113.653669    0.00889     0.5333     32.000  1025.1752  51175.055    31.8605      1.063    7.19708     5.1520     5.1530    25.1703   12.89424 8.7111e+01      1.073 0.0000e+00
        130 113.653672    0.00896     0.5375     32.250  1025.1785  51181.094    31.8646      1.070    7.19697     5.1529     5.1525    25.1735   12.89400 8.6587e+01      1.080 0.0000e+00
        131 113.653675    0.00903     0.5417     32.500  1025.1832  51189.644    31.8704      1.068    7.19677     5.1560     5.1521    25.1782   12.89359 8.6495e+01      1.079 0.0000e+00
        132 113.653678    0.00910     0.5458     32.750  1025.1860  51194.743    31.8741      1.058    7.19643     5.1609     5.1530    25.1810   12.89299 8.6915e+01      1.068 0.0000e+00
        133 113.653681    0.00917     0.5500     33.000  1025.1847  51192.226    31.8730      1.043    7.19595     5.1658     5.1561    25.1799   12.89221 8.7695e+01      1.053 0.0000e+00
        134 113.653683    0.00924     0.5542     33.250  1025.1789  51181.229    31.8665      1.029    7.19543     5.1688     5.1610    25.1742   12.89143 8.8464e+01      1.039 0.0000e+00
        135 113.653686    0.00931     0.5583     33.500  1025.1701  51164.558    31.8561      1.022    7.19509     5.1688     5.1658    25.1654   12.89101 8.8651e+01      1.032 0.0000e+00
        136 113.653689    0.00937     0.5625     33.750  1025.1611  51147.650    31.8451      1.027    7.19510     5.1655     5.1689    25.1563   12.89116 8.8103e+01      1.037 0.0000e+00
        137 113.653692    0.00944     0.5667     34.000  1025.1550  51136.351    31.8373      1.043    7.19548     5.1599     5.1689    25.1501   12.89188 8.7439e+01      1.053 0.0000e+00
        138 113.653695    0.00951     0.5708     34.250  1025.1543  51135.249    31.8358      1.066    7.19612     5.1546     5.1655    25.1493   12.89297 8.7191e+01      1.077 0.0000e+00
        139 113.653698    0.00958     0.5750     34.500  1025.1603  51146.758    31.8425      1.086    7.19675     5.1522     5.1600    25.1553   12.89392 8.7269e+01      1.097 0.0000e+00
        140 113.653701    0.00965     0.5792     34.750  1025.1712  51167.243    31.8554      1.096    7.19704     5.1544     5.1547    25.1661   12.89423 8.7373e+01      1.106 0.0000e+00
        141 113.653704    0.00972     0.5833     35.000  1025.1812  51185.841    31.8677      1.090    7.19687     5.1613     5.1522    25.1761   12.89379 8.7407e+01      1.100 0.0000e+00
        142 113.653707    0.00979     0.5875     35.250  1025.1848  51192.325    31.8727      1.070    7.19625     5.1704     5.1544    25.1798   12.89270 8.7339e+01      1.080 0.0000e+00
        143 113.653709    0.00986     0.5917     35.500  1025.1806  51184.059    31.8685      1.046    7.19527     5.1783     5.1613    25.1757   12.89113 8.7089e+01      1.055 0.0000e+00
        144 113.653712    0.00993     0.5958     35.750  1025.1706  51164.985    31.8573      1.025    7.19424     5.1827     5.1705    25.1658   12.88958 8.6919e+01      1.034 0.0000e+00
        145 113.653715    0.01000     0.6000     36.000  1025.1586  51142.215    31.8434      1.016    7.19355     5.1826     5.1784    25.1539   12.88862 8.7019e+01      1.025 0.0000e+00
        146 113.653718    0.01007     0.6042     36.250  1025.1490  51124.049    31.8318      1.023    7.19335     5.1782     5.1828    25.1443   12.88844 8.6846e+01      1.032 0.0000e+00
        147 113.653721    0.01014     0.6083     36.500  1025.1447  51115.957    31.8262      1.044    7.19364     5.1713     5.1827    25.1398   12.88899 8.5926e+01      1.054 0.0000e+00
        148 113.653724    0.01021     0.6125     36.750  1025.1463  51119.178    31.8274      1.072    7.19434     5.1649     5.1783    25.1413   12.89012 8.4819e+01      1.082 0.0000e+00
        149 113.653727    0.01028     0.6167     37.000  1025.1541  51133.949    31.8361      1.096    7.19511     5.1617     5.1714    25.1489   12.89128 8.4509e+01      1.106 0.0000e+00
        150 113.653730    0.01035     0.6208     37.250  1025.1660  51156.371    31.8502      1.106    7.19553     5.1634     5.1650    25.1608   12.89180 8.5383e+01      1.117 0.0000e+00
        151 113.653733    0.01042     0.6250     37.500  1025.1766  51176.247    31.8632      1.100    7.19545     5.1699     5.1618    25.1714   12.89150 8.7083e+01      1.111 0.0000e+00
        152 113.653736    0.01049     0.6292     37.750  1025.1810  51184.219    31.8690      1.080    7.19488     5.1789     5.1634    25.1759   12.89049 8.8784e+01      1.091 0.0000e+00
        153 113.653738    0.01056     0.6333     38.000  1025.1778  51177.865    31.8661      1.053    7.19392     5.1873     5.1699    25.1728   12.88893 8.9659e+01      1.063 0.0000e+00
        154 113.653741    0.01063     0.6375     38.250  1025.1691  51161.111    31.8565      1.027    7.19284     5.1929     5.1789    25.1642   12.88727 8.9466e+01      1.037 0.0000e+00
        155 113.653744    0.01069     0.6417     38.500  1025.1579  51139.810    31.8436      1.010    7.19200     5.1941     5.1874    25.1531   12.88605 8.8891e+01      1.020 0.0000e+00
        156 113.653747    0.01076     0.6458     38.750  1025.1472  51119.637    31.8309      1.006    7.19166     5.1904     5.1929    25.1424   12.88565 8.8782e+01      1.016 0.0000e+00
        157 113.653750    0.01083     0.6500     39.000  1025.1398  51105.914    31.8217      1.017    7.19189     5.1825     5.1942    25.1350   12.88615 8.9032e+01      1.026 0.0000e+00
        158 113.653753    0.01090     0.6542     39.250  1025.1374  51101.723    31.8180      1.039    7.19269     5.1727     5.1905    25.1325   12.88753 8.9079e+01      1.049 0.0000e+00
        159 113.653756    0.01097     0.6583     39.500  1025.1410  51108.972    31.8213      1.067    7.19389     5.1643     5.1826    25.1360   12.88948 8.8803e+01      1.077 0.0000e+00
        160 113.653759    0.01104     0.6625     39.750  1025.1515  51129.019    31.8330      1.088    7.19501     5.1600     5.1727    25.1463   12.89118 8.8535e+01      1.099 0.0000e+00
        161 113.653762    0.01111     0.6667     40.000  1025.1661  51156.806    31.8504      1.096    7.19561     5.1609     5.1644    25.1610   12.89194 8.8778e+01      1.106 0.0000e+00
        162 113.653764    0.01118     0.6708     40.250  1025.1787  51180.341    31.8657      1.087    7.19562     5.1665     5.1601    25.1736   12.89175 8.9503e+01      1.097 0.0000e+00
        163 113.653767    0.01125     0.6750     40.500  1025.1836  51189.509    31.8722      1.065    7.19514     5.1739     5.1610    25.1786   12.89088 9.0039e+01      1.075 0.0000e+00
        164 113.653770    0.01132     0.6792     40.750  1025.1799  51182.317    31.8685      1.040    7.19437     5.1800     5.1666    25.1750   12.88966 9.0057e+01      1.050 0.0000e+00
        165 113.653773    0.01139     0.6833     41.000  1025.1703  51164.069    31.8575      1.022    7.19363     5.1828     5.1740    25.1655   12.88857 8.9685e+01      1.032 0.0000e+00
        166 113.653776    0.01146     0.6875     41.250  1025.1597  51143.962    31.8450      1.017    7.19318     5.1815     5.1801    25.1549   12.88798 8.9176e+01      1.027 0.0000e+00
        167 113.653779    0.01153     0.6917     41.500  1025.1530  51131.190    31.8368      1.027    7.19309     5.1767     5.1829    25.1481   12.88795 8.9020e+01      1.036 0.0000e+00
        168 113.653782    0.01160     0.6958     41.750  1025.1526  51130.556    31.8360      1.045    7.19337     5.1711     5.1815    25.1477   12.88841 8.9317e+01      1.055 0.0000e+00
        169 113.653785    0.01167     0.7000     42.000  1025.1584  51141.603    31.8426      1.062    7.19386     5.1672     5.1768    25.1534   12.88914 8.9468e+01      1.072 0.0000e+00
        170 113.653788    0.01174     0.7042     42.250  1025.1678  51159.282    31.8536      1.071    7.19430     5.1667     5.1712    25.1627   12.88973 8.9043e+01      1.081 0.0000e+00
