CTD-processing/allCTD/CNV--homogene/2018_08-23_t9_s10_cast217.cnv
* Sea-Bird SBE19plus Data File:
* FileName = C:\Users\Kim.Powell\Desktop\Not Processed\2018\2018_08-23_AlongBay, T9_5028\2018_08-23_TRANSECT_STATION_cast217.hex
* Software Version 1.59
* Temperature SN =  5028
* Conductivity SN =  5028
* System UpLoad Time = Aug 31 2018 10:39:25
** 2018_08-23
** Station: 9-10
** Start Time: 16:00
** Depth (m): 62
** Comment: Foraging flocks of kittiwakes
** Comment:larval flatfish!!
# nquan = 17
# nvalues = 543                         
# units = specified
# name 0 = scan: Scan Count
# name 1 = timeJ: Julian Days
# name 2 = timeH: Time, Elapsed [hours]
# name 3 = timeM: Time, Elapsed [minutes]
# name 4 = timeS: Time, Elapsed [seconds]
# name 5 = density00: Density [density, kg/m^3]
# name 6 = specc: Specific Conductance [uS/cm]
# name 7 = sal00: Salinity, Practical [PSU]
# name 8 = depSM: Depth [salt water, m], lat = 59.00
# name 9 = oxsolML/L: Oxygen Saturation, Garcia & Gordon [ml/l]
# name 10 = potemp090C: Potential Temperature [ITS-90, deg C]
# name 11 = tv290C: Temperature [ITS-90, deg C]
# name 12 = sigma-é00: Density [sigma-theta, kg/m^3]
# name 13 = n2satML/L: Nitrogen Saturation [ml/l]
# name 14 = par: PAR/Irradiance, Biospherical/Licor
# name 15 = prdM: Pressure, Strain Gauge [db]
# name 16 = flag:  0.000e+00
# span 0 =          1,        543       
# span 1 = 235.666539, 235.668108       
# span 2 =    0.00000,    0.03764       
# span 3 =     0.0000,     2.2583       
# span 4 =      0.000,    135.500       
# span 5 =  1019.5485,  1024.4049       
# span 6 =  41170.682,  49290.158       
# span 7 =    25.8543,    31.2444       
# span 8 =      0.501,     60.595       
# span 9 =    6.38707,    6.56297       
# span 10 =     9.3357,    11.7077      
# span 11 =     9.3421,    11.7236      
# span 12 =    19.5453,    24.1270      
# span 13 =   11.57101,   11.85346      
# span 14 = 5.7852e-02, 1.7913e+02      
# span 15 =      0.506,     61.176      
# span 16 = 0.0000e+00, 0.0000e+00      
# interval = seconds: 0.25
# start_time = Aug 23 2018 15:59:49 [Instrument's time stamp, header]
# bad_flag = -9.990e-29
*END*
[from data line 256]
        257 235.667280    0.01778     1.0667     64.000  1020.3988  42738.553    26.9375      0.543    6.41415    11.6545    11.6544    20.3963   11.65834 1.6093e+02      0.548 0.0000e+00
        258 235.667283    0.01785     1.0708     64.250  1020.3979  42736.905    26.9363      0.544    6.41418    11.6547    11.6545    20.3954   11.65840 1.6229e+02      0.549 0.0000e+00
        259 235.667286    0.01792     1.0750     64.500  1020.3968  42734.947    26.9350      0.543    6.41422    11.6550    11.6546    20.3943   11.65849 1.6321e+02      0.548 0.0000e+00
        260 235.667289    0.01799     1.0792     64.750  1020.3940  42729.813    26.9314      0.540    6.41435    11.6555    11.6547    20.3915   11.65874 1.6300e+02      0.545 0.0000e+00
        261 235.667292    0.01806     1.0833     65.000  1020.3897  42722.004    26.9260      0.538    6.41452    11.6561    11.6550    20.3873   11.65909 1.6173e+02      0.543 0.0000e+00
        262 235.667295    0.01812     1.0875     65.250  1020.3865  42716.093    26.9219      0.538    6.41461    11.6565    11.6556    20.3840   11.65929 1.5986e+02      0.543 0.0000e+00
        263 235.667297    0.01819     1.0917     65.500  1020.3860  42715.292    26.9214      0.542    6.41455    11.6566    11.6562    20.3835   11.65920 1.5871e+02      0.548 0.0000e+00
        264 235.667300    0.01826     1.0958     65.750  1020.3878  42718.655    26.9238      0.549    6.41441    11.6564    11.6566    20.3853   11.65892 1.5945e+02      0.554 0.0000e+00
        265 235.667303    0.01833     1.1000     66.000  1020.3902  42723.133    26.9269      0.554    6.41427    11.6563    11.6566    20.3877   11.65866 1.6172e+02      0.559 0.0000e+00
        266 235.667306    0.01840     1.1042     66.250  1020.3910  42724.459    26.9279      0.554    6.41425    11.6564    11.6565    20.3885   11.65862 1.6449e+02      0.559 0.0000e+00
        267 235.667309    0.01847     1.1083     66.500  1020.3881  42719.168    26.9242      0.546    6.41443    11.6569    11.6563    20.3856   11.65895 1.6804e+02      0.552 0.0000e+00
        268 235.667312    0.01854     1.1125     66.750  1020.3821  42708.081    26.9165      0.535    6.41472    11.6577    11.6564    20.3796   11.65954 1.7209e+02      0.540 0.0000e+00
        269 235.667315    0.01861     1.1167     67.000  1020.3760  42697.082    26.9089      0.526    6.41496    11.6584    11.6570    20.3736   11.66002 1.7295e+02      0.531 0.0000e+00
        270 235.667318    0.01868     1.1208     67.250  1020.3744  42694.202    26.9069      0.525    6.41492    11.6586    11.6578    20.3720   11.65998 1.6945e+02      0.530 0.0000e+00
        271 235.667321    0.01875     1.1250     67.500  1020.3795  42703.755    26.9136      0.533    6.41455    11.6581    11.6585    20.3771   11.65928 1.6562e+02      0.538 0.0000e+00
        272 235.667323    0.01882     1.1292     67.750  1020.3883  42719.971    26.9249      0.545    6.41407    11.6573    11.6587    20.3858   11.65835 1.6338e+02      0.550 0.0000e+00
        273 235.667326    0.01889     1.1333     68.000  1020.3954  42732.907    26.9339      0.556    6.41378    11.6565    11.6581    20.3928   11.65776 1.6254e+02      0.561 0.0000e+00
        274 235.667329    0.01896     1.1375     68.250  1020.3989  42739.231    26.9382      0.562    6.41372    11.6561    11.6573    20.3963   11.65761 1.6294e+02      0.567 0.0000e+00
        275 235.667332    0.01903     1.1417     68.500  1020.3994  42739.920    26.9386      0.562    6.41380    11.6559    11.6566    20.3968   11.65774 1.6358e+02      0.567 0.0000e+00
        276 235.667335    0.01910     1.1458     68.750  1020.3977  42736.655    26.9363      0.560    6.41396    11.6558    11.6561    20.3951   11.65803 1.6428e+02      0.565 0.0000e+00
        277 235.667338    0.01917     1.1500     69.000  1020.3957  42733.004    26.9337      0.559    6.41409    11.6558    11.6559    20.3931   11.65828 1.6432e+02      0.564 0.0000e+00
        278 235.667341    0.01924     1.1542     69.250  1020.3954  42732.385    26.9333      0.561    6.41411    11.6556    11.6559    20.3928   11.65832 1.6364e+02      0.566 0.0000e+00
        279 235.667344    0.01931     1.1583     69.500  1020.3964  42734.316    26.9346      0.566    6.41407    11.6553    11.6559    20.3938   11.65822 1.6367e+02      0.571 0.0000e+00
        280 235.667347    0.01938     1.1625     69.750  1020.3969  42735.225    26.9352      0.570    6.41407    11.6551    11.6557    20.3943   11.65822 1.6483e+02      0.575 0.0000e+00
        281 235.667350    0.01944     1.1667     70.000  1020.3953  42732.169    26.9331      0.570    6.41419    11.6549    11.6554    20.3927   11.65845 1.6694e+02      0.575 0.0000e+00
        282 235.667352    0.01951     1.1708     70.250  1020.3920  42725.887    26.9287      0.571    6.41440    11.6544    11.6551    20.3894   11.65885 1.6864e+02      0.576 0.0000e+00
        283 235.667355    0.01958     1.1750     70.500  1020.3910  42724.055    26.9274      0.580    6.41448    11.6527    11.6550    20.3884   11.65900 1.6720e+02      0.585 0.0000e+00
        284 235.667358    0.01965     1.1792     70.750  1020.3994  42739.185    26.9379      0.611    6.41413    11.6487    11.6545    20.3966   11.65828 1.6031e+02      0.616 0.0000e+00
        285 235.667361    0.01972     1.1833     71.000  1020.4243  42784.500    26.9694      0.674    6.41308    11.6409    11.6528    20.4213   11.65617 1.4805e+02      0.680 0.0000e+00
        286 235.667364    0.01979     1.1875     71.250  1020.4705  42868.329    27.0274      0.779    6.41128    11.6277    11.6488    20.4669   11.65248 1.3319e+02      0.786 0.0000e+00
        287 235.667367    0.01986     1.1917     71.500  1020.5367  42988.325    27.1103      0.926    6.40900    11.6074    11.6410    20.5325   11.64770 1.1796e+02      0.934 0.0000e+00
        288 235.667370    0.01993     1.1958     71.750  1020.6143  43127.996    27.2064      1.101    6.40692    11.5801    11.6278    20.6093   11.64309 1.0363e+02      1.111 0.0000e+00
        289 235.667373    0.02000     1.2000     72.000  1020.6924  43267.183    27.3016      1.288    6.40585    11.5485    11.6076    20.6865   11.64018 9.0717e+01      1.300 0.0000e+00
        290 235.667376    0.02007     1.2042     72.250  1020.7691  43402.398    27.3934      1.481    6.40590    11.5155    11.5803    20.7624   11.63916 7.8976e+01      1.495 0.0000e+00
        291 235.667378    0.02014     1.2083     72.500  1020.8479  43540.469    27.4868      1.683    6.40646    11.4816    11.5487    20.8402   11.63898 6.8310e+01      1.699 0.0000e+00
        292 235.667381    0.02021     1.2125     72.750  1020.9321  43688.191    27.5868      1.899    6.40695    11.4453    11.5157    20.9234   11.63859 5.8765e+01      1.917 0.0000e+00
        293 235.667384    0.02028     1.2167     73.000  1021.0238  43849.364    27.6962      2.134    6.40719    11.4049    11.4818    21.0140   11.63768 5.0410e+01      2.154 0.0000e+00
        294 235.667387    0.02035     1.2208     73.250  1021.1190  44016.468    27.8094      2.382    6.40759    11.3596    11.4456    21.1081   11.63698 4.3322e+01      2.405 0.0000e+00
        295 235.667390    0.02042     1.2250     73.500  1021.2124  44179.435    27.9194      2.637    6.40869    11.3103    11.4052    21.2003   11.63750 3.7494e+01      2.662 0.0000e+00
        296 235.667393    0.02049     1.2292     73.750  1021.3050  44340.118    28.0274      2.890    6.41056    11.2591    11.3599    21.2918   11.63932 3.2773e+01      2.917 0.0000e+00
        297 235.667396    0.02056     1.2333     74.000  1021.4042  44512.271    28.1430      3.135    6.41267    11.2080    11.3106    21.3899   11.64145 2.8903e+01      3.165 0.0000e+00
        298 235.667399    0.02063     1.2375     74.250  1021.5191  44712.907    28.2783      3.373    6.41423    11.1576    11.2595    21.5037   11.64242 2.5632e+01      3.404 0.0000e+00
        299 235.667402    0.02069     1.2417     74.500  1021.6487  44940.843    28.4328      3.606    6.41501    11.1096    11.2084    21.6323   11.64188 2.2783e+01      3.640 0.0000e+00
        300 235.667405    0.02076     1.2458     74.750  1021.7768  45166.003    28.5854      3.839    6.41577    11.0667    11.1580    21.7593   11.64132 2.0264e+01      3.875 0.0000e+00
        301 235.667407    0.02083     1.2500     75.000  1021.8883  45360.902    28.7171      4.074    6.41705    11.0298    11.1101    21.8696   11.64187 1.8053e+01      4.112 0.0000e+00
        302 235.667410    0.02090     1.2542     75.250  1021.9843  45528.371    28.8300      4.307    6.41839    10.9978    11.0672    21.9646   11.64275 1.6141e+01      4.348 0.0000e+00
        303 235.667413    0.02097     1.2583     75.500  1022.0701  45677.962    28.9310      4.538    6.41939    10.9704    11.0303    22.0493   11.64320 1.4500e+01      4.580 0.0000e+00
        304 235.667416    0.02104     1.2625     75.750  1022.1435  45805.700    29.0172      4.764    6.42030    10.9475    10.9984    22.1217   11.64369 1.3084e+01      4.809 0.0000e+00
        305 235.667419    0.02111     1.2667     76.000  1022.2053  45912.778    29.0894      4.989    6.42116    10.9282    10.9709    22.1824   11.64425 1.1840e+01      5.036 0.0000e+00
        306 235.667422    0.02118     1.2708     76.250  1022.2617  46010.858    29.1558      5.215    6.42163    10.9111    10.9480    22.2379   11.64424 1.0717e+01      5.264 0.0000e+00
        307 235.667425    0.02125     1.2750     76.500  1022.3189  46110.697    29.2238      5.448    6.42153    10.8946    10.9288    22.2940   11.64326 9.6815e+00      5.500 0.0000e+00
        308 235.667428    0.02132     1.2792     76.750  1022.3826  46222.893    29.3007      5.691    6.42076    10.8771    10.9118    22.3566   11.64107 8.7278e+00      5.745 0.0000e+00
        309 235.667431    0.02139     1.2833     77.000  1022.4596  46359.331    29.3947      5.943    6.41922    10.8579    10.8953    22.4325   11.63738 7.8655e+00      6.000 0.0000e+00
        310 235.667433    0.02146     1.2875     77.250  1022.5504  46520.902    29.5062      6.201    6.41709    10.8380    10.8778    22.5221   11.63253 7.1062e+00      6.259 0.0000e+00
        311 235.667436    0.02153     1.2917     77.500  1022.6464  46691.596    29.6240      6.457    6.41494    10.8194    10.8586    22.6170   11.62756 6.4516e+00      6.518 0.0000e+00
        312 235.667439    0.02160     1.2958     77.750  1022.7347  46848.031    29.7318      6.707    6.41330    10.8038    10.8388    22.7041   11.62355 5.8907e+00      6.771 0.0000e+00
        313 235.667442    0.02167     1.3000     78.000  1022.8065  46974.680    29.8187      6.952    6.41233    10.7917    10.8202    22.7748   11.62090 5.4047e+00      7.017 0.0000e+00
        314 235.667445    0.02174     1.3042     78.250  1022.8643  47076.051    29.8882      7.190    6.41166    10.7828    10.8046    22.8315   11.61896 4.9746e+00      7.258 0.0000e+00
        315 235.667448    0.02181     1.3083     78.500  1022.9105  47156.829    29.9436      7.425    6.41107    10.7764    10.7926    22.8766   11.61732 4.5870e+00      7.495 0.0000e+00
        316 235.667451    0.02187     1.3125     78.750  1022.9399  47207.505    29.9782      7.658    6.41089    10.7720    10.7837    22.9050   11.61661 4.2340e+00      7.730 0.0000e+00
        317 235.667454    0.02194     1.3167     79.000  1022.9544  47231.082    29.9940      7.890    6.41113    10.7691    10.7774    22.9184   11.61682 3.9111e+00      7.964 0.0000e+00
        318 235.667457    0.02201     1.3208     79.250  1022.9634  47245.025    30.0032      8.122    6.41136    10.7674    10.7730    22.9263   11.61709 3.6153e+00      8.199 0.0000e+00
        319 235.667459    0.02208     1.3250     79.500  1022.9719  47258.286    30.0122      8.353    6.41139    10.7666    10.7701    22.9337   11.61704 3.3432e+00      8.432 0.0000e+00
        320 235.667462    0.02215     1.3292     79.750  1022.9816  47274.049    30.0230      8.585    6.41119    10.7665    10.7684    22.9424   11.61657 3.0904e+00      8.667 0.0000e+00
        321 235.667465    0.02222     1.3333     80.000  1022.9963  47298.854    30.0402      8.820    6.41059    10.7672    10.7676    22.9560   11.61538 2.8536e+00      8.904 0.0000e+00
        322 235.667468    0.02229     1.3375     80.250  1023.0191  47338.753    30.0682      9.061    6.40945    10.7688    10.7676    22.9778   11.61316 2.6311e+00      9.147 0.0000e+00
        323 235.667471    0.02236     1.3417     80.500  1023.0485  47390.582    30.1047      9.310    6.40786    10.7714    10.7683    23.0060   11.61009 2.4223e+00      9.398 0.0000e+00
        324 235.667474    0.02243     1.3458     80.750  1023.0788  47444.144    30.1425      9.567    6.40610    10.7755    10.7699    23.0351   11.60672 2.2283e+00      9.658 0.0000e+00
        325 235.667477    0.02250     1.3500     81.000  1023.1070  47493.989    30.1778      9.828    6.40428    10.7809    10.7726    23.0622   11.60329 2.0520e+00      9.922 0.0000e+00
        326 235.667480    0.02257     1.3542     81.250  1023.1333  47540.489    30.2109     10.090    6.40237    10.7873    10.7767    23.0872   11.59972 1.8955e+00     10.185 0.0000e+00
        327 235.667483    0.02264     1.3583     81.500  1023.1581  47584.562    30.2425     10.347    6.40033    10.7942    10.7821    23.1109   11.59596 1.7576e+00     10.445 0.0000e+00
        328 235.667486    0.02271     1.3625     81.750  1023.1834  47629.786    30.2750     10.597    6.39812    10.8010    10.7886    23.1351   11.59191 1.6355e+00     10.697 0.0000e+00
        329 235.667488    0.02278     1.3667     82.000  1023.2121  47681.243    30.3119     10.840    6.39567    10.8070    10.7954    23.1626   11.58740 1.5251e+00     10.943 0.0000e+00
        330 235.667491    0.02285     1.3708     82.250  1023.2435  47737.689    30.3524     11.080    6.39308    10.8108    10.8023    23.1929   11.58262 1.4232e+00     11.185 0.0000e+00
        331 235.667494    0.02292     1.3750     82.500  1023.2752  47794.581    30.3930     11.319    6.39059    10.8105    10.8083    23.2236   11.57801 1.3281e+00     11.426 0.0000e+00
        332 235.667497    0.02299     1.3792     82.750  1023.3056  47848.701    30.4315     11.561    6.38849    10.8035    10.8121    23.2529   11.57408 1.2391e+00     11.671 0.0000e+00
        333 235.667500    0.02306     1.3833     83.000  1023.3326  47896.036    30.4648     11.806    6.38718    10.7874    10.8119    23.2788   11.57151 1.1564e+00     11.918 0.0000e+00
        334 235.667503    0.02313     1.3875     83.250  1023.3554  47934.643    30.4911     12.051    6.38707    10.7614    10.8049    23.3004   11.57101 1.0808e+00     12.166 0.0000e+00
        335 235.667506    0.02319     1.3917     83.500  1023.3767  47969.135    30.5136     12.295    6.38838    10.7278    10.7889    23.3206   11.57291 1.0124e+00     12.411 0.0000e+00
        336 235.667509    0.02326     1.3958     83.750  1023.4009  48007.525    30.5376     12.535    6.39099    10.6909    10.7629    23.3437   11.57696 9.5040e-01     12.653 0.0000e+00
        337 235.667512    0.02333     1.4000     84.000  1023.4296  48053.040    30.5658     12.770    6.39448    10.6534    10.7293    23.3713   11.58242 8.9437e-01     12.891 0.0000e+00
        338 235.667514    0.02340     1.4042     84.250  1023.4607  48102.377    30.5963     13.004    6.39835    10.6164    10.6924    23.4013   11.58848 8.4337e-01     13.127 0.0000e+00
        339 235.667517    0.02347     1.4083     84.500  1023.4919  48152.074    30.6270     13.237    6.40230    10.5818    10.6549    23.4315   11.59466 7.9658e-01     13.362 0.0000e+00
        340 235.667520    0.02354     1.4125     84.750  1023.5228  48201.105    30.6572     13.471    6.40619    10.5519    10.6179    23.4613   11.60076 7.5364e-01     13.598 0.0000e+00
