CTD-processing/allCTD/CNV--homogene/2018_12-06_alongbay_skb05_cast026.cnv
* Sea-Bird SBE19plus Data File:
* FileName = C:\Users\Kim.Powell\Desktop\Not Processed\2018\2018_12-06_AlongBay, T9_4141\2018_12-06_TRANSECT_STATION_cast026.hex
* Software Version 1.59
* Temperature SN =  4141
* Conductivity SN =  4141
* System UpLoad Time = Jan 10 2019 09:47:11
** 2018_12-06
** Station: KB05
** Start Time: 12:09
** Depth (m): 177
** Comment:
** Comment:
# nquan = 17
# nvalues = 1106                        
# units = specified
# name 0 = scan: Scan Count
# name 1 = timeJ: Julian Days
# name 2 = timeH: Time, Elapsed [hours]
# name 3 = timeM: Time, Elapsed [minutes]
# name 4 = timeS: Time, Elapsed [seconds]
# name 5 = density00: Density [density, kg/m^3]
# name 6 = specc: Specific Conductance [uS/cm]
# name 7 = sal00: Salinity, Practical [PSU]
# name 8 = depSM: Depth [salt water, m], lat = 59.00
# name 9 = oxsolML/L: Oxygen Saturation, Garcia & Gordon [ml/l]
# name 10 = potemp090C: Potential Temperature [ITS-90, deg C]
# name 11 = tv290C: Temperature [ITS-90, deg C]
# name 12 = sigma-é00: Density [sigma-theta, kg/m^3]
# name 13 = n2satML/L: Nitrogen Saturation [ml/l]
# name 14 = par: PAR/Irradiance, Biospherical/Licor
# name 15 = prdM: Pressure, Strain Gauge [db]
# name 16 = flag:  0.000e+00
# span 0 =          1,       1106       
# span 1 = 340.506713, 340.509910       
# span 2 =    0.00000,    0.07674       
# span 3 =     0.0000,     4.6042       
# span 4 =      0.000,    276.250       
# span 5 =  1023.8780,  1025.1238       
# span 6 =  48689.559,  49650.404       
# span 7 =    30.5566,    31.2608       
# span 8 =      0.331,    171.720       
# span 9 =    6.75253,    6.94135       
# span 10 =     7.0901,     8.0492      
# span 11 =     6.9347,     8.0658      
# span 12 =    23.8724,    24.3316      
# span 13 =   12.16702,   12.48251      
# span 14 = 3.6421e-02, 7.3712e+01      
# span 15 =      0.334,    173.413      
# span 16 = 0.0000e+00, 0.0000e+00      
# interval = seconds: 0.25
# start_time = Dec 06 2018 12:09:40 [Instrument's time stamp, header]
# bad_flag = -9.990e-29
*END*
[from data line 341]
        342 340.507700    0.02368     1.4208     85.250  1024.1582  49108.206    30.8712     13.500    6.84997     7.5456     7.5483    24.0956   12.33305 7.5619e+00     13.628 0.0000e+00
        343 340.507703    0.02375     1.4250     85.500  1024.1590  49108.001    30.8709     13.727    6.85009     7.5447     7.5476    24.0954   12.33325 7.3403e+00     13.857 0.0000e+00
        344 340.507705    0.02382     1.4292     85.750  1024.1597  49107.333    30.8702     13.960    6.85024     7.5435     7.5469    24.0950   12.33351 7.1200e+00     14.092 0.0000e+00
        345 340.507708    0.02389     1.4333     86.000  1024.1604  49106.849    30.8696     14.198    6.85041     7.5424     7.5460    24.0946   12.33380 6.9025e+00     14.333 0.0000e+00
        346 340.507711    0.02396     1.4375     86.250  1024.1618  49107.329    30.8696     14.441    6.85059     7.5414     7.5448    24.0948   12.33409 6.6903e+00     14.578 0.0000e+00
        347 340.507714    0.02403     1.4417     86.500  1024.1635  49108.521    30.8701     14.685    6.85074     7.5408     7.5437    24.0954   12.33433 6.4861e+00     14.824 0.0000e+00
        348 340.507717    0.02410     1.4458     86.750  1024.1652  49109.691    30.8707     14.927    6.85085     7.5403     7.5428    24.0959   12.33452 6.2930e+00     15.069 0.0000e+00
        349 340.507720    0.02417     1.4500     87.000  1024.1667  49110.665    30.8712     15.164    6.85093     7.5401     7.5422    24.0964   12.33464 6.1134e+00     15.307 0.0000e+00
        350 340.507723    0.02424     1.4542     87.250  1024.1682  49111.615    30.8717     15.391    6.85098     7.5400     7.5417    24.0968   12.33471 5.9478e+00     15.536 0.0000e+00
        351 340.507726    0.02431     1.4583     87.500  1024.1694  49112.182    30.8719     15.606    6.85100     7.5399     7.5415    24.0971   12.33475 5.7956e+00     15.753 0.0000e+00
        352 340.507729    0.02438     1.4625     87.750  1024.1703  49112.216    30.8719     15.810    6.85101     7.5399     7.5415    24.0970   12.33478 5.6547e+00     15.959 0.0000e+00
        353 340.507731    0.02444     1.4667     88.000  1024.1712  49112.273    30.8718     16.005    6.85102     7.5399     7.5414    24.0970   12.33479 5.5221e+00     16.157 0.0000e+00
        354 340.507734    0.02451     1.4708     88.250  1024.1721  49112.512    30.8719     16.195    6.85102     7.5400     7.5414    24.0970   12.33478 5.3944e+00     16.348 0.0000e+00
        355 340.507737    0.02458     1.4750     88.500  1024.1731  49112.774    30.8720     16.384    6.85101     7.5402     7.5415    24.0971   12.33476 5.2679e+00     16.539 0.0000e+00
        356 340.507740    0.02465     1.4792     88.750  1024.1740  49112.940    30.8720     16.576    6.85099     7.5402     7.5416    24.0971   12.33473 5.1401e+00     16.733 0.0000e+00
        357 340.507743    0.02472     1.4833     89.000  1024.1747  49112.828    30.8719     16.773    6.85098     7.5402     7.5417    24.0970   12.33471 5.0100e+00     16.932 0.0000e+00
        358 340.507746    0.02479     1.4875     89.250  1024.1755  49112.553    30.8716     16.977    6.85097     7.5399     7.5418    24.0968   12.33471 4.8776e+00     17.138 0.0000e+00
        359 340.507749    0.02486     1.4917     89.500  1024.1763  49112.444    30.8714     17.191    6.85099     7.5396     7.5418    24.0966   12.33473 4.7430e+00     17.354 0.0000e+00
        360 340.507752    0.02493     1.4958     89.750  1024.1774  49112.596    30.8714     17.417    6.85102     7.5393     7.5416    24.0967   12.33478 4.6058e+00     17.582 0.0000e+00
        361 340.507755    0.02500     1.5000     90.000  1024.1785  49112.691    30.8713     17.654    6.85107     7.5387     7.5413    24.0967   12.33487 4.4666e+00     17.822 0.0000e+00
        362 340.507758    0.02507     1.5042     90.250  1024.1794  49112.438    30.8710     17.903    6.85114     7.5380     7.5409    24.0964   12.33499 4.3264e+00     18.073 0.0000e+00
        363 340.507760    0.02514     1.5083     90.500  1024.1802  49111.898    30.8704     18.160    6.85125     7.5368     7.5404    24.0960   12.33517 4.1879e+00     18.332 0.0000e+00
        364 340.507763    0.02521     1.5125     90.750  1024.1809  49110.991    30.8695     18.419    6.85140     7.5353     7.5396    24.0955   12.33544 4.0545e+00     18.593 0.0000e+00
        365 340.507766    0.02528     1.5167     91.000  1024.1813  49109.662    30.8683     18.674    6.85163     7.5332     7.5386    24.0947   12.33583 3.9287e+00     18.851 0.0000e+00
        366 340.507769    0.02535     1.5208     91.250  1024.1816  49108.390    30.8670     18.918    6.85192     7.5309     7.5370    24.0939   12.33634 3.8120e+00     19.098 0.0000e+00
        367 340.507772    0.02542     1.5250     91.500  1024.1823  49107.778    30.8662     19.149    6.85228     7.5284     7.5350    24.0935   12.33694 3.7045e+00     19.331 0.0000e+00
        368 340.507775    0.02549     1.5292     91.750  1024.1834  49108.058    30.8659     19.366    6.85267     7.5261     7.5326    24.0936   12.33758 3.6055e+00     19.550 0.0000e+00
        369 340.507778    0.02556     1.5333     92.000  1024.1847  49108.730    30.8659     19.572    6.85305     7.5238     7.5302    24.0939   12.33820 3.5142e+00     19.758 0.0000e+00
        370 340.507781    0.02562     1.5375     92.250  1024.1858  49109.199    30.8658     19.769    6.85341     7.5215     7.5279    24.0941   12.33881 3.4283e+00     19.957 0.0000e+00
        371 340.507784    0.02569     1.5417     92.500  1024.1869  49109.645    30.8656     19.963    6.85378     7.5192     7.5257    24.0943   12.33941 3.3445e+00     20.152 0.0000e+00
        372 340.507786    0.02576     1.5458     92.750  1024.1884  49110.780    30.8660     20.160    6.85413     7.5172     7.5233    24.0949   12.33999 3.2602e+00     20.351 0.0000e+00
        373 340.507789    0.02583     1.5500     93.000  1024.1904  49112.890    30.8670     20.364    6.85444     7.5157     7.5210    24.0960   12.34050 3.1740e+00     20.558 0.0000e+00
        374 340.507792    0.02590     1.5542     93.250  1024.1927  49115.386    30.8683     20.581    6.85469     7.5148     7.5190    24.0973   12.34090 3.0848e+00     20.776 0.0000e+00
        375 340.507795    0.02597     1.5583     93.500  1024.1950  49117.638    30.8695     20.810    6.85486     7.5143     7.5176    24.0985   12.34116 2.9924e+00     21.008 0.0000e+00
        376 340.507798    0.02604     1.5625     93.750  1024.1969  49119.234    30.8704     21.053    6.85496     7.5140     7.5167    24.0993   12.34132 2.8984e+00     21.253 0.0000e+00
        377 340.507801    0.02611     1.5667     94.000  1024.1981  49119.548    30.8704     21.305    6.85504     7.5135     7.5162    24.0994   12.34145 2.8043e+00     21.507 0.0000e+00
        378 340.507804    0.02618     1.5708     94.250  1024.1988  49118.701    30.8696     21.562    6.85511     7.5129     7.5159    24.0988   12.34159 2.7121e+00     21.766 0.0000e+00
        379 340.507807    0.02625     1.5750     94.500  1024.1996  49118.133    30.8691     21.819    6.85520     7.5124     7.5155    24.0984   12.34174 2.6238e+00     22.026 0.0000e+00
        380 340.507810    0.02632     1.5792     94.750  1024.2010  49118.738    30.8693     22.071    6.85528     7.5121     7.5150    24.0987   12.34187 2.5403e+00     22.280 0.0000e+00
        381 340.507813    0.02639     1.5833     95.000  1024.2027  49119.957    30.8699     22.316    6.85534     7.5119     7.5144    24.0993   12.34195 2.4616e+00     22.527 0.0000e+00
        382 340.507815    0.02646     1.5875     95.250  1024.2044  49121.164    30.8706     22.552    6.85536     7.5119     7.5141    24.0999   12.34198 2.3876e+00     22.766 0.0000e+00
        383 340.507818    0.02653     1.5917     95.500  1024.2060  49122.393    30.8714     22.780    6.85535     7.5119     7.5140    24.1005   12.34195 2.3180e+00     22.996 0.0000e+00
        384 340.507821    0.02660     1.5958     95.750  1024.2078  49123.955    30.8724     23.001    6.85530     7.5121     7.5140    24.1012   12.34186 2.2524e+00     23.220 0.0000e+00
        385 340.507824    0.02667     1.6000     96.000  1024.2100  49126.146    30.8738     23.217    6.85523     7.5127     7.5140    24.1023   12.34172 2.1903e+00     23.437 0.0000e+00
        386 340.507827    0.02674     1.6042     96.250  1024.2125  49129.136    30.8758     23.429    6.85510     7.5137     7.5143    24.1039   12.34148 2.1307e+00     23.651 0.0000e+00
        387 340.507830    0.02681     1.6083     96.500  1024.2151  49132.299    30.8780     23.639    6.85491     7.5151     7.5149    24.1055   12.34114 2.0727e+00     23.863 0.0000e+00
        388 340.507833    0.02688     1.6125     96.750  1024.2173  49134.568    30.8797     23.850    6.85467     7.5165     7.5159    24.1067   12.34072 2.0158e+00     24.076 0.0000e+00
        389 340.507836    0.02694     1.6167     97.000  1024.2189  49135.895    30.8807     24.063    6.85440     7.5179     7.5173    24.1073   12.34028 1.9596e+00     24.291 0.0000e+00
        390 340.507839    0.02701     1.6208     97.250  1024.2205  49137.056    30.8816     24.279    6.85414     7.5193     7.5188    24.1079   12.33982 1.9038e+00     24.509 0.0000e+00
        391 340.507841    0.02708     1.6250     97.500  1024.2222  49138.447    30.8827     24.499    6.85387     7.5208     7.5202    24.1085   12.33936 1.8484e+00     24.732 0.0000e+00
        392 340.507844    0.02715     1.6292     97.750  1024.2238  49139.640    30.8837     24.723    6.85360     7.5222     7.5216    24.1091   12.33890 1.7939e+00     24.958 0.0000e+00
        393 340.507847    0.02722     1.6333     98.000  1024.2251  49140.279    30.8843     24.951    6.85334     7.5237     7.5231    24.1094   12.33847 1.7401e+00     25.188 0.0000e+00
        394 340.507850    0.02729     1.6375     98.250  1024.2264  49140.856    30.8848     25.184    6.85309     7.5251     7.5245    24.1096   12.33804 1.6869e+00     25.423 0.0000e+00
        395 340.507853    0.02736     1.6417     98.500  1024.2279  49141.855    30.8856     25.419    6.85283     7.5266     7.5259    24.1101   12.33760 1.6347e+00     25.661 0.0000e+00
        396 340.507856    0.02743     1.6458     98.750  1024.2296  49143.096    30.8866     25.656    6.85255     7.5282     7.5274    24.1107   12.33713 1.5843e+00     25.900 0.0000e+00
        397 340.507859    0.02750     1.6500     99.000  1024.2312  49144.324    30.8876     25.891    6.85227     7.5297     7.5289    24.1112   12.33665 1.5362e+00     26.137 0.0000e+00
        398 340.507862    0.02757     1.6542     99.250  1024.2329  49145.562    30.8886     26.122    6.85198     7.5312     7.5305    24.1118   12.33616 1.4906e+00     26.371 0.0000e+00
        399 340.507865    0.02764     1.6583     99.500  1024.2345  49146.701    30.8896     26.347    6.85170     7.5327     7.5321    24.1123   12.33567 1.4474e+00     26.598 0.0000e+00
        400 340.507867    0.02771     1.6625     99.750  1024.2358  49147.427    30.8902     26.566    6.85142     7.5340     7.5336    24.1127   12.33521 1.4063e+00     26.818 0.0000e+00
        401 340.507870    0.02778     1.6667    100.000  1024.2368  49147.711    30.8905     26.779    6.85117     7.5351     7.5351    24.1127   12.33479 1.3670e+00     27.034 0.0000e+00
        402 340.507873    0.02785     1.6708    100.250  1024.2377  49147.630    30.8906     26.991    6.85096     7.5360     7.5364    24.1126   12.33445 1.3287e+00     27.247 0.0000e+00
        403 340.507876    0.02792     1.6750    100.500  1024.2384  49147.181    30.8904     27.205    6.85080     7.5366     7.5375    24.1123   12.33418 1.2907e+00     27.464 0.0000e+00
        404 340.507879    0.02799     1.6792    100.750  1024.2390  49146.599    30.8900     27.426    6.85067     7.5371     7.5384    24.1119   12.33397 1.2528e+00     27.686 0.0000e+00
        405 340.507882    0.02806     1.6833    101.000  1024.2397  49146.136    30.8897     27.654    6.85058     7.5375     7.5391    24.1115   12.33382 1.2148e+00     27.916 0.0000e+00
        406 340.507885    0.02813     1.6875    101.250  1024.2406  49145.871    30.8895     27.888    6.85051     7.5377     7.5397    24.1113   12.33371 1.1771e+00     28.153 0.0000e+00
        407 340.507888    0.02819     1.6917    101.500  1024.2415  49145.767    30.8894     28.125    6.85045     7.5379     7.5400    24.1112   12.33362 1.1403e+00     28.393 0.0000e+00
        408 340.507891    0.02826     1.6958    101.750  1024.2426  49145.787    30.8894     28.363    6.85041     7.5380     7.5403    24.1111   12.33356 1.1049e+00     28.633 0.0000e+00
        409 340.507894    0.02833     1.7000    102.000  1024.2437  49146.086    30.8895     28.600    6.85038     7.5383     7.5404    24.1112   12.33350 1.0710e+00     28.872 0.0000e+00
        410 340.507896    0.02840     1.7042    102.250  1024.2451  49146.719    30.8899     28.832    6.85033     7.5387     7.5406    24.1115   12.33342 1.0388e+00     29.107 0.0000e+00
        411 340.507899    0.02847     1.7083    102.500  1024.2466  49147.742    30.8905     29.060    6.85026     7.5394     7.5409    24.1119   12.33329 1.0082e+00     29.336 0.0000e+00
        412 340.507902    0.02854     1.7125    102.750  1024.2485  49149.389    30.8916     29.283    6.85014     7.5404     7.5414    24.1127   12.33307 9.7931e-01     29.561 0.0000e+00
        413 340.507905    0.02861     1.7167    103.000  1024.2506  49151.617    30.8932     29.500    6.84996     7.5417     7.5421    24.1139   12.33276 9.5198e-01     29.780 0.0000e+00
        414 340.507908    0.02868     1.7208    103.250  1024.2529  49154.120    30.8950     29.711    6.84972     7.5434     7.5431    24.1152   12.33234 9.2604e-01     29.993 0.0000e+00
        415 340.507911    0.02875     1.7250    103.500  1024.2550  49156.403    30.8967     29.916    6.84943     7.5453     7.5444    24.1163   12.33183 9.0126e-01     30.201 0.0000e+00
        416 340.507914    0.02882     1.7292    103.750  1024.2567  49157.948    30.8980     30.120    6.84911     7.5471     7.5461    24.1171   12.33128 8.7725e-01     30.406 0.0000e+00
        417 340.507917    0.02889     1.7333    104.000  1024.2581  49158.957    30.8989     30.324    6.84878     7.5488     7.5480    24.1176   12.33073 8.5362e-01     30.612 0.0000e+00
        418 340.507920    0.02896     1.7375    104.250  1024.2596  49160.065    30.8999     30.531    6.84845     7.5504     7.5498    24.1181   12.33017 8.3006e-01     30.822 0.0000e+00
        419 340.507922    0.02903     1.7417    104.500  1024.2610  49161.097    30.9008     30.744    6.84813     7.5518     7.5516    24.1186   12.32964 8.0662e-01     31.036 0.0000e+00
        420 340.507925    0.02910     1.7458    104.750  1024.2620  49161.272    30.9011     30.961    6.84786     7.5530     7.5532    24.1186   12.32919 7.8355e-01     31.255 0.0000e+00
        421 340.507928    0.02917     1.7500    105.000  1024.2627  49160.825    30.9009     31.179    6.84764     7.5540     7.5547    24.1182   12.32883 7.6102e-01     31.476 0.0000e+00
        422 340.507931    0.02924     1.7542    105.250  1024.2635  49160.628    30.9008     31.395    6.84745     7.5548     7.5559    24.1181   12.32851 7.3926e-01     31.694 0.0000e+00
        423 340.507934    0.02931     1.7583    105.500  1024.2644  49160.627    30.9009     31.606    6.84729     7.5554     7.5569    24.1180   12.32825 7.1844e-01     31.907 0.0000e+00
        424 340.507937    0.02937     1.7625    105.750  1024.2653  49160.565    30.9009     31.813    6.84717     7.5559     7.5577    24.1179   12.32804 6.9857e-01     32.116 0.0000e+00
        425 340.507940    0.02944     1.7667    106.000  1024.2662  49160.689    30.9010     32.018    6.84706     7.5564     7.5584    24.1179   12.32787 6.7948e-01     32.323 0.0000e+00
