CTD-processing/allCTD/CNV--homogene/2018_03-02_t9_s03_cast013.cnv
* Sea-Bird SBE19plus Data File:
* FileName = C:\Users\Kim.Powell\Desktop\Not Processed\2018\2018_03-02_AlongBay,T9_5028\2018_03-02_TRANSECT_STATION_cast013.hex
* Software Version 1.59
* Temperature SN =  5028
* Conductivity SN =  5028
* System UpLoad Time = Mar 05 2018 11:32:47
** 2018_03-02
** Station: 9-03
** Start Time: 14:06
** Depth (m): 97.5
** Comment:**CTD time 1 hour off
** Comment:
# nquan = 17
# nvalues = 759                         
# units = specified
# name 0 = scan: Scan Count
# name 1 = timeJ: Julian Days
# name 2 = timeH: Time, Elapsed [hours]
# name 3 = timeM: Time, Elapsed [minutes]
# name 4 = timeS: Time, Elapsed [seconds]
# name 5 = density00: Density [density, kg/m^3]
# name 6 = specc: Specific Conductance [uS/cm]
# name 7 = sal00: Salinity, Practical [PSU]
# name 8 = depSM: Depth [salt water, m], lat = 59.00
# name 9 = oxsolML/L: Oxygen Saturation, Garcia & Gordon [ml/l]
# name 10 = potemp090C: Potential Temperature [ITS-90, deg C]
# name 11 = tv290C: Temperature [ITS-90, deg C]
# name 12 = sigma-é00: Density [sigma-theta, kg/m^3]
# name 13 = n2satML/L: Nitrogen Saturation [ml/l]
# name 14 = par: PAR/Irradiance, Biospherical/Licor
# name 15 = prdM: Pressure, Strain Gauge [db]
# name 16 = flag:  0.000e+00
# span 0 =          1,        759       
# span 1 =  61.629595,  61.631788       
# span 2 =    0.00000,    0.05264       
# span 3 =     0.0000,     3.1583       
# span 4 =      0.000,    189.500       
# span 5 =  1000.6385,  1025.6378       
# span 6 =   1794.044,  51458.208       
# span 7 =     0.8684,    31.7341       
# span 8 =      0.008,     94.350       
# span 9 =    7.41458,    9.70185       
# span 10 =     1.6991,     3.9487      
# span 11 =     1.6856,     3.9547      
# span 12 =     0.6384,    25.1944      
# span 13 =   13.25493,   17.52333      
# span 14 = 3.7976e-02, 2.8857e+02      
# span 15 =      0.008,     95.262      
# span 16 = 0.0000e+00, 0.0000e+00      
# interval = seconds: 0.25
# start_time = Mar 02 2018 15:06:37 [Instrument's time stamp, header]
# bad_flag = -9.990e-29
*END*
[from data line 171]
        172  61.630090    0.01188     0.7125     42.750  1025.0039  51288.920    31.3569      0.982    7.66046     2.7305     2.7368    24.9992   13.66559 7.8725e+01      0.992 0.0000e+00
        173  61.630093    0.01194     0.7167     43.000  1025.0030  51287.824    31.3558      0.972    7.66077     2.7233     2.7355    24.9984   13.66612 7.8290e+01      0.981 0.0000e+00
        174  61.630095    0.01201     0.7208     43.250  1025.0066  51295.863    31.3599      0.958    7.66151     2.7164     2.7305    25.0021   13.66729 7.7657e+01      0.967 0.0000e+00
        175  61.630098    0.01208     0.7250     43.500  1025.0136  51310.811    31.3681      0.945    7.66246     2.7122     2.7233    25.0092   13.66875 7.7279e+01      0.954 0.0000e+00
        176  61.630101    0.01215     0.7292     43.750  1025.0219  51327.950    31.3778      0.938    7.66326     2.7120     2.7165    25.0175   13.66995 7.7166e+01      0.947 0.0000e+00
        177  61.630104    0.01222     0.7333     44.000  1025.0289  51341.941    31.3861      0.940    7.66364     2.7162     2.7122    25.0244   13.67046 7.7503e+01      0.949 0.0000e+00
        178  61.630107    0.01229     0.7375     44.250  1025.0320  51347.684    31.3899      0.953    7.66348     2.7231     2.7120    25.0275   13.67014 7.8362e+01      0.962 0.0000e+00
        179  61.630110    0.01236     0.7417     44.500  1025.0296  51341.993    31.3872      0.969    7.66281     2.7295     2.7162    25.0250   13.66908 7.9178e+01      0.978 0.0000e+00
        180  61.630113    0.01243     0.7458     44.750  1025.0225  51326.957    31.3789      0.983    7.66191     2.7324     2.7232    25.0178   13.66771 7.9561e+01      0.992 0.0000e+00
        181  61.630116    0.01250     0.7500     45.000  1025.0145  51310.439    31.3695      0.987    7.66119     2.7309     2.7295    25.0098   13.66664 7.9725e+01      0.996 0.0000e+00
        182  61.630119    0.01257     0.7542     45.250  1025.0097  51300.841    31.3638      0.980    7.66092     2.7261     2.7325    25.0050   13.66627 7.9786e+01      0.990 0.0000e+00
        183  61.630122    0.01264     0.7583     45.500  1025.0101  51302.054    31.3643      0.967    7.66119     2.7206     2.7310    25.0055   13.66671 7.9638e+01      0.976 0.0000e+00
        184  61.630124    0.01271     0.7625     45.750  1025.0151  51312.673    31.3701      0.952    7.66181     2.7169     2.7261    25.0106   13.66765 7.9311e+01      0.961 0.0000e+00
        185  61.630127    0.01278     0.7667     46.000  1025.0224  51327.789    31.3788      0.942    7.66240     2.7166     2.7206    25.0180   13.66852 7.8918e+01      0.951 0.0000e+00
        186  61.630130    0.01285     0.7708     46.250  1025.0291  51341.091    31.3868      0.942    7.66269     2.7201     2.7169    25.0246   13.66889 7.8677e+01      0.951 0.0000e+00
        187  61.630133    0.01292     0.7750     46.500  1025.0322  51346.908    31.3907      0.950    7.66255     2.7259     2.7166    25.0277   13.66860 7.8751e+01      0.959 0.0000e+00
        188  61.630136    0.01299     0.7792     46.750  1025.0304  51342.651    31.3887      0.963    7.66199     2.7317     2.7201    25.0259   13.66769 7.9106e+01      0.972 0.0000e+00
        189  61.630139    0.01306     0.7833     47.000  1025.0246  51330.227    31.3819      0.975    7.66123     2.7356     2.7259    25.0200   13.66653 7.9997e+01      0.984 0.0000e+00
        190  61.630142    0.01313     0.7875     47.250  1025.0173  51315.091    31.3732      0.982    7.66058     2.7371     2.7317    25.0126   13.66558 8.1339e+01      0.991 0.0000e+00
        191  61.630145    0.01319     0.7917     47.500  1025.0112  51302.767    31.3660      0.983    7.66021     2.7359     2.7356    25.0065   13.66507 8.2306e+01      0.992 0.0000e+00
        192  61.630148    0.01326     0.7958     47.750  1025.0078  51296.141    31.3619      0.980    7.66014     2.7328     2.7371    25.0031   13.66501 8.2501e+01      0.989 0.0000e+00
        193  61.630150    0.01333     0.8000     48.000  1025.0074  51295.766    31.3613      0.975    7.66039     2.7289     2.7359    25.0027   13.66543 8.2158e+01      0.984 0.0000e+00
        194  61.630153    0.01340     0.8042     48.250  1025.0094  51300.248    31.3635      0.970    7.66086     2.7250     2.7328    25.0047   13.66618 8.1835e+01      0.979 0.0000e+00
        195  61.630156    0.01347     0.8083     48.500  1025.0124  51306.859    31.3669      0.966    7.66144     2.7213     2.7289    25.0078   13.66708 8.1769e+01      0.976 0.0000e+00
        196  61.630159    0.01354     0.8125     48.750  1025.0153  51313.305    31.3702      0.962    7.66202     2.7178     2.7250    25.0107   13.66800 8.1622e+01      0.972 0.0000e+00
        197  61.630162    0.01361     0.8167     49.000  1025.0179  51319.189    31.3732      0.957    7.66257     2.7147     2.7213    25.0134   13.66887 8.1739e+01      0.966 0.0000e+00
        198  61.630165    0.01368     0.8208     49.250  1025.0208  51325.363    31.3765      0.950    7.66306     2.7122     2.7178    25.0163   13.66963 8.2866e+01      0.959 0.0000e+00
        199  61.630168    0.01375     0.8250     49.500  1025.0241  51332.344    31.3803      0.944    7.66345     2.7105     2.7147    25.0196   13.67022 8.4116e+01      0.953 0.0000e+00
        200  61.630171    0.01382     0.8292     49.750  1025.0279  51340.098    31.3849      0.943    7.66370     2.7102     2.7122    25.0234   13.67057 8.4091e+01      0.952 0.0000e+00
        201  61.630174    0.01389     0.8333     50.000  1025.0317  51347.529    31.3894      0.949    7.66377     2.7114     2.7106    25.0272   13.67064 8.3532e+01      0.957 0.0000e+00
        202  61.630177    0.01396     0.8375     50.250  1025.0342  51352.195    31.3925      0.958    7.66368     2.7136     2.7103    25.0297   13.67044 8.3262e+01      0.967 0.0000e+00
        203  61.630179    0.01403     0.8417     50.500  1025.0342  51351.850    31.3925      0.969    7.66345     2.7159     2.7114    25.0296   13.67007 8.2747e+01      0.978 0.0000e+00
        204  61.630182    0.01410     0.8458     50.750  1025.0317  51346.539    31.3896      0.975    7.66318     2.7171     2.7137    25.0271   13.66966 8.2037e+01      0.984 0.0000e+00
        205  61.630185    0.01417     0.8500     51.000  1025.0282  51339.393    31.3854      0.975    7.66296     2.7164     2.7160    25.0235   13.66935 8.1425e+01      0.984 0.0000e+00
        206  61.630188    0.01424     0.8542     51.250  1025.0257  51334.529    31.3824      0.967    7.66290     2.7139     2.7171    25.0211   13.66928 8.1444e+01      0.977 0.0000e+00
        207  61.630191    0.01431     0.8583     51.500  1025.0255  51334.442    31.3822      0.954    7.66304     2.7105     2.7164    25.0210   13.66952 8.2704e+01      0.963 0.0000e+00
        208  61.630194    0.01438     0.8625     51.750  1025.0279  51339.633    31.3850      0.940    7.66337     2.7077     2.7139    25.0234   13.67003 8.4480e+01      0.949 0.0000e+00
        209  61.630197    0.01444     0.8667     52.000  1025.0322  51348.669    31.3902      0.930    7.66375     2.7068     2.7105    25.0278   13.67058 8.5892e+01      0.939 0.0000e+00
        210  61.630200    0.01451     0.8708     52.250  1025.0371  51358.467    31.3961      0.929    7.66397     2.7085     2.7077    25.0327   13.67087 8.6917e+01      0.938 0.0000e+00
        211  61.630203    0.01458     0.8750     52.500  1025.0407  51365.247    31.4004      0.937    7.66392     2.7130     2.7068    25.0362   13.67073 8.7415e+01      0.946 0.0000e+00
        212  61.630205    0.01465     0.8792     52.750  1025.0412  51365.716    31.4011      0.951    7.66355     2.7194     2.7086    25.0367   13.67012 8.7261e+01      0.960 0.0000e+00
        213  61.630208    0.01472     0.8833     53.000  1025.0379  51358.201    31.3973      0.965    7.66289     2.7254     2.7131    25.0333   13.66907 8.7334e+01      0.974 0.0000e+00
        214  61.630211    0.01479     0.8875     53.250  1025.0312  51344.164    31.3896      0.976    7.66208     2.7292     2.7195    25.0266   13.66784 8.8124e+01      0.985 0.0000e+00
        215  61.630214    0.01486     0.8917     53.500  1025.0237  51328.703    31.3808      0.979    7.66139     2.7300     2.7255    25.0191   13.66681 8.8858e+01      0.989 0.0000e+00
        216  61.630217    0.01493     0.8958     53.750  1025.0181  51317.238    31.3741      0.976    7.66100     2.7276     2.7293    25.0134   13.66627 8.9343e+01      0.985 0.0000e+00
        217  61.630220    0.01500     0.9000     54.000  1025.0156  51312.597    31.3711      0.966    7.66101     2.7232     2.7300    25.0110   13.66632 8.9848e+01      0.976 0.0000e+00
        218  61.630223    0.01507     0.9042     54.250  1025.0166  51315.128    31.3722      0.954    7.66141     2.7184     2.7277    25.0121   13.66696 9.0334e+01      0.963 0.0000e+00
        219  61.630226    0.01514     0.9083     54.500  1025.0202  51323.002    31.3764      0.941    7.66203     2.7146     2.7233    25.0157   13.66793 9.0784e+01      0.950 0.0000e+00
        220  61.630229    0.01521     0.9125     54.750  1025.0251  51333.380    31.3821      0.930    7.66265     2.7124     2.7185    25.0207   13.66888 9.1045e+01      0.939 0.0000e+00
        221  61.630231    0.01528     0.9167     55.000  1025.0302  51343.949    31.3882      0.924    7.66307     2.7121     2.7147    25.0258   13.66949 9.1316e+01      0.933 0.0000e+00
        222  61.630234    0.01535     0.9208     55.250  1025.0349  51353.264    31.3938      0.924    7.66320     2.7138     2.7125    25.0306   13.66962 9.1761e+01      0.933 0.0000e+00
        223  61.630237    0.01542     0.9250     55.500  1025.0386  51360.050    31.3983      0.931    7.66302     2.7177     2.7121    25.0342   13.66927 9.1953e+01      0.940 0.0000e+00
        224  61.630240    0.01549     0.9292     55.750  1025.0401  51362.319    31.4003      0.946    7.66259     2.7234     2.7138    25.0356   13.66853 9.1875e+01      0.955 0.0000e+00
        225  61.630243    0.01556     0.9333     56.000  1025.0382  51357.707    31.3982      0.962    7.66193     2.7288     2.7178    25.0337   13.66748 9.1843e+01      0.971 0.0000e+00
        226  61.630246    0.01563     0.9375     56.250  1025.0327  51345.880    31.3918      0.975    7.66118     2.7317     2.7235    25.0281   13.66633 9.2120e+01      0.985 0.0000e+00
        227  61.630249    0.01569     0.9417     56.500  1025.0256  51331.259    31.3834      0.980    7.66059     2.7308     2.7289    25.0209   13.66546 9.3197e+01      0.989 0.0000e+00
        228  61.630252    0.01576     0.9458     56.750  1025.0205  51321.070    31.3773      0.973    7.66035     2.7264     2.7318    25.0158   13.66515 9.4624e+01      0.982 0.0000e+00
        229  61.630255    0.01583     0.9500     57.000  1025.0199  51320.361    31.3766      0.959    7.66057     2.7207     2.7309    25.0153   13.66552 9.5450e+01      0.968 0.0000e+00
        230  61.630258    0.01590     0.9542     57.250  1025.0242  51329.547    31.3816      0.942    7.66114     2.7159     2.7265    25.0197   13.66640 9.5911e+01      0.951 0.0000e+00
        231  61.630260    0.01597     0.9583     57.500  1025.0315  51344.639    31.3902      0.931    7.66179     2.7135     2.7208    25.0270   13.66735 9.6018e+01      0.939 0.0000e+00
        232  61.630263    0.01604     0.9625     57.750  1025.0388  51359.426    31.3989      0.929    7.66225     2.7143     2.7160    25.0343   13.66800 9.5465e+01      0.937 0.0000e+00
        233  61.630266    0.01611     0.9667     58.000  1025.0434  51368.549    31.4044      0.935    7.66241     2.7179     2.7136    25.0389   13.66819 9.4835e+01      0.944 0.0000e+00
        234  61.630269    0.01618     0.9708     58.250  1025.0439  51369.273    31.4051      0.947    7.66223     2.7224     2.7144    25.0394   13.66787 9.4691e+01      0.956 0.0000e+00
        235  61.630272    0.01625     0.9750     58.500  1025.0405  51361.950    31.4011      0.960    7.66175     2.7257     2.7179    25.0360   13.66715 9.5054e+01      0.969 0.0000e+00
        236  61.630275    0.01632     0.9792     58.750  1025.0350  51350.424    31.3946      0.968    7.66124     2.7267     2.7224    25.0304   13.66638 9.5792e+01      0.977 0.0000e+00
        237  61.630278    0.01639     0.9833     59.000  1025.0299  51340.114    31.3885      0.970    7.66092     2.7252     2.7257    25.0253   13.66595 9.6676e+01      0.979 0.0000e+00
        238  61.630281    0.01646     0.9875     59.250  1025.0271  51334.600    31.3851      0.964    7.66091     2.7216     2.7268    25.0224   13.66596 9.7490e+01      0.973 0.0000e+00
        239  61.630284    0.01653     0.9917     59.500  1025.0272  51335.260    31.3851      0.953    7.66120     2.7170     2.7253    25.0226   13.66644 9.8117e+01      0.962 0.0000e+00
        240  61.630286    0.01660     0.9958     59.750  1025.0301  51341.812    31.3885      0.941    7.66172     2.7129     2.7216    25.0256   13.66726 9.8561e+01      0.950 0.0000e+00
        241  61.630289    0.01667     1.0000     60.000  1025.0350  51352.072    31.3942      0.931    7.66230     2.7102     2.7170    25.0305   13.66814 9.9255e+01      0.940 0.0000e+00
        242  61.630292    0.01674     1.0042     60.250  1025.0403  51363.015    31.4005      0.926    7.66274     2.7091     2.7129    25.0359   13.66878 1.0023e+02      0.934 0.0000e+00
        243  61.630295    0.01681     1.0083     60.500  1025.0449  51372.159    31.4060      0.926    7.66297     2.7096     2.7103    25.0404   13.66908 1.0082e+02      0.935 0.0000e+00
        244  61.630298    0.01688     1.0125     60.750  1025.0478  51377.894    31.4095      0.932    7.66300     2.7119     2.7091    25.0434   13.66909 1.0117e+02      0.941 0.0000e+00
        245  61.630301    0.01694     1.0167     61.000  1025.0487  51379.395    31.4107      0.942    7.66284     2.7159     2.7096    25.0442   13.66882 1.0171e+02      0.951 0.0000e+00
        246  61.630304    0.01701     1.0208     61.250  1025.0475  51376.526    31.4093      0.954    7.66248     2.7214     2.7119    25.0430   13.66824 1.0204e+02      0.963 0.0000e+00
        247  61.630307    0.01708     1.0250     61.500  1025.0443  51369.462    31.4056      0.968    7.66190     2.7272     2.7159    25.0398   13.66733 1.0173e+02      0.977 0.0000e+00
        248  61.630310    0.01715     1.0292     61.750  1025.0394  51358.729    31.3999      0.980    7.66115     2.7315     2.7214    25.0347   13.66617 1.0094e+02      0.989 0.0000e+00
        249  61.630313    0.01722     1.0333     62.000  1025.0335  51346.245    31.3930      0.988    7.66040     2.7330     2.7272    25.0288   13.66503 9.9886e+01      0.997 0.0000e+00
        250  61.630315    0.01729     1.0375     62.250  1025.0284  51335.737    31.3871      0.986    7.65988     2.7314     2.7315    25.0237   13.66425 9.8544e+01      0.995 0.0000e+00
        251  61.630318    0.01736     1.0417     62.500  1025.0261  51331.238    31.3844      0.972    7.65973     2.7277     2.7330    25.0215   13.66404 9.7009e+01      0.981 0.0000e+00
        252  61.630321    0.01743     1.0458     62.750  1025.0278  51335.113    31.3866      0.948    7.65993     2.7244     2.7314    25.0233   13.66434 9.5774e+01      0.956 0.0000e+00
        253  61.630324    0.01750     1.0500     63.000  1025.0336  51346.918    31.3936      0.921    7.66027     2.7238     2.7278    25.0292   13.66480 9.5639e+01      0.930 0.0000e+00
        254  61.630327    0.01757     1.0542     63.250  1025.0418  51363.176    31.4037      0.901    7.66038     2.7276     2.7244    25.0375   13.66485 9.6951e+01      0.910 0.0000e+00
        255  61.630330    0.01764     1.0583     63.500  1025.0503  51379.153    31.4143      0.895    7.65994     2.7364     2.7238    25.0460   13.66397 9.8750e+01      0.904 0.0000e+00
