CTD-processing/allCTD/CNV--homogene/2018_11-08_alongbay_skb03.5_cast011.cnv
* Sea-Bird SBE19plus Data File:
* FileName = C:\Users\Kim.Powell\Desktop\Not Processed\2018\2018_11-08_AlongBay, T9_4141\2018_11-08_TRANSECT_STATION_cast011.hex
* Software Version 1.59
* Temperature SN =  4141
* Conductivity SN =  4141
* System UpLoad Time = Nov 13 2018 09:17:04
** 2018_11-08
** Station: KB03.5
** Start Time: 13:14
** Depth (m): 116
** Comment: Stopped in between stations 03 and 04 due to large waves
** Comment:
# nquan = 17
# nvalues = 843                         
# units = specified
# name 0 = scan: Scan Count
# name 1 = timeJ: Julian Days
# name 2 = timeH: Time, Elapsed [hours]
# name 3 = timeM: Time, Elapsed [minutes]
# name 4 = timeS: Time, Elapsed [seconds]
# name 5 = density00: Density [density, kg/m^3]
# name 6 = specc: Specific Conductance [uS/cm]
# name 7 = sal00: Salinity, Practical [PSU]
# name 8 = depSM: Depth [salt water, m], lat = 59.00
# name 9 = oxsolML/L: Oxygen Saturation, Garcia & Gordon [ml/l]
# name 10 = potemp090C: Potential Temperature [ITS-90, deg C]
# name 11 = tv290C: Temperature [ITS-90, deg C]
# name 12 = sigma-é00: Density [sigma-theta, kg/m^3]
# name 13 = n2satML/L: Nitrogen Saturation [ml/l]
# name 14 = par: PAR/Irradiance, Biospherical/Licor
# name 15 = prdM: Pressure, Strain Gauge [db]
# name 16 = flag:  0.000e+00
# span 0 =          1,        843       
# span 1 = 312.550660, 312.553096       
# span 2 =    0.00000,    0.05847       
# span 3 =     0.0000,     3.5083       
# span 4 =      0.000,    210.500       
# span 5 =  1017.4523,  1024.3640       
# span 6 =  36445.906,  48780.146       
# span 7 =    22.2336,    30.7484       
# span 8 =      0.297,    108.123       
# span 9 =    6.70824,    7.49222       
# span 10 =     6.8281,     8.4942      
# span 11 =     6.2405,     8.5049      
# span 12 =    17.4508,    23.8661      
# span 13 =   12.10003,   13.51469      
# span 14 = 3.8801e-02, 5.7134e+02      
# span 15 =      0.300,    109.173      
# span 16 = 0.0000e+00, 0.0000e+00      
# interval = seconds: 0.25
# start_time = Nov 08 2018 13:12:57 [Instrument's time stamp, header]
# bad_flag = -9.990e-29
*END*
[from data line 256]
        257 312.551400    0.01778     1.0667     64.000  1023.6744  48338.970    30.4283      0.830    6.78269     8.1125     8.1084    23.6705   12.22722 3.2345e+02      0.838 0.0000e+00
        258 312.551403    0.01785     1.0708     64.250  1023.6751  48340.233    30.4295      0.852    6.78235     8.1152     8.1102    23.6712   12.22665 3.2558e+02      0.860 0.0000e+00
        259 312.551406    0.01792     1.0750     64.500  1023.6752  48340.431    30.4300      0.864    6.78197     8.1175     8.1126    23.6712   12.22600 3.2590e+02      0.872 0.0000e+00
        260 312.551409    0.01799     1.0792     64.750  1023.6741  48338.515    30.4290      0.863    6.78160     8.1191     8.1152    23.6701   12.22541 3.1619e+02      0.871 0.0000e+00
        261 312.551412    0.01806     1.0833     65.000  1023.6724  48335.529    30.4273      0.851    6.78132     8.1199     8.1176    23.6684   12.22496 3.0044e+02      0.859 0.0000e+00
        262 312.551415    0.01812     1.0875     65.250  1023.6709  48332.943    30.4257      0.833    6.78115     8.1200     8.1192    23.6670   12.22469 2.9122e+02      0.841 0.0000e+00
        263 312.551418    0.01819     1.0917     65.500  1023.6697  48331.062    30.4245      0.813    6.78108     8.1196     8.1200    23.6659   12.22459 2.9271e+02      0.820 0.0000e+00
        264 312.551421    0.01826     1.0958     65.750  1023.6689  48329.649    30.4236      0.792    6.78110     8.1186     8.1201    23.6651   12.22464 3.0535e+02      0.799 0.0000e+00
        265 312.551424    0.01833     1.1000     66.000  1023.6682  48328.577    30.4228      0.773    6.78120     8.1172     8.1197    23.6646   12.22481 3.2969e+02      0.780 0.0000e+00
        266 312.551427    0.01840     1.1042     66.250  1023.6677  48327.686    30.4221      0.761    6.78138     8.1154     8.1187    23.6641   12.22512 3.6639e+02      0.768 0.0000e+00
        267 312.551429    0.01847     1.1083     66.500  1023.6672  48326.813    30.4213      0.759    6.78163     8.1131     8.1173    23.6637   12.22555 4.1034e+02      0.766 0.0000e+00
        268 312.551432    0.01854     1.1125     66.750  1023.6669  48326.066    30.4205      0.765    6.78195     8.1107     8.1154    23.6633   12.22609 4.4388e+02      0.772 0.0000e+00
        269 312.551435    0.01861     1.1167     67.000  1023.6670  48326.157    30.4202      0.773    6.78231     8.1083     8.1132    23.6634   12.22669 4.3936e+02      0.781 0.0000e+00
        270 312.551438    0.01868     1.1208     67.250  1023.6678  48327.445    30.4207      0.778    6.78267     8.1061     8.1107    23.6642   12.22728 3.9843e+02      0.786 0.0000e+00
        271 312.551441    0.01875     1.1250     67.500  1023.6686  48328.949    30.4214      0.776    6.78301     8.1042     8.1083    23.6651   12.22783 3.5708e+02      0.784 0.0000e+00
        272 312.551444    0.01882     1.1292     67.750  1023.6692  48330.039    30.4218      0.766    6.78332     8.1024     8.1062    23.6657   12.22833 3.3119e+02      0.774 0.0000e+00
        273 312.551447    0.01889     1.1333     68.000  1023.6698  48331.077    30.4223      0.752    6.78360     8.1008     8.1042    23.6663   12.22879 3.2087e+02      0.760 0.0000e+00
        274 312.551450    0.01896     1.1375     68.250  1023.6703  48332.009    30.4226      0.737    6.78385     8.0993     8.1025    23.6669   12.22920 3.2290e+02      0.744 0.0000e+00
        275 312.551453    0.01903     1.1417     68.500  1023.6707  48332.714    30.4229      0.722    6.78409     8.0981     8.1009    23.6673   12.22959 3.2251e+02      0.730 0.0000e+00
        276 312.551455    0.01910     1.1458     68.750  1023.6713  48333.954    30.4235      0.712    6.78429     8.0976     8.0994    23.6680   12.22992 3.1458e+02      0.719 0.0000e+00
        277 312.551458    0.01917     1.1500     69.000  1023.6726  48336.308    30.4250      0.709    6.78441     8.0976     8.0982    23.6693   12.23010 3.0762e+02      0.716 0.0000e+00
        278 312.551461    0.01924     1.1542     69.250  1023.6737  48338.251    30.4263      0.715    6.78444     8.0976     8.0976    23.6704   12.23013 3.0719e+02      0.722 0.0000e+00
        279 312.551464    0.01931     1.1583     69.500  1023.6734  48337.585    30.4258      0.725    6.78445     8.0970     8.0977    23.6701   12.23015 3.0871e+02      0.732 0.0000e+00
        280 312.551467    0.01938     1.1625     69.750  1023.6723  48335.459    30.4243      0.733    6.78451     8.0960     8.0977    23.6689   12.23027 3.0567e+02      0.740 0.0000e+00
        281 312.551470    0.01944     1.1667     70.000  1023.6720  48334.821    30.4238      0.736    6.78463     8.0952     8.0971    23.6686   12.23048 3.0279e+02      0.743 0.0000e+00
        282 312.551473    0.01951     1.1708     70.250  1023.6726  48335.985    30.4244      0.735    6.78476     8.0949     8.0961    23.6692   12.23068 3.0973e+02      0.742 0.0000e+00
        283 312.551476    0.01958     1.1750     70.500  1023.6735  48337.609    30.4255      0.730    6.78483     8.0951     8.0953    23.6701   12.23079 3.2988e+02      0.737 0.0000e+00
        284 312.551479    0.01965     1.1792     70.750  1023.6742  48338.998    30.4264      0.722    6.78484     8.0956     8.0950    23.6709   12.23079 3.5865e+02      0.728 0.0000e+00
        285 312.551481    0.01972     1.1833     71.000  1023.6748  48340.164    30.4272      0.712    6.78478     8.0966     8.0951    23.6715   12.23069 3.8037e+02      0.718 0.0000e+00
        286 312.551484    0.01979     1.1875     71.250  1023.6752  48340.989    30.4279      0.702    6.78466     8.0977     8.0957    23.6719   12.23049 3.8315e+02      0.709 0.0000e+00
        287 312.551487    0.01986     1.1917     71.500  1023.6750  48340.761    30.4279      0.696    6.78452     8.0986     8.0967    23.6718   12.23024 3.6816e+02      0.702 0.0000e+00
        288 312.551490    0.01993     1.1958     71.750  1023.6744  48339.577    30.4272      0.692    6.78438     8.0991     8.0978    23.6711   12.23002 3.4032e+02      0.699 0.0000e+00
        289 312.551493    0.02000     1.2000     72.000  1023.6736  48338.184    30.4264      0.693    6.78428     8.0992     8.0987    23.6704   12.22986 3.1216e+02      0.700 0.0000e+00
        290 312.551496    0.02007     1.2042     72.250  1023.6728  48336.633    30.4254      0.698    6.78424     8.0987     8.0992    23.6695   12.22981 2.9610e+02      0.704 0.0000e+00
        291 312.551499    0.02014     1.2083     72.500  1023.6719  48335.002    30.4243      0.702    6.78427     8.0978     8.0993    23.6686   12.22988 2.9652e+02      0.709 0.0000e+00
        292 312.551502    0.02021     1.2125     72.750  1023.6713  48333.897    30.4234      0.704    6.78438     8.0967     8.0988    23.6681   12.23007 3.1670e+02      0.711 0.0000e+00
        293 312.551505    0.02028     1.2167     73.000  1023.6713  48333.787    30.4232      0.700    6.78453     8.0956     8.0979    23.6680   12.23032 3.4931e+02      0.707 0.0000e+00
        294 312.551508    0.02035     1.2208     73.250  1023.6715  48334.313    30.4235      0.692    6.78469     8.0945     8.0968    23.6683   12.23059 3.8045e+02      0.699 0.0000e+00
        295 312.551510    0.02042     1.2250     73.500  1023.6719  48334.984    30.4238      0.688    6.78485     8.0934     8.0957    23.6687   12.23085 3.8705e+02      0.695 0.0000e+00
        296 312.551513    0.02049     1.2292     73.750  1023.6723  48335.582    30.4240      0.697    6.78501     8.0924     8.0946    23.6691   12.23111 3.5548e+02      0.704 0.0000e+00
        297 312.551516    0.02056     1.2333     74.000  1023.6726  48335.943    30.4241      0.716    6.78517     8.0913     8.0935    23.6693   12.23138 3.1389e+02      0.724 0.0000e+00
        298 312.551519    0.02063     1.2375     74.250  1023.6730  48336.434    30.4242      0.735    6.78533     8.0905     8.0924    23.6696   12.23164 2.8432e+02      0.743 0.0000e+00
        299 312.551522    0.02069     1.2417     74.500  1023.6735  48337.336    30.4247      0.743    6.78547     8.0900     8.0914    23.6701   12.23186 2.6753e+02      0.751 0.0000e+00
        300 312.551525    0.02076     1.2458     74.750  1023.6740  48338.309    30.4253      0.737    6.78557     8.0899     8.0906    23.6706   12.23201 2.5839e+02      0.745 0.0000e+00
        301 312.551528    0.02083     1.2500     75.000  1023.6745  48339.330    30.4259      0.722    6.78561     8.0902     8.0901    23.6712   12.23208 2.4790e+02      0.730 0.0000e+00
        302 312.551531    0.02090     1.2542     75.250  1023.6753  48340.812    30.4269      0.710    6.78558     8.0912     8.0900    23.6720   12.23202 2.3927e+02      0.717 0.0000e+00
        303 312.551534    0.02097     1.2583     75.500  1023.6762  48342.523    30.4281      0.708    6.78548     8.0926     8.0903    23.6729   12.23183 2.3349e+02      0.715 0.0000e+00
        304 312.551536    0.02104     1.2625     75.750  1023.6768  48343.666    30.4291      0.716    6.78529     8.0945     8.0912    23.6735   12.23151 2.2657e+02      0.723 0.0000e+00
        305 312.551539    0.02111     1.2667     76.000  1023.6773  48344.398    30.4298      0.733    6.78504     8.0969     8.0927    23.6739   12.23108 2.2619e+02      0.740 0.0000e+00
        306 312.551542    0.02118     1.2708     76.250  1023.6782  48346.118    30.4313      0.752    6.78469     8.1002     8.0945    23.6748   12.23049 2.3772e+02      0.759 0.0000e+00
        307 312.551545    0.02125     1.2750     76.500  1023.6793  48348.007    30.4330      0.764    6.78423     8.1035     8.0970    23.6757   12.22971 2.5458e+02      0.772 0.0000e+00
        308 312.551548    0.02132     1.2792     76.750  1023.6786  48346.930    30.4327      0.767    6.78374     8.1060     8.1003    23.6751   12.22890 2.7130e+02      0.775 0.0000e+00
        309 312.551551    0.02139     1.2833     77.000  1023.6764  48343.035    30.4305      0.760    6.78333     8.1075     8.1036    23.6729   12.22825 2.8655e+02      0.768 0.0000e+00
        310 312.551554    0.02146     1.2875     77.250  1023.6744  48339.545    30.4284      0.750    6.78304     8.1085     8.1061    23.6709   12.22780 3.0621e+02      0.757 0.0000e+00
        311 312.551557    0.02153     1.2917     77.500  1023.6735  48338.093    30.4276      0.745    6.78285     8.1097     8.1075    23.6701   12.22749 3.1835e+02      0.752 0.0000e+00
        312 312.551560    0.02160     1.2958     77.750  1023.6738  48338.634    30.4282      0.749    6.78267     8.1116     8.1085    23.6704   12.22718 3.0588e+02      0.756 0.0000e+00
        313 312.551562    0.02167     1.3000     78.000  1023.6748  48340.359    30.4295      0.761    6.78242     8.1139     8.1098    23.6713   12.22676 2.9189e+02      0.769 0.0000e+00
        314 312.551565    0.02174     1.3042     78.250  1023.6754  48341.319    30.4305      0.776    6.78210     8.1162     8.1116    23.6717   12.22621 2.9252e+02      0.783 0.0000e+00
        315 312.551568    0.02181     1.3083     78.500  1023.6748  48340.379    30.4302      0.786    6.78175     8.1180     8.1139    23.6712   12.22564 2.9279e+02      0.793 0.0000e+00
        316 312.551571    0.02187     1.3125     78.750  1023.6736  48338.169    30.4290      0.790    6.78145     8.1191     8.1162    23.6699   12.22516 2.8708e+02      0.798 0.0000e+00
        317 312.551574    0.02194     1.3167     79.000  1023.6723  48335.835    30.4276      0.794    6.78124     8.1198     8.1180    23.6686   12.22482 2.8458e+02      0.802 0.0000e+00
        318 312.551577    0.02201     1.3208     79.250  1023.6714  48334.182    30.4267      0.802    6.78110     8.1200     8.1192    23.6677   12.22461 2.8677e+02      0.809 0.0000e+00
        319 312.551580    0.02208     1.3250     79.500  1023.6707  48332.907    30.4259      0.813    6.78104     8.1197     8.1198    23.6670   12.22451 2.8256e+02      0.821 0.0000e+00
        320 312.551583    0.02215     1.3292     79.750  1023.6698  48331.211    30.4247      0.823    6.78105     8.1188     8.1201    23.6660   12.22454 2.7276e+02      0.830 0.0000e+00
        321 312.551586    0.02222     1.3333     80.000  1023.6688  48329.344    30.4234      0.823    6.78116     8.1172     8.1198    23.6650   12.22474 2.6675e+02      0.831 0.0000e+00
        322 312.551589    0.02229     1.3375     80.250  1023.6680  48327.880    30.4222      0.816    6.78136     8.1151     8.1188    23.6642   12.22509 2.6785e+02      0.824 0.0000e+00
        323 312.551591    0.02236     1.3417     80.500  1023.6675  48326.956    30.4213      0.807    6.78164     8.1129     8.1172    23.6638   12.22557 2.7912e+02      0.815 0.0000e+00
        324 312.551594    0.02243     1.3458     80.750  1023.6676  48327.126    30.4211      0.805    6.78197     8.1109     8.1152    23.6639   12.22611 2.9713e+02      0.813 0.0000e+00
        325 312.551597    0.02250     1.3500     81.000  1023.6685  48328.626    30.4218      0.814    6.78228     8.1093     8.1129    23.6648   12.22662 3.1281e+02      0.821 0.0000e+00
        326 312.551600    0.02257     1.3542     81.250  1023.6697  48330.547    30.4229      0.832    6.78254     8.1081     8.1109    23.6659   12.22704 3.1642e+02      0.839 0.0000e+00
        327 312.551603    0.02264     1.3583     81.500  1023.6706  48332.017    30.4237      0.851    6.78275     8.1072     8.1093    23.6667   12.22737 3.0211e+02      0.859 0.0000e+00
        328 312.551606    0.02271     1.3625     81.750  1023.6713  48333.078    30.4242      0.862    6.78291     8.1065     8.1081    23.6673   12.22763 2.8305e+02      0.870 0.0000e+00
        329 312.551609    0.02278     1.3667     82.000  1023.6718  48333.970    30.4247      0.861    6.78302     8.1061     8.1072    23.6678   12.22782 2.7337e+02      0.869 0.0000e+00
        330 312.551612    0.02285     1.3708     82.250  1023.6722  48334.717    30.4251      0.848    6.78310     8.1060     8.1066    23.6683   12.22794 2.6716e+02      0.856 0.0000e+00
        331 312.551615    0.02292     1.3750     82.500  1023.6725  48335.403    30.4255      0.830    6.78315     8.1060     8.1062    23.6686   12.22801 2.6148e+02      0.838 0.0000e+00
        332 312.551617    0.02299     1.3792     82.750  1023.6728  48336.122    30.4260      0.814    6.78315     8.1064     8.1060    23.6690   12.22801 2.6366e+02      0.822 0.0000e+00
        333 312.551620    0.02306     1.3833     83.000  1023.6733  48337.010    30.4266      0.807    6.78311     8.1072     8.1061    23.6695   12.22794 2.7543e+02      0.815 0.0000e+00
        334 312.551623    0.02313     1.3875     83.250  1023.6740  48338.282    30.4276      0.811    6.78302     8.1085     8.1065    23.6702   12.22777 2.8840e+02      0.819 0.0000e+00
        335 312.551626    0.02319     1.3917     83.500  1023.6749  48339.994    30.4289      0.825    6.78284     8.1107     8.1073    23.6711   12.22746 2.9391e+02      0.833 0.0000e+00
        336 312.551629    0.02326     1.3958     83.750  1023.6762  48342.248    30.4307      0.846    6.78255     8.1139     8.1086    23.6723   12.22696 2.8892e+02      0.853 0.0000e+00
        337 312.551632    0.02333     1.4000     84.000  1023.6775  48344.623    30.4326      0.868    6.78213     8.1176     8.1108    23.6736   12.22623 2.7473e+02      0.876 0.0000e+00
        338 312.551635    0.02340     1.4042     84.250  1023.6780  48345.433    30.4336      0.891    6.78160     8.1211     8.1140    23.6739   12.22535 2.6310e+02      0.899 0.0000e+00
        339 312.551638    0.02347     1.4083     84.500  1023.6770  48343.612    30.4329      0.914    6.78106     8.1238     8.1177    23.6728   12.22446 2.5925e+02      0.923 0.0000e+00
        340 312.551641    0.02354     1.4125     84.750  1023.6752  48340.278    30.4311      0.943    6.78060     8.1256     8.1212    23.6709   12.22372 2.5389e+02      0.952 0.0000e+00
