CTD-processing/allCTD/CNV--homogene/2018_12-06_t9_s01_cast035.cnv
* Sea-Bird SBE19plus Data File:
* FileName = C:\Users\Kim.Powell\Desktop\Not Processed\2018\2018_12-06_AlongBay, T9_4141\2018_12-06_TRANSECT_STATION_cast035.hex
* Software Version 1.59
* Temperature SN =  4141
* Conductivity SN =  4141
* System UpLoad Time = Jan 10 2019 09:57:11
** 2018_12-06
** Station: 9-01
** Start Time: 14:28
** Depth (m): 67
** Comment: halfway between convergence zones
** Comment:
# nquan = 17
# nvalues = 583                         
# units = specified
# name 0 = scan: Scan Count
# name 1 = timeJ: Julian Days
# name 2 = timeH: Time, Elapsed [hours]
# name 3 = timeM: Time, Elapsed [minutes]
# name 4 = timeS: Time, Elapsed [seconds]
# name 5 = density00: Density [density, kg/m^3]
# name 6 = specc: Specific Conductance [uS/cm]
# name 7 = sal00: Salinity, Practical [PSU]
# name 8 = depSM: Depth [salt water, m], lat = 59.00
# name 9 = oxsolML/L: Oxygen Saturation, Garcia & Gordon [ml/l]
# name 10 = potemp090C: Potential Temperature [ITS-90, deg C]
# name 11 = tv290C: Temperature [ITS-90, deg C]
# name 12 = sigma-é00: Density [sigma-theta, kg/m^3]
# name 13 = n2satML/L: Nitrogen Saturation [ml/l]
# name 14 = par: PAR/Irradiance, Biospherical/Licor
# name 15 = prdM: Pressure, Strain Gauge [db]
# name 16 = flag:  0.000e+00
# span 0 =          1,        583       
# span 1 = 340.602847, 340.604531       
# span 2 =    0.00000,    0.04042       
# span 3 =     0.0000,     2.4250       
# span 4 =      0.000,    145.500       
# span 5 =  1007.4896,  1024.5001       
# span 6 =  15744.499,  49327.034       
# span 7 =     9.4915,    31.0295       
# span 8 =     -0.086,     65.824       
# span 9 =    6.81448,    8.58808       
# span 10 =     4.8980,     7.7245      
# span 11 =     4.2902,     7.7306      
# span 12 =     7.4901,    24.1959      
# span 13 =   12.27237,   15.53525      
# span 14 = 3.6170e-02, 8.2759e+01      
# span 15 =     -0.087,     66.456      
# span 16 = 0.0000e+00, 0.0000e+00      
# interval = seconds: 0.25
# start_time = Dec 06 2018 14:28:06 [Instrument's time stamp, header]
# bad_flag = -9.990e-29
*END*
[from data line 426]
        427 340.604080    0.02958     1.7750    106.500  1024.3289  49251.006    30.9777     35.364    6.82874     7.6509     7.6536    24.1651   12.29660 1.4742e-01     35.701 0.0000e+00
        428 340.604083    0.02965     1.7792    106.750  1024.3294  49250.320    30.9772     35.556    6.82870     7.6509     7.6540    24.1647   12.29654 1.4266e-01     35.895 0.0000e+00
        429 340.604086    0.02972     1.7833    107.000  1024.3299  49249.722    30.9768     35.749    6.82868     7.6509     7.6542    24.1643   12.29652 1.3799e-01     36.090 0.0000e+00
        430 340.604089    0.02979     1.7875    107.250  1024.3308  49249.860    30.9768     35.946    6.82867     7.6511     7.6543    24.1643   12.29650 1.3339e-01     36.289 0.0000e+00
        431 340.604091    0.02986     1.7917    107.500  1024.3322  49250.873    30.9774     36.148    6.82864     7.6514     7.6543    24.1648   12.29645 1.2883e-01     36.493 0.0000e+00
        432 340.604094    0.02993     1.7958    107.750  1024.3339  49252.401    30.9784     36.355    6.82858     7.6519     7.6544    24.1656   12.29633 1.2435e-01     36.702 0.0000e+00
        433 340.604097    0.03000     1.8000    108.000  1024.3355  49253.638    30.9792     36.566    6.82849     7.6523     7.6548    24.1662   12.29617 1.2001e-01     36.915 0.0000e+00
        434 340.604100    0.03007     1.8042    108.250  1024.3366  49254.051    30.9795     36.775    6.82840     7.6527     7.6553    24.1663   12.29602 1.1586e-01     37.126 0.0000e+00
        435 340.604103    0.03014     1.8083    108.500  1024.3373  49253.713    30.9792     36.979    6.82833     7.6528     7.6558    24.1661   12.29591 1.1193e-01     37.332 0.0000e+00
        436 340.604106    0.03021     1.8125    108.750  1024.3377  49252.886    30.9786     37.177    6.82831     7.6526     7.6561    24.1656   12.29588 1.0829e-01     37.531 0.0000e+00
        437 340.604109    0.03028     1.8167    109.000  1024.3378  49251.606    30.9777     37.366    6.82833     7.6521     7.6562    24.1648   12.29593 1.0497e-01     37.723 0.0000e+00
        438 340.604112    0.03035     1.8208    109.250  1024.3376  49249.817    30.9763     37.550    6.82841     7.6513     7.6561    24.1638   12.29608 1.0193e-01     37.907 0.0000e+00
        439 340.604115    0.03042     1.8250    109.500  1024.3372  49247.713    30.9747     37.727    6.82856     7.6504     7.6556    24.1626   12.29634 9.9109e-02     38.087 0.0000e+00
        440 340.604117    0.03049     1.8292    109.750  1024.3372  49246.225    30.9735     37.901    6.82873     7.6494     7.6548    24.1617   12.29664 9.6458e-02     38.262 0.0000e+00
        441 340.604120    0.03056     1.8333    110.000  1024.3379  49246.185    30.9732     38.072    6.82890     7.6487     7.6539    24.1616   12.29692 9.3897e-02     38.435 0.0000e+00
        442 340.604123    0.03062     1.8375    110.250  1024.3390  49246.829    30.9734     38.245    6.82903     7.6482     7.6530    24.1619   12.29713 9.1381e-02     38.609 0.0000e+00
        443 340.604126    0.03069     1.8417    110.500  1024.3400  49247.280    30.9736     38.422    6.82914     7.6479     7.6523    24.1621   12.29731 8.8890e-02     38.788 0.0000e+00
        444 340.604129    0.03076     1.8458    110.750  1024.3412  49247.977    30.9739     38.604    6.82920     7.6478     7.6518    24.1624   12.29741 8.6420e-02     38.972 0.0000e+00
        445 340.604132    0.03083     1.8500    111.000  1024.3425  49248.879    30.9744     38.790    6.82922     7.6478     7.6515    24.1629   12.29744 8.3995e-02     39.160 0.0000e+00
        446 340.604135    0.03090     1.8542    111.250  1024.3435  49249.339    30.9746     38.980    6.82923     7.6479     7.6514    24.1631   12.29745 8.1640e-02     39.352 0.0000e+00
        447 340.604138    0.03097     1.8583    111.500  1024.3448  49250.125    30.9751     39.171    6.82920     7.6484     7.6514    24.1634   12.29740 7.9377e-02     39.545 0.0000e+00
        448 340.604141    0.03104     1.8625    111.750  1024.3468  49252.350    30.9766     39.363    6.82911     7.6494     7.6515    24.1646   12.29723 7.7203e-02     39.738 0.0000e+00
        449 340.604144    0.03111     1.8667    112.000  1024.3497  49256.125    30.9792     39.555    6.82892     7.6510     7.6520    24.1666   12.29688 7.5108e-02     39.932 0.0000e+00
        450 340.604146    0.03118     1.8708    112.250  1024.3527  49260.206    30.9821     39.747    6.82863     7.6529     7.6531    24.1687   12.29636 7.3096e-02     40.126 0.0000e+00
        451 340.604149    0.03125     1.8750    112.500  1024.3550  49262.834    30.9841     39.940    6.82829     7.6547     7.6547    24.1701   12.29577 7.1166e-02     40.321 0.0000e+00
        452 340.604152    0.03132     1.8792    112.750  1024.3561  49263.405    30.9847     40.134    6.82797     7.6561     7.6566    24.1703   12.29523 6.9312e-02     40.517 0.0000e+00
        453 340.604155    0.03139     1.8833    113.000  1024.3565  49262.641    30.9844     40.325    6.82770     7.6571     7.6584    24.1698   12.29479 6.7527e-02     40.710 0.0000e+00
        454 340.604158    0.03146     1.8875    113.250  1024.3569  49261.932    30.9840     40.513    6.82749     7.6580     7.6599    24.1693   12.29444 6.5846e-02     40.900 0.0000e+00
        455 340.604161    0.03153     1.8917    113.500  1024.3576  49261.721    30.9840     40.697    6.82732     7.6586     7.6609    24.1691   12.29417 6.4298e-02     41.085 0.0000e+00
        456 340.604164    0.03160     1.8958    113.750  1024.3582  49261.501    30.9839     40.877    6.82719     7.6590     7.6618    24.1689   12.29396 6.2858e-02     41.267 0.0000e+00
        457 340.604167    0.03167     1.9000    114.000  1024.3587  49260.980    30.9835     41.053    6.82711     7.6592     7.6624    24.1686   12.29383 6.1505e-02     41.445 0.0000e+00
        458 340.604170    0.03174     1.9042    114.250  1024.3589  49260.058    30.9829     41.226    6.82706     7.6592     7.6629    24.1680   12.29377 6.0216e-02     41.619 0.0000e+00
        459 340.604172    0.03181     1.9083    114.500  1024.3590  49258.934    30.9821     41.399    6.82707     7.6590     7.6631    24.1673   12.29378 5.8968e-02     41.793 0.0000e+00
        460 340.604175    0.03188     1.9125    114.750  1024.3594  49258.215    30.9815     41.573    6.82710     7.6588     7.6631    24.1669   12.29384 5.7765e-02     41.970 0.0000e+00
        461 340.604178    0.03194     1.9167    115.000  1024.3601  49258.100    30.9813     41.752    6.82714     7.6585     7.6629    24.1668   12.29390 5.6605e-02     42.151 0.0000e+00
        462 340.604181    0.03201     1.9208    115.250  1024.3609  49258.165    30.9812     41.935    6.82718     7.6583     7.6626    24.1667   12.29397 5.5482e-02     42.335 0.0000e+00
        463 340.604184    0.03208     1.9250    115.500  1024.3617  49258.178    30.9811     42.121    6.82722     7.6581     7.6624    24.1667   12.29405 5.4390e-02     42.522 0.0000e+00
        464 340.604187    0.03215     1.9292    115.750  1024.3626  49258.282    30.9811     42.308    6.82726     7.6580     7.6622    24.1667   12.29412 5.3330e-02     42.712 0.0000e+00
        465 340.604190    0.03222     1.9333    116.000  1024.3636  49258.712    30.9812     42.497    6.82728     7.6580     7.6620    24.1669   12.29415 5.2309e-02     42.903 0.0000e+00
        466 340.604193    0.03229     1.9375    116.250  1024.3649  49259.473    30.9816     42.688    6.82727     7.6582     7.6619    24.1672   12.29413 5.1331e-02     43.096 0.0000e+00
        467 340.604196    0.03236     1.9417    116.500  1024.3661  49260.161    30.9820     42.881    6.82725     7.6584     7.6619    24.1675   12.29408 5.0398e-02     43.291 0.0000e+00
        468 340.604198    0.03243     1.9458    116.750  1024.3671  49260.576    30.9823     43.076    6.82721     7.6587     7.6621    24.1676   12.29401 4.9489e-02     43.487 0.0000e+00
        469 340.604201    0.03250     1.9500    117.000  1024.3683  49261.153    30.9826     43.271    6.82716     7.6591     7.6623    24.1679   12.29392 4.8600e-02     43.684 0.0000e+00
        470 340.604204    0.03257     1.9542    117.250  1024.3696  49262.053    30.9832     43.470    6.82708     7.6595     7.6627    24.1683   12.29379 4.7744e-02     43.884 0.0000e+00
        471 340.604207    0.03264     1.9583    117.500  1024.3709  49262.760    30.9837     43.673    6.82700     7.6600     7.6631    24.1686   12.29364 4.6926e-02     44.090 0.0000e+00
        472 340.604210    0.03271     1.9625    117.750  1024.3719  49263.038    30.9839     43.884    6.82691     7.6604     7.6636    24.1687   12.29350 4.6147e-02     44.302 0.0000e+00
        473 340.604213    0.03278     1.9667    118.000  1024.3729  49263.103    30.9839     44.099    6.82684     7.6607     7.6640    24.1687   12.29338 4.5385e-02     44.520 0.0000e+00
        474 340.604216    0.03285     1.9708    118.250  1024.3739  49263.259    30.9840     44.315    6.82677     7.6612     7.6644    24.1687   12.29327 4.4638e-02     44.738 0.0000e+00
        475 340.604219    0.03292     1.9750    118.500  1024.3752  49263.941    30.9844     44.528    6.82669     7.6618     7.6648    24.1690   12.29314 4.3933e-02     44.953 0.0000e+00
        476 340.604222    0.03299     1.9792    118.750  1024.3769  49265.524    30.9855     44.736    6.82658     7.6627     7.6653    24.1698   12.29293 4.3274e-02     45.163 0.0000e+00
        477 340.604225    0.03306     1.9833    119.000  1024.3793  49268.280    30.9874     44.938    6.82639     7.6642     7.6659    24.1712   12.29260 4.2654e-02     45.368 0.0000e+00
        478 340.604227    0.03313     1.9875    119.250  1024.3825  49272.693    30.9906     45.135    6.82610     7.6666     7.6668    24.1736   12.29208 4.2072e-02     45.566 0.0000e+00
        479 340.604230    0.03319     1.9917    119.500  1024.3869  49279.221    30.9953     45.328    6.82565     7.6698     7.6684    24.1771   12.29127 4.1536e-02     45.761 0.0000e+00
        480 340.604233    0.03326     1.9958    119.750  1024.3918  49286.692    31.0008     45.520    6.82503     7.6736     7.6708    24.1810   12.29018 4.1041e-02     45.954 0.0000e+00
        481 340.604236    0.03333     2.0000    120.000  1024.3955  49292.046    31.0049     45.711    6.82433     7.6772     7.6741    24.1839   12.28897 4.0570e-02     46.147 0.0000e+00
        482 340.604239    0.03340     2.0042    120.250  1024.3971  49293.642    31.0066     45.904    6.82366     7.6801     7.6779    24.1846   12.28784 4.0114e-02     46.342 0.0000e+00
        483 340.604242    0.03347     2.0083    120.500  1024.3973  49292.465    31.0062     46.102    6.82312     7.6821     7.6815    24.1839   12.28694 3.9662e-02     46.543 0.0000e+00
        484 340.604245    0.03354     2.0125    120.750  1024.3968  49289.943    31.0048     46.308    6.82273     7.6834     7.6844    24.1824   12.28631 3.9206e-02     46.751 0.0000e+00
        485 340.604248    0.03361     2.0167    121.000  1024.3966  49288.032    31.0037     46.521    6.82247     7.6845     7.6864    24.1812   12.28589 3.8744e-02     46.966 0.0000e+00
        486 340.604251    0.03368     2.0208    121.250  1024.3983  49289.531    31.0049     46.739    6.82221     7.6864     7.6877    24.1820   12.28546 3.8287e-02     47.185 0.0000e+00
        487 340.604253    0.03375     2.0250    121.500  1024.4026  49295.693    31.0093     46.957    6.82183     7.6892     7.6889    24.1853   12.28478 3.7864e-02     47.405 0.0000e+00
        488 340.604256    0.03382     2.0292    121.750  1024.4077  49303.296    31.0148     47.171    6.82130     7.6925     7.6907    24.1893   12.28382 3.7482e-02     47.622 0.0000e+00
        489 340.604259    0.03389     2.0333    122.000  1024.4109  49307.585    31.0182     47.379    6.82070     7.6956     7.6936    24.1916   12.28280 3.7127e-02     47.832 0.0000e+00
        490 340.604262    0.03396     2.0375    122.250  1024.4121  49308.275    31.0191     47.581    6.82014     7.6981     7.6970    24.1918   12.28186 3.6816e-02     48.036 0.0000e+00
        491 340.604265    0.03403     2.0417    122.500  1024.4125  49307.493    31.0189     47.780    6.81967     7.6999     7.7000    24.1913   12.28108 3.6580e-02     48.237 0.0000e+00
        492 340.604268    0.03410     2.0458    122.750  1024.4127  49306.400    31.0185     47.978    6.81930     7.7013     7.7025    24.1906   12.28048 3.6421e-02     48.436 0.0000e+00
        493 340.604271    0.03417     2.0500    123.000  1024.4131  49305.675    31.0182     48.176    6.81902     7.7024     7.7044    24.1901   12.28002 3.6321e-02     48.636 0.0000e+00
        494 340.604274    0.03424     2.0542    123.250  1024.4138  49305.455    31.0182     48.373    6.81880     7.7033     7.7058    24.1899   12.27966 3.6260e-02     48.836 0.0000e+00
        495 340.604277    0.03431     2.0583    123.500  1024.4147  49305.494    31.0183     48.572    6.81863     7.7041     7.7069    24.1898   12.27936 3.6224e-02     49.036 0.0000e+00
        496 340.604280    0.03438     2.0625    123.750  1024.4157  49305.812    31.0186     48.772    6.81847     7.7049     7.7078    24.1899   12.27910 3.6202e-02     49.238 0.0000e+00
        497 340.604282    0.03444     2.0667    124.000  1024.4169  49306.550    31.0191     48.973    6.81831     7.7057     7.7086    24.1903   12.27884 3.6189e-02     49.441 0.0000e+00
        498 340.604285    0.03451     2.0708    124.250  1024.4183  49307.403    31.0198     49.176    6.81816     7.7065     7.7095    24.1907   12.27857 3.6182e-02     49.646 0.0000e+00
        499 340.604288    0.03458     2.0750    124.500  1024.4195  49307.981    31.0202     49.380    6.81801     7.7071     7.7103    24.1909   12.27832 3.6177e-02     49.852 0.0000e+00
        500 340.604291    0.03465     2.0792    124.750  1024.4205  49308.300    31.0205     49.583    6.81788     7.7077     7.7111    24.1910   12.27810 3.6174e-02     50.057 0.0000e+00
        501 340.604294    0.03472     2.0833    125.000  1024.4216  49308.639    31.0207     49.786    6.81776     7.7084     7.7117    24.1911   12.27791 3.6173e-02     50.262 0.0000e+00
        502 340.604297    0.03479     2.0875    125.250  1024.4228  49309.352    31.0212     49.988    6.81764     7.7091     7.7124    24.1915   12.27770 3.6172e-02     50.466 0.0000e+00
        503 340.604300    0.03486     2.0917    125.500  1024.4243  49310.599    31.0221     50.190    6.81750     7.7100     7.7130    24.1921   12.27746 3.6171e-02     50.670 0.0000e+00
        504 340.604303    0.03493     2.0958    125.750  1024.4260  49311.988    31.0231     50.393    6.81734     7.7110     7.7138    24.1927   12.27718 3.6171e-02     50.875 0.0000e+00
        505 340.604306    0.03500     2.1000    126.000  1024.4275  49313.165    31.0240     50.599    6.81716     7.7120     7.7147    24.1933   12.27686 3.6170e-02     51.083 0.0000e+00
        506 340.604308    0.03507     2.1042    126.250  1024.4289  49314.123    31.0247     50.805    6.81697     7.7130     7.7157    24.1937   12.27654 3.6170e-02     51.291 0.0000e+00
        507 340.604311    0.03514     2.1083    126.500  1024.4301  49314.827    31.0253     51.009    6.81678     7.7139     7.7168    24.1940   12.27622 3.6170e-02     51.497 0.0000e+00
        508 340.604314    0.03521     2.1125    126.750  1024.4312  49315.260    31.0257     51.211    6.81661     7.7147     7.7178    24.1942   12.27593 3.6170e-02     51.701 0.0000e+00
        509 340.604317    0.03528     2.1167    127.000  1024.4322  49315.498    31.0259     51.409    6.81646     7.7154     7.7187    24.1942   12.27568 3.6170e-02     51.900 0.0000e+00
        510 340.604320    0.03535     2.1208    127.250  1024.4331  49315.723    31.0261     51.602    6.81633     7.7160     7.7195    24.1943   12.27546 3.6170e-02     52.095 0.0000e+00
