CTD-processing/allCTD/CNV--homogene/2018_09-13_t4_s08_cast008.cnv
* Sea-Bird SBE19plus Data File:
* FileName = C:\Users\Kim.Powell\Desktop\Not Processed\2018\2018_09-13_T3, T4, T9_5028\2018_09-13_TRANSECT_STATION_cast008.hex
* Software Version 1.59
* Temperature SN =  5028
* Conductivity SN =  5028
* System UpLoad Time = Sep 14 2018 15:55:50
** 2018_09-13
** Station: 4-08
** Start Time: 12:15
** Depth (m): 25
** Comment:
** Comment:
# nquan = 17
# nvalues = 384                         
# units = specified
# name 0 = scan: Scan Count
# name 1 = timeJ: Julian Days
# name 2 = timeH: Time, Elapsed [hours]
# name 3 = timeM: Time, Elapsed [minutes]
# name 4 = timeS: Time, Elapsed [seconds]
# name 5 = density00: Density [density, kg/m^3]
# name 6 = specc: Specific Conductance [uS/cm]
# name 7 = sal00: Salinity, Practical [PSU]
# name 8 = depSM: Depth [salt water, m], lat = 59.00
# name 9 = oxsolML/L: Oxygen Saturation, Garcia & Gordon [ml/l]
# name 10 = potemp090C: Potential Temperature [ITS-90, deg C]
# name 11 = tv290C: Temperature [ITS-90, deg C]
# name 12 = sigma-é00: Density [sigma-theta, kg/m^3]
# name 13 = n2satML/L: Nitrogen Saturation [ml/l]
# name 14 = par: PAR/Irradiance, Biospherical/Licor
# name 15 = prdM: Pressure, Strain Gauge [db]
# name 16 = flag:  0.000e+00
# span 0 =          1,        384       
# span 1 = 256.511644, 256.512752       
# span 2 =    0.00000,    0.02660       
# span 3 =     0.0000,     1.5958       
# span 4 =      0.000,     95.750       
# span 5 =  1023.2148,  1023.8564       
# span 6 =  47729.486,  48633.978       
# span 7 =    30.3219,    30.8837       
# span 8 =      0.539,     25.537       
# span 9 =    6.42391,    6.48308       
# span 10 =    10.0008,    10.5800      
# span 11 =    10.0036,    10.5801      
# span 12 =    23.2121,    23.7396      
# span 13 =   11.63374,   11.72548      
# span 14 = 3.4761e+00, 1.1053e+03      
# span 15 =      0.544,     25.780      
# span 16 = 0.0000e+00, 0.0000e+00      
# interval = seconds: 0.25
# start_time = Sep 13 2018 12:16:46 [Instrument's time stamp, header]
# bad_flag = -9.990e-29
*END*
[from data line 171]
        172 256.512138    0.01188     0.7125     42.750  1023.2357  47770.370    30.3536      0.703    6.42498    10.5698    10.5720    23.2325   11.63551 6.8894e+02      0.709 0.0000e+00
        173 256.512141    0.01194     0.7167     43.000  1023.2376  47773.560    30.3557      0.712    6.42504    10.5693    10.5709    23.2343   11.63559 6.8626e+02      0.719 0.0000e+00
        174 256.512144    0.01201     0.7208     43.250  1023.2398  47777.509    30.3584      0.715    6.42508    10.5696    10.5699    23.2366   11.63562 7.1960e+02      0.721 0.0000e+00
        175 256.512147    0.01208     0.7250     43.500  1023.2414  47780.417    30.3604      0.710    6.42507    10.5705    10.5694    23.2382   11.63558 7.9533e+02      0.716 0.0000e+00
        176 256.512150    0.01215     0.7292     43.750  1023.2418  47781.129    30.3609      0.700    6.42501    10.5716    10.5696    23.2385   11.63548 8.8201e+02      0.707 0.0000e+00
        177 256.512153    0.01222     0.7333     44.000  1023.2407  47779.449    30.3598      0.690    6.42492    10.5724    10.5706    23.2375   11.63534 9.5545e+02      0.697 0.0000e+00
        178 256.512156    0.01229     0.7375     44.250  1023.2388  47776.124    30.3576      0.683    6.42486    10.5725    10.5717    23.2356   11.63526 1.0212e+03      0.690 0.0000e+00
        179 256.512159    0.01236     0.7417     44.500  1023.2367  47772.451    30.3551      0.682    6.42485    10.5718    10.5725    23.2336   11.63528 1.0311e+03      0.689 0.0000e+00
        180 256.512161    0.01243     0.7458     44.750  1023.2352  47769.721    30.3532      0.688    6.42492    10.5705    10.5726    23.2321   11.63541 9.2015e+02      0.695 0.0000e+00
        181 256.512164    0.01250     0.7500     45.000  1023.2349  47768.937    30.3526      0.699    6.42503    10.5690    10.5719    23.2317   11.63561 7.9234e+02      0.706 0.0000e+00
        182 256.512167    0.01257     0.7542     45.250  1023.2360  47770.673    30.3536      0.710    6.42517    10.5678    10.5706    23.2327   11.63583 7.3563e+02      0.717 0.0000e+00
        183 256.512170    0.01264     0.7583     45.500  1023.2383  47774.660    30.3563      0.716    6.42528    10.5675    10.5691    23.2350   11.63598 7.2880e+02      0.723 0.0000e+00
        184 256.512173    0.01271     0.7625     45.750  1023.2410  47779.509    30.3595      0.714    6.42531    10.5683    10.5679    23.2378   11.63599 7.3231e+02      0.721 0.0000e+00
        185 256.512176    0.01278     0.7667     46.000  1023.2431  47783.239    30.3621      0.704    6.42526    10.5702    10.5675    23.2399   11.63587 7.2175e+02      0.711 0.0000e+00
        186 256.512179    0.01285     0.7708     46.250  1023.2434  47784.149    30.3629      0.688    6.42511    10.5724    10.5683    23.2403   11.63561 7.0025e+02      0.694 0.0000e+00
        187 256.512182    0.01292     0.7750     46.500  1023.2419  47781.638    30.3614      0.672    6.42491    10.5743    10.5702    23.2388   11.63530 6.4963e+02      0.678 0.0000e+00
        188 256.512185    0.01299     0.7792     46.750  1023.2389  47776.580    30.3581      0.661    6.42473    10.5751    10.5725    23.2358   11.63504 6.1175e+02      0.667 0.0000e+00
        189 256.512187    0.01306     0.7833     47.000  1023.2356  47770.797    30.3542      0.658    6.42464    10.5749    10.5743    23.2325   11.63494 6.3518e+02      0.664 0.0000e+00
        190 256.512190    0.01313     0.7875     47.250  1023.2330  47766.198    30.3511      0.665    6.42465    10.5736    10.5751    23.2299   11.63499 6.9442e+02      0.672 0.0000e+00
        191 256.512193    0.01319     0.7917     47.500  1023.2319  47763.981    30.3495      0.680    6.42475    10.5717    10.5749    23.2287   11.63517 7.5375e+02      0.686 0.0000e+00
        192 256.512196    0.01326     0.7958     47.750  1023.2322  47764.263    30.3495      0.698    6.42492    10.5698    10.5736    23.2290   11.63546 7.7403e+02      0.704 0.0000e+00
        193 256.512199    0.01333     0.8000     48.000  1023.2336  47766.420    30.3508      0.714    6.42513    10.5681    10.5718    23.2303   11.63579 7.4294e+02      0.720 0.0000e+00
        194 256.512202    0.01340     0.8042     48.250  1023.2355  47769.583    30.3528      0.725    6.42531    10.5668    10.5699    23.2322   11.63607 7.0212e+02      0.732 0.0000e+00
        195 256.512205    0.01347     0.8083     48.500  1023.2376  47773.148    30.3551      0.729    6.42545    10.5658    10.5682    23.2343   11.63627 6.9893e+02      0.737 0.0000e+00
        196 256.512208    0.01354     0.8125     48.750  1023.2397  47776.791    30.3575      0.726    6.42553    10.5650    10.5669    23.2364   11.63638 7.2543e+02      0.734 0.0000e+00
        197 256.512211    0.01361     0.8167     49.000  1023.2415  47780.024    30.3597      0.717    6.42558    10.5644    10.5659    23.2383   11.63644 7.5506e+02      0.724 0.0000e+00
        198 256.512214    0.01368     0.8208     49.250  1023.2428  47782.310    30.3612      0.704    6.42563    10.5640    10.5651    23.2396   11.63650 8.0899e+02      0.711 0.0000e+00
        199 256.512216    0.01375     0.8250     49.500  1023.2433  47783.325    30.3619      0.690    6.42569    10.5638    10.5645    23.2402   11.63660 8.5255e+02      0.696 0.0000e+00
        200 256.512219    0.01382     0.8292     49.750  1023.2431  47782.977    30.3616      0.677    6.42576    10.5635    10.5641    23.2400   11.63671 8.1098e+02      0.684 0.0000e+00
        201 256.512222    0.01389     0.8333     50.000  1023.2423  47781.639    30.3606      0.668    6.42583    10.5628    10.5639    23.2393   11.63683 7.3098e+02      0.675 0.0000e+00
        202 256.512225    0.01396     0.8375     50.250  1023.2414  47779.917    30.3594      0.664    6.42593    10.5618    10.5636    23.2384   11.63701 6.9166e+02      0.671 0.0000e+00
        203 256.512228    0.01403     0.8417     50.500  1023.2405  47778.196    30.3581      0.666    6.42607    10.5604    10.5629    23.2375   11.63727 6.8557e+02      0.673 0.0000e+00
        204 256.512231    0.01410     0.8458     50.750  1023.2399  47776.812    30.3570      0.674    6.42626    10.5589    10.5619    23.2368   11.63759 6.8085e+02      0.680 0.0000e+00
        205 256.512234    0.01417     0.8500     51.000  1023.2398  47776.356    30.3565      0.686    6.42647    10.5575    10.5605    23.2367   11.63794 6.8641e+02      0.693 0.0000e+00
        206 256.512237    0.01424     0.8542     51.250  1023.2406  47777.558    30.3572      0.701    6.42666    10.5566    10.5590    23.2374   11.63825 6.9264e+02      0.708 0.0000e+00
        207 256.512240    0.01431     0.8583     51.500  1023.2426  47780.808    30.3593      0.714    6.42676    10.5566    10.5576    23.2393   11.63840 6.6127e+02      0.721 0.0000e+00
        208 256.512242    0.01438     0.8625     51.750  1023.2452  47785.369    30.3624      0.721    6.42676    10.5575    10.5567    23.2419   11.63835 6.1496e+02      0.728 0.0000e+00
        209 256.512245    0.01444     0.8667     52.000  1023.2474  47789.423    30.3652      0.720    6.42665    10.5595    10.5567    23.2441   11.63814 5.8153e+02      0.727 0.0000e+00
        210 256.512248    0.01451     0.8708     52.250  1023.2481  47790.988    30.3664      0.712    6.42647    10.5621    10.5576    23.2449   11.63782 5.6382e+02      0.719 0.0000e+00
        211 256.512251    0.01458     0.8750     52.500  1023.2467  47788.750    30.3651      0.701    6.42624    10.5643    10.5596    23.2435   11.63747 5.8103e+02      0.708 0.0000e+00
        212 256.512254    0.01465     0.8792     52.750  1023.2434  47783.256    30.3615      0.691    6.42603    10.5655    10.5621    23.2403   11.63716 6.1640e+02      0.698 0.0000e+00
        213 256.512257    0.01472     0.8833     53.000  1023.2398  47777.005    30.3574      0.687    6.42589    10.5655    10.5643    23.2367   11.63698 6.1827e+02      0.694 0.0000e+00
        214 256.512260    0.01479     0.8875     53.250  1023.2374  47772.682    30.3545      0.690    6.42585    10.5649    10.5655    23.2343   11.63694 5.9469e+02      0.696 0.0000e+00
        215 256.512263    0.01486     0.8917     53.500  1023.2369  47771.678    30.3538      0.695    6.42587    10.5641    10.5656    23.2337   11.63698 5.9856e+02      0.702 0.0000e+00
        216 256.512266    0.01493     0.8958     53.750  1023.2382  47773.989    30.3553      0.701    6.42589    10.5637    10.5649    23.2350   11.63701 6.3285e+02      0.707 0.0000e+00
        217 256.512269    0.01500     0.9000     54.000  1023.2407  47778.479    30.3584      0.701    6.42588    10.5643    10.5641    23.2376   11.63694 6.7240e+02      0.708 0.0000e+00
        218 256.512271    0.01507     0.9042     54.250  1023.2433  47783.118    30.3617      0.696    6.42580    10.5660    10.5638    23.2401   11.63677 6.9638e+02      0.703 0.0000e+00
        219 256.512274    0.01514     0.9083     54.500  1023.2447  47785.773    30.3636      0.687    6.42565    10.5684    10.5643    23.2415   11.63650 7.1346e+02      0.694 0.0000e+00
        220 256.512277    0.01521     0.9125     54.750  1023.2441  47785.068    30.3633      0.677    6.42542    10.5707    10.5660    23.2410   11.63613 7.5016e+02      0.684 0.0000e+00
        221 256.512280    0.01528     0.9167     55.000  1023.2418  47781.185    30.3608      0.671    6.42518    10.5723    10.5685    23.2387   11.63576 7.7828e+02      0.677 0.0000e+00
        222 256.512283    0.01535     0.9208     55.250  1023.2387  47775.886    30.3574      0.671    6.42500    10.5732    10.5708    23.2356   11.63550 7.5902e+02      0.677 0.0000e+00
        223 256.512286    0.01542     0.9250     55.500  1023.2361  47771.338    30.3543      0.677    6.42490    10.5736    10.5724    23.2330   11.63536 7.1552e+02      0.684 0.0000e+00
        224 256.512289    0.01549     0.9292     55.750  1023.2348  47769.022    30.3528      0.688    6.42483    10.5739    10.5733    23.2317   11.63528 7.0779e+02      0.694 0.0000e+00
        225 256.512292    0.01556     0.9333     56.000  1023.2350  47769.452    30.3532      0.698    6.42476    10.5743    10.5737    23.2319   11.63516 7.7292e+02      0.704 0.0000e+00
        226 256.512295    0.01563     0.9375     56.250  1023.2364  47771.885    30.3549      0.703    6.42466    10.5750    10.5739    23.2332   11.63497 8.7634e+02      0.709 0.0000e+00
        227 256.512297    0.01569     0.9417     56.500  1023.2378  47774.516    30.3568      0.704    6.42453    10.5763    10.5743    23.2346   11.63473 9.6964e+02      0.710 0.0000e+00
        228 256.512300    0.01576     0.9458     56.750  1023.2383  47775.530    30.3576      0.700    6.42438    10.5777    10.5751    23.2351   11.63448 1.0695e+03      0.707 0.0000e+00
        229 256.512303    0.01583     0.9500     57.000  1023.2373  47774.021    30.3567      0.697    6.42425    10.5789    10.5763    23.2342   11.63426 1.1053e+03      0.704 0.0000e+00
        230 256.512306    0.01590     0.9542     57.250  1023.2353  47770.605    30.3544      0.696    6.42414    10.5796    10.5778    23.2322   11.63410 1.0173e+03      0.703 0.0000e+00
        231 256.512309    0.01597     0.9583     57.500  1023.2333  47767.068    30.3521      0.699    6.42407    10.5797    10.5790    23.2301   11.63401 9.3257e+02      0.706 0.0000e+00
        232 256.512312    0.01604     0.9625     57.750  1023.2322  47765.037    30.3507      0.704    6.42403    10.5797    10.5796    23.2290   11.63398 9.1269e+02      0.711 0.0000e+00
        233 256.512315    0.01611     0.9667     58.000  1023.2322  47765.115    30.3508      0.705    6.42401    10.5796    10.5798    23.2290   11.63394 8.9009e+02      0.712 0.0000e+00
        234 256.512318    0.01618     0.9708     58.250  1023.2330  47766.671    30.3519      0.702    6.42397    10.5797    10.5797    23.2298   11.63386 8.4146e+02      0.709 0.0000e+00
        235 256.512321    0.01625     0.9750     58.500  1023.2339  47768.295    30.3530      0.693    6.42393    10.5799    10.5797    23.2307   11.63378 8.0040e+02      0.700 0.0000e+00
        236 256.512323    0.01632     0.9792     58.750  1023.2340  47768.593    30.3532      0.681    6.42391    10.5800    10.5798    23.2309   11.63374 7.9034e+02      0.688 0.0000e+00
        237 256.512326    0.01639     0.9833     59.000  1023.2329  47766.665    30.3519      0.672    6.42394    10.5794    10.5800    23.2298   11.63380 8.0774e+02      0.678 0.0000e+00
        238 256.512329    0.01646     0.9875     59.250  1023.2307  47762.682    30.3491      0.670    6.42404    10.5777    10.5801    23.2277   11.63401 8.1119e+02      0.676 0.0000e+00
        239 256.512332    0.01653     0.9917     59.500  1023.2281  47757.823    30.3456      0.676    6.42426    10.5744    10.5795    23.2250   11.63441 7.8169e+02      0.682 0.0000e+00
        240 256.512335    0.01660     0.9958     59.750  1023.2257  47753.039    30.3420      0.688    6.42465    10.5691    10.5778    23.2225   11.63509 7.7628e+02      0.695 0.0000e+00
        241 256.512338    0.01667     1.0000     60.000  1023.2233  47748.175    30.3382      0.701    6.42526    10.5620    10.5745    23.2201   11.63616 8.2729e+02      0.708 0.0000e+00
        242 256.512341    0.01674     1.0042     60.250  1023.2213  47743.644    30.3344      0.710    6.42616    10.5541    10.5692    23.2180   11.63769 9.1760e+02      0.716 0.0000e+00
        243 256.512344    0.01681     1.0083     60.500  1023.2212  47742.379    30.3327      0.710    6.42723    10.5474    10.5621    23.2179   11.63949 9.5994e+02      0.717 0.0000e+00
        244 256.512347    0.01688     1.0125     60.750  1023.2236  47745.874    30.3343      0.704    6.42826    10.5425    10.5542    23.2204   11.64117 8.7917e+02      0.711 0.0000e+00
        245 256.512350    0.01694     1.0167     61.000  1023.2269  47751.018    30.3371      0.696    6.42908    10.5390    10.5475    23.2238   11.64250 7.6319e+02      0.703 0.0000e+00
        246 256.512352    0.01701     1.0208     61.250  1023.2293  47754.645    30.3391      0.691    6.42968    10.5363    10.5426    23.2261   11.64348 6.8957e+02      0.698 0.0000e+00
        247 256.512355    0.01708     1.0250     61.500  1023.2305  47756.309    30.3399      0.692    6.43013    10.5337    10.5391    23.2273   11.64422 6.3708e+02      0.699 0.0000e+00
        248 256.512358    0.01715     1.0292     61.750  1023.2310  47756.833    30.3400      0.699    6.43052    10.5314    10.5364    23.2278   11.64486 6.0031e+02      0.706 0.0000e+00
        249 256.512361    0.01722     1.0333     62.000  1023.2317  47757.673    30.3403      0.708    6.43086    10.5298    10.5338    23.2285   11.64542 6.0721e+02      0.715 0.0000e+00
        250 256.512364    0.01729     1.0375     62.250  1023.2329  47759.528    30.3413      0.713    6.43114    10.5289    10.5315    23.2297   11.64587 6.3763e+02      0.720 0.0000e+00
        251 256.512367    0.01736     1.0417     62.500  1023.2342  47761.648    30.3426      0.711    6.43131    10.5287    10.5299    23.2310   11.64614 6.4502e+02      0.718 0.0000e+00
        252 256.512370    0.01743     1.0458     62.750  1023.2353  47763.535    30.3438      0.702    6.43138    10.5291    10.5290    23.2321   11.64625 6.6983e+02      0.709 0.0000e+00
        253 256.512373    0.01750     1.0500     63.000  1023.2360  47764.996    30.3449      0.692    6.43136    10.5298    10.5288    23.2329   11.64620 7.2234e+02      0.699 0.0000e+00
        254 256.512376    0.01757     1.0542     63.250  1023.2362  47765.458    30.3452      0.686    6.43129    10.5303    10.5292    23.2331   11.64607 7.5899e+02      0.693 0.0000e+00
        255 256.512378    0.01764     1.0583     63.500  1023.2358  47764.723    30.3448      0.692    6.43121    10.5303    10.5299    23.2326   11.64595 7.6264e+02      0.699 0.0000e+00
