CTD-processing/allCTD/CNV--homogene/2018_05-24_alongbay_skb13_cast082.cnv
* Sea-Bird SBE19plus Data File:
* FileName = C:\Users\Kim.Powell\Desktop\Not Processed\2018\2018_05-24_AlongBay, T9_5028\2018_05-24_TRANSECT_STATION_cast082.hex
* Software Version 1.59
* Temperature SN =  5028
* Conductivity SN =  5028
* System UpLoad Time = May 25 2018 13:15:37
** 2018_05-24
** Station: KB13
** Start Time: 10:33
** Depth (m): 28
** Comment:
** Comment:
# nquan = 17
# nvalues = 545                         
# units = specified
# name 0 = scan: Scan Count
# name 1 = timeJ: Julian Days
# name 2 = timeH: Time, Elapsed [hours]
# name 3 = timeM: Time, Elapsed [minutes]
# name 4 = timeS: Time, Elapsed [seconds]
# name 5 = density00: Density [density, kg/m^3]
# name 6 = specc: Specific Conductance [uS/cm]
# name 7 = sal00: Salinity, Practical [PSU]
# name 8 = depSM: Depth [salt water, m], lat = 59.00
# name 9 = oxsolML/L: Oxygen Saturation, Garcia & Gordon [ml/l]
# name 10 = potemp090C: Potential Temperature [ITS-90, deg C]
# name 11 = tv290C: Temperature [ITS-90, deg C]
# name 12 = sigma-é00: Density [sigma-theta, kg/m^3]
# name 13 = n2satML/L: Nitrogen Saturation [ml/l]
# name 14 = par: PAR/Irradiance, Biospherical/Licor
# name 15 = prdM: Pressure, Strain Gauge [db]
# name 16 = flag:  0.000e+00
# span 0 =          1,        545       
# span 1 = 144.438600, 144.440174       
# span 2 =    0.00000,    0.03778       
# span 3 =     0.0000,     2.2667       
# span 4 =      0.000,    136.000       
# span 5 =  1023.4621,  1025.1205       
# span 6 =  47948.821,  50882.074       
# span 7 =    30.1418,    31.6204       
# span 8 =      0.558,     27.140       
# span 9 =    6.76786,    7.22986       
# span 10 =     5.0282,     8.2155      
# span 11 =     5.0300,     8.2156      
# span 12 =    23.4593,    24.9938      
# span 13 =   12.20312,   12.95145      
# span 14 = 8.5223e-02, 1.6768e+02      
# span 15 =      0.563,     27.398      
# span 16 = 0.0000e+00, 0.0000e+00      
# interval = seconds: 0.25
# start_time = May 24 2018 10:31:35 [Instrument's time stamp, header]
# bad_flag = -9.990e-29
*END*
          1 144.438600    0.00000     0.0000      0.000  1023.5843  48166.982    30.2719      0.558    6.82731     7.7707     7.8650    23.5817   12.30302 1.0634e+02      0.563 0.0000e+00
          2 144.438602    0.00007     0.0042      0.250  1023.6442  48275.178    30.3397      0.579    6.83178     7.7349     7.8168    23.6415   12.30958 1.1173e+02      0.584 0.0000e+00
          3 144.438605    0.00014     0.0083      0.500  1023.6988  48373.738    30.4011      0.595    6.83623     7.7082     7.7707    23.6961   12.31618 1.1880e+02      0.601 0.0000e+00
          4 144.438608    0.00021     0.0125      0.750  1023.7350  48438.882    30.4409      0.605    6.84004     7.6891     7.7350    23.7322   12.32198 1.2548e+02      0.611 0.0000e+00
          5 144.438611    0.00028     0.0167      1.000  1023.7567  48477.940    30.4639      0.612    6.84318     7.6766     7.7083    23.7539   12.32689 1.3049e+02      0.618 0.0000e+00
          6 144.438614    0.00035     0.0208      1.250  1023.7721  48505.550    30.4802      0.616    6.84543     7.6688     7.6892    23.7692   12.33040 1.3419e+02      0.622 0.0000e+00
          7 144.438617    0.00042     0.0250      1.500  1023.7873  48533.071    30.4973      0.619    6.84662     7.6637     7.6767    23.7844   12.33216 1.3672e+02      0.625 0.0000e+00
          8 144.438620    0.00049     0.0292      1.750  1023.8040  48563.443    30.5172      0.619    6.84695     7.6600     7.6688    23.8011   12.33247 1.3790e+02      0.625 0.0000e+00
          9 144.438623    0.00056     0.0333      2.000  1023.8192  48591.100    30.5357      0.617    6.84691     7.6565     7.6638    23.8163   12.33218 1.3841e+02      0.623 0.0000e+00
         10 144.438626    0.00063     0.0375      2.250  1023.8294  48609.761    30.5481      0.614    6.84694     7.6527     7.6601    23.8265   12.33207 1.3900e+02      0.620 0.0000e+00
         11 144.438628    0.00069     0.0417      2.500  1023.8337  48617.599    30.5530      0.610    6.84727     7.6488     7.6565    23.8309   12.33256 1.3949e+02      0.616 0.0000e+00
         12 144.438631    0.00076     0.0458      2.750  1023.8334  48617.045    30.5520      0.609    6.84792     7.6452     7.6527    23.8306   12.33363 1.3943e+02      0.614 0.0000e+00
         13 144.438634    0.00083     0.0500      3.000  1023.8306  48611.901    30.5478      0.609    6.84871     7.6422     7.6488    23.8278   12.33500 1.3939e+02      0.615 0.0000e+00
         14 144.438637    0.00090     0.0542      3.250  1023.8269  48604.907    30.5424      0.612    6.84951     7.6394     7.6453    23.8241   12.33638 1.3981e+02      0.618 0.0000e+00
         15 144.438640    0.00097     0.0583      3.500  1023.8234  48598.446    30.5374      0.615    6.85020     7.6364     7.6423    23.8206   12.33759 1.3997e+02      0.621 0.0000e+00
         16 144.438643    0.00104     0.0625      3.750  1023.8213  48594.501    30.5342      0.617    6.85078     7.6333     7.6395    23.8184   12.33859 1.3980e+02      0.622 0.0000e+00
         17 144.438646    0.00111     0.0667      4.000  1023.8205  48593.066    30.5328      0.615    6.85131     7.6304     7.6365    23.8177   12.33949 1.3977e+02      0.620 0.0000e+00
         18 144.438649    0.00118     0.0708      4.250  1023.8213  48594.431    30.5332      0.610    6.85178     7.6281     7.6334    23.8185   12.34026 1.3989e+02      0.615 0.0000e+00
         19 144.438652    0.00125     0.0750      4.500  1023.8251  48601.339    30.5376      0.605    6.85205     7.6267     7.6304    23.8223   12.34065 1.3997e+02      0.610 0.0000e+00
         20 144.438655    0.00132     0.0792      4.750  1023.8332  48616.212    30.5475      0.603    6.85196     7.6263     7.6281    23.8304   12.34038 1.3961e+02      0.608 0.0000e+00
         21 144.438657    0.00139     0.0833      5.000  1023.8456  48638.955    30.5631      0.604    6.85148     7.6270     7.6267    23.8428   12.33939 1.3934e+02      0.610 0.0000e+00
         22 144.438660    0.00146     0.0875      5.250  1023.8612  48667.342    30.5828      0.608    6.85066     7.6287     7.6264    23.8583   12.33779 1.4012e+02      0.613 0.0000e+00
         23 144.438663    0.00153     0.0917      5.500  1023.8751  48692.777    30.6006      0.611    6.84975     7.6304     7.6271    23.8722   12.33606 1.4121e+02      0.617 0.0000e+00
         24 144.438666    0.00160     0.0958      5.750  1023.8789  48699.801    30.6057      0.611    6.84926     7.6314     7.6287    23.8761   12.33518 1.4180e+02      0.617 0.0000e+00
         25 144.438669    0.00167     0.1000      6.000  1023.8694  48682.340    30.5939      0.609    6.84952     7.6314     7.6305    23.8665   12.33576 1.4199e+02      0.615 0.0000e+00
         26 144.438672    0.00174     0.1042      6.250  1023.8529  48652.192    30.5731      0.607    6.85030     7.6311     7.6314    23.8500   12.33731 1.4180e+02      0.613 0.0000e+00
         27 144.438675    0.00181     0.1083      6.500  1023.8378  48624.509    30.5538      0.605    6.85115     7.6304     7.6315    23.8349   12.33897 1.4179e+02      0.611 0.0000e+00
         28 144.438678    0.00187     0.1125      6.750  1023.8278  48606.185    30.5410      0.605    6.85179     7.6292     7.6311    23.8249   12.34017 1.4180e+02      0.611 0.0000e+00
         29 144.438681    0.00194     0.1167      7.000  1023.8235  48598.301    30.5354      0.608    6.85214     7.6272     7.6304    23.8206   12.34082 1.4161e+02      0.613 0.0000e+00
         30 144.438683    0.00201     0.1208      7.250  1023.8242  48599.553    30.5361      0.611    6.85230     7.6246     7.6292    23.8213   12.34108 1.4148e+02      0.617 0.0000e+00
         31 144.438686    0.00208     0.1250      7.500  1023.8278  48606.156    30.5404      0.613    6.85241     7.6216     7.6273    23.8250   12.34122 1.4161e+02      0.619 0.0000e+00
         32 144.438689    0.00215     0.1292      7.750  1023.8316  48613.044    30.5448      0.614    6.85263     7.6185     7.6246    23.8287   12.34152 1.4252e+02      0.620 0.0000e+00
         33 144.438692    0.00222     0.1333      8.000  1023.8337  48616.768    30.5469      0.614    6.85300     7.6154     7.6216    23.8308   12.34212 1.4340e+02      0.620 0.0000e+00
         34 144.438695    0.00229     0.1375      8.250  1023.8336  48616.612    30.5463      0.613    6.85352     7.6127     7.6185    23.8307   12.34298 1.4326e+02      0.619 0.0000e+00
         35 144.438698    0.00236     0.1417      8.500  1023.8320  48613.691    30.5438      0.611    6.85411     7.6107     7.6155    23.8292   12.34399 1.4280e+02      0.617 0.0000e+00
         36 144.438701    0.00243     0.1458      8.750  1023.8301  48610.188    30.5409      0.610    6.85466     7.6093     7.6128    23.8273   12.34493 1.4274e+02      0.616 0.0000e+00
         37 144.438704    0.00250     0.1500      9.000  1023.8292  48608.503    30.5394      0.610    6.85505     7.6085     7.6107    23.8264   12.34560 1.4283e+02      0.616 0.0000e+00
         38 144.438707    0.00257     0.1542      9.250  1023.8300  48609.871    30.5401      0.611    6.85523     7.6080     7.6094    23.8272   12.34589 1.4316e+02      0.617 0.0000e+00
         39 144.438709    0.00264     0.1583      9.500  1023.8323  48613.993    30.5429      0.611    6.85523     7.6073     7.6086    23.8295   12.34585 1.4335e+02      0.617 0.0000e+00
         40 144.438712    0.00271     0.1625      9.750  1023.8354  48619.783    30.5468      0.612    6.85514     7.6063     7.6081    23.8326   12.34565 1.4277e+02      0.618 0.0000e+00
         41 144.438715    0.00278     0.1667     10.000  1023.8386  48625.586    30.5507      0.612    6.85507     7.6050     7.6074    23.8358   12.34549 1.4221e+02      0.618 0.0000e+00
         42 144.438718    0.00285     0.1708     10.250  1023.8407  48629.462    30.5533      0.612    6.85511     7.6034     7.6064    23.8379   12.34552 1.4231e+02      0.617 0.0000e+00
         43 144.438721    0.00292     0.1750     10.500  1023.8414  48630.623    30.5539      0.611    6.85529     7.6017     7.6051    23.8386   12.34581 1.4243e+02      0.616 0.0000e+00
         44 144.438724    0.00299     0.1792     10.750  1023.8409  48629.669    30.5530      0.611    6.85558     7.6000     7.6035    23.8381   12.34630 1.4232e+02      0.616 0.0000e+00
         45 144.438727    0.00306     0.1833     11.000  1023.8397  48627.497    30.5512      0.611    6.85594     7.5985     7.6017    23.8369   12.34691 1.4206e+02      0.616 0.0000e+00
         46 144.438730    0.00313     0.1875     11.250  1023.8385  48625.176    30.5493      0.612    6.85629     7.5973     7.6000    23.8357   12.34752 1.4183e+02      0.617 0.0000e+00
         47 144.438733    0.00319     0.1917     11.500  1023.8376  48623.520    30.5479      0.612    6.85659     7.5964     7.5985    23.8348   12.34803 1.4206e+02      0.618 0.0000e+00
         48 144.438736    0.00326     0.1958     11.750  1023.8371  48622.680    30.5472      0.613    6.85681     7.5958     7.5973    23.8343   12.34840 1.4248e+02      0.618 0.0000e+00
         49 144.438738    0.00333     0.2000     12.000  1023.8374  48623.126    30.5473      0.612    6.85693     7.5955     7.5964    23.8345   12.34861 1.4267e+02      0.618 0.0000e+00
         50 144.438741    0.00340     0.2042     12.250  1023.8387  48625.547    30.5489      0.611    6.85696     7.5952     7.5958    23.8358   12.34863 1.4265e+02      0.616 0.0000e+00
         51 144.438744    0.00347     0.2083     12.500  1023.8406  48629.099    30.5513      0.609    6.85691     7.5949     7.5955    23.8378   12.34852 1.4236e+02      0.615 0.0000e+00
         52 144.438747    0.00354     0.2125     12.750  1023.8416  48630.794    30.5525      0.608    6.85690     7.5946     7.5952    23.8387   12.34848 1.4221e+02      0.613 0.0000e+00
         53 144.438750    0.00361     0.2167     13.000  1023.8406  48629.032    30.5512      0.607    6.85700     7.5943     7.5950    23.8378   12.34867 1.4281e+02      0.613 0.0000e+00
         54 144.438753    0.00368     0.2208     13.250  1023.8396  48627.147    30.5498      0.607    6.85711     7.5945     7.5946    23.8368   12.34888 1.4371e+02      0.613 0.0000e+00
         55 144.438756    0.00375     0.2250     13.500  1023.8409  48629.584    30.5515      0.608    6.85707     7.5952     7.5944    23.8381   12.34879 1.4429e+02      0.614 0.0000e+00
         56 144.438759    0.00382     0.2292     13.750  1023.8450  48637.063    30.5567      0.610    6.85681     7.5963     7.5946    23.8422   12.34830 1.4457e+02      0.615 0.0000e+00
         57 144.438762    0.00389     0.2333     14.000  1023.8506  48647.342    30.5639      0.610    6.85638     7.5976     7.5953    23.8478   12.34749 1.4470e+02      0.616 0.0000e+00
         58 144.438764    0.00396     0.2375     14.250  1023.8560  48657.228    30.5710      0.609    6.85589     7.5990     7.5964    23.8532   12.34660 1.4472e+02      0.615 0.0000e+00
         59 144.438767    0.00403     0.2417     14.500  1023.8594  48663.613    30.5757      0.607    6.85547     7.6003     7.5977    23.8567   12.34584 1.4422e+02      0.613 0.0000e+00
         60 144.438770    0.00410     0.2458     14.750  1023.8597  48664.123    30.5763      0.604    6.85523     7.6015     7.5991    23.8569   12.34544 1.4357e+02      0.610 0.0000e+00
         61 144.438773    0.00417     0.2500     15.000  1023.8573  48659.732    30.5734      0.602    6.85517     7.6029     7.6003    23.8545   12.34536 1.4390e+02      0.608 0.0000e+00
         62 144.438776    0.00424     0.2542     15.250  1023.8558  48657.019    30.5717      0.602    6.85506     7.6049     7.6015    23.8530   12.34520 1.4439e+02      0.608 0.0000e+00
         63 144.438779    0.00431     0.2583     15.500  1023.8593  48663.452    30.5764      0.604    6.85462     7.6080     7.6029    23.8565   12.34443 1.4398e+02      0.610 0.0000e+00
         64 144.438782    0.00438     0.2625     15.750  1023.8699  48682.868    30.5902      0.607    6.85368     7.6124     7.6050    23.8671   12.34269 1.4324e+02      0.613 0.0000e+00
         65 144.438785    0.00444     0.2667     16.000  1023.8878  48715.846    30.6136      0.609    6.85215     7.6179     7.6080    23.8850   12.33987 1.4297e+02      0.615 0.0000e+00
         66 144.438788    0.00451     0.2708     16.250  1023.9102  48756.918    30.6429      0.609    6.85015     7.6237     7.6124    23.9074   12.33620 1.4332e+02      0.615 0.0000e+00
         67 144.438791    0.00458     0.2750     16.500  1023.9307  48794.405    30.6698      0.607    6.84807     7.6286     7.6180    23.9278   12.33242 1.4384e+02      0.613 0.0000e+00
         68 144.438793    0.00465     0.2792     16.750  1023.9439  48818.760    30.6877      0.603    6.84637     7.6323     7.6237    23.9411   12.32938 1.4384e+02      0.609 0.0000e+00
         69 144.438796    0.00472     0.2833     17.000  1023.9480  48826.405    30.6938      0.599    6.84533     7.6348     7.6286    23.9452   12.32759 1.4348e+02      0.605 0.0000e+00
         70 144.438799    0.00479     0.2875     17.250  1023.9431  48817.565    30.6882      0.596    6.84500     7.6362     7.6323    23.9403   12.32711 1.4331e+02      0.602 0.0000e+00
         71 144.438802    0.00486     0.2917     17.500  1023.9338  48800.590    30.6768      0.596    6.84512     7.6370     7.6348    23.9310   12.32744 1.4321e+02      0.602 0.0000e+00
         72 144.438805    0.00493     0.2958     17.750  1023.9287  48791.277    30.6706      0.598    6.84518     7.6381     7.6363    23.9259   12.32761 1.4304e+02      0.604 0.0000e+00
         73 144.438808    0.00500     0.3000     18.000  1023.9336  48800.164    30.6769      0.601    6.84477     7.6402     7.6371    23.9308   12.32686 1.4345e+02      0.607 0.0000e+00
         74 144.438811    0.00507     0.3042     18.250  1023.9481  48826.728    30.6956      0.603    6.84376     7.6431     7.6382    23.9453   12.32496 1.4464e+02      0.608 0.0000e+00
         75 144.438814    0.00514     0.3083     18.500  1023.9666  48860.674    30.7195      0.602    6.84236     7.6459     7.6403    23.9638   12.32234 1.4596e+02      0.607 0.0000e+00
         76 144.438817    0.00521     0.3125     18.750  1023.9812  48887.566    30.7387      0.599    6.84105     7.6481     7.6432    23.9785   12.31994 1.4683e+02      0.605 0.0000e+00
         77 144.438819    0.00528     0.3167     19.000  1023.9867  48897.685    30.7462      0.596    6.84028     7.6496     7.6460    23.9840   12.31857 1.4747e+02      0.602 0.0000e+00
         78 144.438822    0.00535     0.3208     19.250  1023.9820  48889.220    30.7406      0.595    6.84019     7.6505     7.6482    23.9793   12.31849 1.4748e+02      0.600 0.0000e+00
         79 144.438825    0.00542     0.3250     19.500  1023.9725  48871.845    30.7288      0.596    6.84048     7.6510     7.6497    23.9698   12.31912 1.4622e+02      0.601 0.0000e+00
         80 144.438828    0.00549     0.3292     19.750  1023.9686  48864.705    30.7239      0.598    6.84056     7.6520     7.6505    23.9659   12.31931 1.4483e+02      0.604 0.0000e+00
         81 144.438831    0.00556     0.3333     20.000  1023.9770  48880.001    30.7347      0.601    6.84000     7.6537     7.6511    23.9742   12.31825 1.4451e+02      0.606 0.0000e+00
         82 144.438834    0.00562     0.3375     20.250  1023.9939  48910.853    30.7563      0.601    6.83888     7.6558     7.6520    23.9911   12.31613 1.4521e+02      0.607 0.0000e+00
         83 144.438837    0.00569     0.3417     20.500  1024.0094  48939.229    30.7763      0.600    6.83771     7.6580     7.6538    24.0066   12.31394 1.4640e+02      0.605 0.0000e+00
         84 144.438840    0.00576     0.3458     20.750  1024.0163  48951.908    30.7855      0.597    6.83697     7.6602     7.6559    24.0135   12.31260 1.4721e+02      0.603 0.0000e+00
         85 144.438843    0.00583     0.3500     21.000  1024.0119  48944.003    30.7803      0.594    6.83686     7.6623     7.6581    24.0091   12.31249 1.4682e+02      0.600 0.0000e+00
