CTD-processing/allCTD/CNV--homogene/2018_07-29_t3_s15_cast190.cnv
* Sea-Bird SBE19plus Data File:
* FileName = C:\Users\Kim.Powell\Desktop\Not Processed\2018\2018_07-26_T3_5028\2018_07-29_T3_STATION_cast190.hex
* Software Version 1.59
* Temperature SN =  5028
* Conductivity SN =  5028
* System UpLoad Time = Aug 22 2018 09:52:56
** 2018_07-26
** Station: 3-15
** Start Time: 12:06
** Depth (m): 20
** Comment:
** Comment:
# nquan = 17
# nvalues = 403                         
# units = specified
# name 0 = scan: Scan Count
# name 1 = timeJ: Julian Days
# name 2 = timeH: Time, Elapsed [hours]
# name 3 = timeM: Time, Elapsed [minutes]
# name 4 = timeS: Time, Elapsed [seconds]
# name 5 = density00: Density [density, kg/m^3]
# name 6 = specc: Specific Conductance [uS/cm]
# name 7 = sal00: Salinity, Practical [PSU]
# name 8 = depSM: Depth [salt water, m], lat = 59.00
# name 9 = oxsolML/L: Oxygen Saturation, Garcia & Gordon [ml/l]
# name 10 = potemp090C: Potential Temperature [ITS-90, deg C]
# name 11 = tv290C: Temperature [ITS-90, deg C]
# name 12 = sigma-é00: Density [sigma-theta, kg/m^3]
# name 13 = n2satML/L: Nitrogen Saturation [ml/l]
# name 14 = par: PAR/Irradiance, Biospherical/Licor
# name 15 = prdM: Pressure, Strain Gauge [db]
# name 16 = flag:  0.000e+00
# span 0 =          1,        403       
# span 1 = 207.504873, 207.506036       
# span 2 =    0.00000,    0.02792       
# span 3 =     0.0000,     1.6750       
# span 4 =      0.000,    100.500       
# span 5 =  1023.2919,  1023.4667       
# span 6 =  47941.556,  48077.635       
# span 7 =    30.5257,    30.6023       
# span 8 =      0.704,     20.481       
# span 9 =    6.35327,    6.37800       
# span 10 =    10.8383,    11.0373      
# span 11 =    10.8407,    11.0374      
# span 12 =    23.2884,    23.3736      
# span 13 =   11.51443,   11.55478      
# span 14 = 1.4258e+00, 2.7838e+02      
# span 15 =      0.711,     20.675      
# span 16 = 0.0000e+00, 0.0000e+00      
# interval = seconds: 0.25
# start_time = Jul 26 2018 12:07:01 [Instrument's time stamp, header]
# bad_flag = -9.990e-29
*END*
[from data line 171]
        172 207.505367    0.01188     0.7125     42.750  1023.3489  48031.682    30.5803      0.848    6.36364    10.9551    10.9489    23.3449   11.53111 2.7117e+02      0.856 0.0000e+00
        173 207.505370    0.01194     0.7167     43.000  1023.3490  48032.339    30.5810      0.836    6.36326    10.9587    10.9515    23.3451   11.53047 2.7286e+02      0.845 0.0000e+00
        174 207.505373    0.01201     0.7208     43.250  1023.3444  48024.652    30.5760      0.828    6.36295    10.9607    10.9552    23.3406   11.53002 2.7429e+02      0.836 0.0000e+00
        175 207.505376    0.01208     0.7250     43.500  1023.3376  48013.010    30.5682      0.827    6.36278    10.9609    10.9588    23.3339   11.52982 2.7300e+02      0.835 0.0000e+00
        176 207.505379    0.01215     0.7292     43.750  1023.3321  48003.200    30.5615      0.831    6.36276    10.9598    10.9608    23.3283   11.52988 2.7111e+02      0.839 0.0000e+00
        177 207.505382    0.01222     0.7333     44.000  1023.3294  47998.261    30.5580      0.836    6.36288    10.9581    10.9610    23.3256   11.53011 2.7217e+02      0.844 0.0000e+00
        178 207.505385    0.01229     0.7375     44.250  1023.3293  47997.844    30.5576      0.841    6.36305    10.9565    10.9599    23.3254   11.53040 2.7469e+02      0.849 0.0000e+00
        179 207.505388    0.01236     0.7417     44.500  1023.3304  47999.591    30.5586      0.843    6.36323    10.9548    10.9582    23.3265   11.53069 2.7520e+02      0.851 0.0000e+00
        180 207.505391    0.01243     0.7458     44.750  1023.3314  48001.314    30.5596      0.843    6.36342    10.9531    10.9566    23.3276   11.53099 2.7435e+02      0.851 0.0000e+00
        181 207.505394    0.01250     0.7500     45.000  1023.3323  48002.688    30.5604      0.843    6.36362    10.9515    10.9549    23.3285   11.53131 2.7513e+02      0.851 0.0000e+00
        182 207.505396    0.01257     0.7542     45.250  1023.3338  48005.072    30.5619      0.844    6.36380    10.9507    10.9532    23.3300   11.53158 2.7775e+02      0.852 0.0000e+00
        183 207.505399    0.01264     0.7583     45.500  1023.3367  48010.169    30.5654      0.843    6.36387    10.9510    10.9516    23.3329   11.53167 2.7838e+02      0.851 0.0000e+00
        184 207.505402    0.01271     0.7625     45.750  1023.3410  48017.805    30.5707      0.838    6.36377    10.9529    10.9508    23.3372   11.53145 2.7560e+02      0.846 0.0000e+00
        185 207.505405    0.01278     0.7667     46.000  1023.3447  48024.759    30.5757      0.828    6.36353    10.9566    10.9511    23.3410   11.53098 2.7261e+02      0.836 0.0000e+00
        186 207.505408    0.01285     0.7708     46.250  1023.3456  48026.688    30.5772      0.817    6.36320    10.9610    10.9530    23.3419   11.53041 2.7188e+02      0.825 0.0000e+00
        187 207.505411    0.01292     0.7750     46.500  1023.3420  48020.906    30.5735      0.809    6.36284    10.9641    10.9567    23.3384   11.52986 2.7287e+02      0.817 0.0000e+00
        188 207.505414    0.01299     0.7792     46.750  1023.3352  48009.210    30.5658      0.808    6.36255    10.9646    10.9611    23.3316   11.52948 2.7326e+02      0.816 0.0000e+00
        189 207.505417    0.01306     0.7833     47.000  1023.3286  47997.466    30.5578      0.817    6.36245    10.9628    10.9642    23.3249   11.52940 2.7304e+02      0.825 0.0000e+00
        190 207.505420    0.01313     0.7875     47.250  1023.3250  47990.817    30.5532      0.833    6.36256    10.9599    10.9647    23.3212   11.52964 2.7282e+02      0.841 0.0000e+00
        191 207.505422    0.01319     0.7917     47.500  1023.3255  47991.321    30.5533      0.850    6.36280    10.9572    10.9629    23.3216   11.53004 2.7098e+02      0.858 0.0000e+00
        192 207.505425    0.01326     0.7958     47.750  1023.3299  47998.772    30.5583      0.863    6.36301    10.9559    10.9600    23.3259   11.53032 2.6986e+02      0.870 0.0000e+00
        193 207.505428    0.01333     0.8000     48.000  1023.3364  48010.180    30.5660      0.866    6.36306    10.9566    10.9573    23.3324   11.53032 2.7179e+02      0.873 0.0000e+00
        194 207.505431    0.01340     0.8042     48.250  1023.3421  48020.421    30.5731      0.859    6.36296    10.9596    10.9560    23.3381   11.53006 2.7345e+02      0.867 0.0000e+00
        195 207.505434    0.01347     0.8083     48.500  1023.3446  48025.280    30.5766      0.847    6.36272    10.9638    10.9567    23.3408   11.52962 2.7359e+02      0.855 0.0000e+00
        196 207.505437    0.01354     0.8125     48.750  1023.3431  48022.967    30.5753      0.835    6.36236    10.9675    10.9597    23.3393   11.52905 2.7268e+02      0.843 0.0000e+00
        197 207.505440    0.01361     0.8167     49.000  1023.3381  48014.728    30.5699      0.827    6.36200    10.9694    10.9639    23.3344   11.52851 2.7089e+02      0.835 0.0000e+00
        198 207.505443    0.01368     0.8208     49.250  1023.3322  48004.517    30.5631      0.824    6.36177    10.9696    10.9676    23.3285   11.52821 2.7038e+02      0.832 0.0000e+00
        199 207.505446    0.01375     0.8250     49.500  1023.3276  47996.422    30.5576      0.826    6.36172    10.9685    10.9695    23.3239   11.52820 2.7009e+02      0.834 0.0000e+00
        200 207.505448    0.01382     0.8292     49.750  1023.3254  47992.424    30.5548      0.830    6.36181    10.9670    10.9697    23.3217   11.52839 2.6906e+02      0.838 0.0000e+00
        201 207.505451    0.01389     0.8333     50.000  1023.3255  47992.389    30.5547      0.835    6.36197    10.9656    10.9686    23.3217   11.52864 2.6919e+02      0.843 0.0000e+00
        202 207.505454    0.01396     0.8375     50.250  1023.3271  47995.067    30.5564      0.838    6.36211    10.9645    10.9671    23.3233   11.52885 2.6933e+02      0.846 0.0000e+00
        203 207.505457    0.01403     0.8417     50.500  1023.3294  47999.037    30.5591      0.840    6.36220    10.9638    10.9657    23.3256   11.52897 2.6851e+02      0.848 0.0000e+00
        204 207.505460    0.01410     0.8458     50.750  1023.3319  48003.452    30.5621      0.840    6.36222    10.9633    10.9646    23.3281   11.52896 2.6892e+02      0.848 0.0000e+00
        205 207.505463    0.01417     0.8500     51.000  1023.3344  48007.908    30.5652      0.838    6.36219    10.9628    10.9639    23.3306   11.52888 2.7134e+02      0.846 0.0000e+00
        206 207.505466    0.01424     0.8542     51.250  1023.3365  48011.672    30.5678      0.834    6.36215    10.9622    10.9634    23.3327   11.52879 2.7259e+02      0.842 0.0000e+00
        207 207.505469    0.01431     0.8583     51.500  1023.3377  48013.695    30.5691      0.831    6.36218    10.9616    10.9629    23.3339   11.52881 2.7044e+02      0.839 0.0000e+00
        208 207.505472    0.01438     0.8625     51.750  1023.3375  48013.251    30.5687      0.830    6.36228    10.9609    10.9623    23.3337   11.52898 2.6800e+02      0.838 0.0000e+00
        209 207.505475    0.01444     0.8667     52.000  1023.3361  48010.508    30.5667      0.833    6.36244    10.9597    10.9617    23.3323   11.52928 2.6704e+02      0.841 0.0000e+00
        210 207.505477    0.01451     0.8708     52.250  1023.3344  48007.313    30.5644      0.841    6.36263    10.9583    10.9610    23.3306   11.52962 2.6694e+02      0.849 0.0000e+00
        211 207.505480    0.01458     0.8750     52.500  1023.3341  48006.581    30.5637      0.851    6.36281    10.9568    10.9598    23.3302   11.52993 2.6773e+02      0.859 0.0000e+00
        212 207.505483    0.01465     0.8792     52.750  1023.3361  48009.903    30.5659      0.858    6.36292    10.9557    10.9584    23.3322   11.53009 2.6762e+02      0.866 0.0000e+00
        213 207.505486    0.01472     0.8833     53.000  1023.3395  48015.867    30.5700      0.860    6.36296    10.9553    10.9569    23.3356   11.53010 2.6678e+02      0.868 0.0000e+00
        214 207.505489    0.01479     0.8875     53.250  1023.3426  48021.378    30.5738      0.856    6.36295    10.9557    10.9558    23.3387   11.53004 2.6688e+02      0.864 0.0000e+00
        215 207.505492    0.01486     0.8917     53.500  1023.3442  48024.208    30.5757      0.849    6.36293    10.9564    10.9554    23.3403   11.52998 2.6715e+02      0.857 0.0000e+00
        216 207.505495    0.01493     0.8958     53.750  1023.3441  48024.095    30.5757      0.842    6.36288    10.9571    10.9558    23.3402   11.52991 2.6792e+02      0.850 0.0000e+00
        217 207.505498    0.01500     0.9000     54.000  1023.3433  48022.799    30.5748      0.837    6.36282    10.9577    10.9565    23.3394   11.52981 2.6974e+02      0.845 0.0000e+00
        218 207.505501    0.01507     0.9042     54.250  1023.3428  48022.207    30.5745      0.832    6.36273    10.9581    10.9572    23.3390   11.52968 2.6995e+02      0.840 0.0000e+00
        219 207.505503    0.01514     0.9083     54.500  1023.3427  48022.163    30.5745      0.828    6.36265    10.9582    10.9578    23.3390   11.52954 2.6757e+02      0.836 0.0000e+00
        220 207.505506    0.01521     0.9125     54.750  1023.3420  48020.964    30.5737      0.825    6.36263    10.9578    10.9582    23.3383   11.52952 2.6602e+02      0.833 0.0000e+00
        221 207.505509    0.01528     0.9167     55.000  1023.3401  48017.500    30.5713      0.827    6.36272    10.9568    10.9583    23.3364   11.52970 2.6630e+02      0.835 0.0000e+00
        222 207.505512    0.01535     0.9208     55.250  1023.3377  48012.880    30.5680      0.834    6.36291    10.9554    10.9579    23.3339   11.53005 2.6749e+02      0.842 0.0000e+00
        223 207.505515    0.01542     0.9250     55.500  1023.3362  48009.974    30.5658      0.844    6.36313    10.9540    10.9569    23.3324   11.53044 2.6914e+02      0.852 0.0000e+00
        224 207.505518    0.01549     0.9292     55.750  1023.3371  48011.205    30.5665      0.852    6.36329    10.9533    10.9555    23.3332   11.53070 2.6971e+02      0.860 0.0000e+00
        225 207.505521    0.01556     0.9333     56.000  1023.3399  48016.163    30.5699      0.855    6.36335    10.9536    10.9541    23.3360   11.53075 2.6938e+02      0.862 0.0000e+00
        226 207.505524    0.01563     0.9375     56.250  1023.3430  48021.633    30.5737      0.851    6.36330    10.9551    10.9534    23.3391   11.53062 2.7010e+02      0.858 0.0000e+00
        227 207.505527    0.01569     0.9417     56.500  1023.3442  48023.938    30.5753      0.842    6.36318    10.9573    10.9537    23.3403   11.53041 2.7118e+02      0.850 0.0000e+00
        228 207.505530    0.01576     0.9458     56.750  1023.3424  48021.088    30.5735      0.835    6.36304    10.9590    10.9552    23.3386   11.53020 2.7116e+02      0.842 0.0000e+00
        229 207.505532    0.01583     0.9500     57.000  1023.3386  48014.504    30.5691      0.833    6.36292    10.9594    10.9574    23.3348   11.53005 2.7140e+02      0.840 0.0000e+00
        230 207.505535    0.01590     0.9542     57.250  1023.3349  48008.023    30.5647      0.835    6.36287    10.9589    10.9591    23.3311   11.53002 2.7060e+02      0.843 0.0000e+00
        231 207.505538    0.01597     0.9583     57.500  1023.3331  48004.684    30.5624      0.841    6.36290    10.9581    10.9595    23.3293   11.53010 2.6673e+02      0.849 0.0000e+00
        232 207.505541    0.01604     0.9625     57.750  1023.3336  48005.455    30.5629      0.846    6.36295    10.9577    10.9590    23.3297   11.53018 2.6377e+02      0.854 0.0000e+00
        233 207.505544    0.01611     0.9667     58.000  1023.3358  48009.407    30.5656      0.848    6.36295    10.9579    10.9582    23.3320   11.53015 2.6485e+02      0.855 0.0000e+00
        234 207.505547    0.01618     0.9708     58.250  1023.3385  48014.282    30.5690      0.843    6.36287    10.9591    10.9578    23.3347   11.52998 2.6736e+02      0.851 0.0000e+00
        235 207.505550    0.01625     0.9750     58.500  1023.3402  48017.552    30.5713      0.834    6.36275    10.9615    10.9580    23.3365   11.52974 2.6890e+02      0.842 0.0000e+00
        236 207.505553    0.01632     0.9792     58.750  1023.3396  48016.725    30.5709      0.823    6.36260    10.9641    10.9592    23.3359   11.52950 2.6906e+02      0.831 0.0000e+00
        237 207.505556    0.01639     0.9833     59.000  1023.3357  48010.016    30.5664      0.816    6.36246    10.9654    10.9616    23.3320   11.52932 2.6844e+02      0.824 0.0000e+00
        238 207.505558    0.01646     0.9875     59.250  1023.3292  47998.624    30.5586      0.817    6.36242    10.9643    10.9642    23.3255   11.52934 2.6903e+02      0.825 0.0000e+00
        239 207.505561    0.01653     0.9917     59.500  1023.3225  47986.529    30.5502      0.826    6.36258    10.9608    10.9655    23.3188   11.52971 2.6932e+02      0.834 0.0000e+00
        240 207.505564    0.01660     0.9958     59.750  1023.3174  47976.976    30.5434      0.840    6.36301    10.9556    10.9644    23.3136   11.53050 2.6730e+02      0.848 0.0000e+00
        241 207.505567    0.01667     1.0000     60.000  1023.3140  47970.088    30.5381      0.851    6.36370    10.9498    10.9609    23.3101   11.53171 2.6633e+02      0.859 0.0000e+00
        242 207.505570    0.01674     1.0042     60.250  1023.3117  47965.015    30.5340      0.855    6.36457    10.9440    10.9557    23.3078   11.53320 2.6873e+02      0.863 0.0000e+00
        243 207.505573    0.01681     1.0083     60.500  1023.3109  47962.788    30.5317      0.851    6.36547    10.9390    10.9499    23.3071   11.53472 2.7217e+02      0.859 0.0000e+00
        244 207.505576    0.01688     1.0125     60.750  1023.3120  47963.876    30.5319      0.842    6.36626    10.9354    10.9441    23.3082   11.53603 2.7360e+02      0.850 0.0000e+00
        245 207.505579    0.01694     1.0167     61.000  1023.3138  47966.470    30.5331      0.833    6.36689    10.9329    10.9391    23.3100   11.53705 2.7144e+02      0.841 0.0000e+00
        246 207.505582    0.01701     1.0208     61.250  1023.3153  47968.715    30.5343      0.830    6.36734    10.9310    10.9355    23.3116   11.53779 2.6794e+02      0.837 0.0000e+00
        247 207.505584    0.01708     1.0250     61.500  1023.3163  47970.074    30.5350      0.834    6.36766    10.9296    10.9329    23.3125   11.53832 2.6684e+02      0.842 0.0000e+00
        248 207.505587    0.01715     1.0292     61.750  1023.3170  47970.962    30.5354      0.844    6.36790    10.9286    10.9311    23.3132   11.53870 2.6711e+02      0.852 0.0000e+00
        249 207.505590    0.01722     1.0333     62.000  1023.3176  47971.802    30.5359      0.854    6.36807    10.9280    10.9297    23.3137   11.53898 2.6701e+02      0.862 0.0000e+00
        250 207.505593    0.01729     1.0375     62.250  1023.3182  47972.637    30.5363      0.858    6.36818    10.9276    10.9287    23.3143   11.53916 2.6827e+02      0.866 0.0000e+00
        251 207.505596    0.01736     1.0417     62.500  1023.3186  47973.387    30.5368      0.852    6.36825    10.9274    10.9281    23.3147   11.53928 2.7107e+02      0.860 0.0000e+00
        252 207.505599    0.01743     1.0458     62.750  1023.3190  47974.064    30.5372      0.839    6.36829    10.9276    10.9277    23.3151   11.53933 2.7290e+02      0.847 0.0000e+00
        253 207.505602    0.01750     1.0500     63.000  1023.3192  47974.555    30.5376      0.824    6.36830    10.9278    10.9275    23.3154   11.53934 2.7301e+02      0.832 0.0000e+00
        254 207.505605    0.01757     1.0542     63.250  1023.3191  47974.556    30.5376      0.813    6.36828    10.9280    10.9276    23.3154   11.53932 2.7247e+02      0.821 0.0000e+00
        255 207.505608    0.01764     1.0583     63.500  1023.3188  47974.062    30.5373      0.812    6.36827    10.9281    10.9279    23.3151   11.53929 2.7102e+02      0.820 0.0000e+00
