CTD-processing/allCTD/CNV--homogene/2018_09-13_t9_s08_cast023.cnv
* Sea-Bird SBE19plus Data File:
* FileName = C:\Users\Kim.Powell\Desktop\Not Processed\2018\2018_09-13_T3, T4, T9_5028\2018_09-13_TRANSECT_STATION_cast023.hex
* Software Version 1.59
* Temperature SN =  5028
* Conductivity SN =  5028
* System UpLoad Time = Sep 14 2018 16:09:50
** 2018_09-13
** Station: 9-08
** Start Time: 15:18
** Depth (m): 95
** Comment:
** Comment:
# nquan = 17
# nvalues = 726                         
# units = specified
# name 0 = scan: Scan Count
# name 1 = timeJ: Julian Days
# name 2 = timeH: Time, Elapsed [hours]
# name 3 = timeM: Time, Elapsed [minutes]
# name 4 = timeS: Time, Elapsed [seconds]
# name 5 = density00: Density [density, kg/m^3]
# name 6 = specc: Specific Conductance [uS/cm]
# name 7 = sal00: Salinity, Practical [PSU]
# name 8 = depSM: Depth [salt water, m], lat = 59.00
# name 9 = oxsolML/L: Oxygen Saturation, Garcia & Gordon [ml/l]
# name 10 = potemp090C: Potential Temperature [ITS-90, deg C]
# name 11 = tv290C: Temperature [ITS-90, deg C]
# name 12 = sigma-é00: Density [sigma-theta, kg/m^3]
# name 13 = n2satML/L: Nitrogen Saturation [ml/l]
# name 14 = par: PAR/Irradiance, Biospherical/Licor
# name 15 = prdM: Pressure, Strain Gauge [db]
# name 16 = flag:  0.000e+00
# span 0 =          1,        726       
# span 1 = 256.638889, 256.640987       
# span 2 =    0.00000,    0.05035       
# span 3 =     0.0000,     3.0208       
# span 4 =      0.000,    181.250       
# span 5 =  1022.5659,  1024.3919       
# span 6 =  46662.665,  49049.360       
# span 7 =    29.6521,    31.0969       
# span 8 =      0.600,     91.693       
# span 9 =    6.35196,    6.53372       
# span 10 =     9.5787,    11.3071      
# span 11 =     9.5873,    11.3072      
# span 12 =    22.5630,    23.9735      
# span 13 =   11.52266,   11.80679      
# span 14 = 5.8603e-02, 1.0213e+03      
# span 15 =      0.606,     92.578      
# span 16 = 0.0000e+00, 0.0000e+00      
# interval = seconds: 0.25
# start_time = Sep 13 2018 15:20:00 [Instrument's time stamp, header]
# bad_flag = -9.990e-29
*END*
[from data line 256]
        257 256.639630    0.01778     1.0667     64.000  1022.5689  46668.164    29.6564      0.641    6.35253    11.3051    11.3029    22.5660   11.52360 6.3623e+02      0.647 0.0000e+00
        258 256.639633    0.01785     1.0708     64.250  1022.5682  46666.987    29.6557      0.640    6.35238    11.3059    11.3042    22.5652   11.52336 6.4058e+02      0.646 0.0000e+00
        259 256.639635    0.01792     1.0750     64.500  1022.5677  46666.296    29.6553      0.636    6.35226    11.3065    11.3052    22.5647   11.52316 6.3260e+02      0.642 0.0000e+00
        260 256.639638    0.01799     1.0792     64.750  1022.5673  46665.746    29.6550      0.630    6.35216    11.3068    11.3060    22.5644   11.52300 6.3218e+02      0.636 0.0000e+00
        261 256.639641    0.01806     1.0833     65.000  1022.5669  46665.278    29.6547      0.627    6.35208    11.3068    11.3066    22.5641   11.52288 6.2737e+02      0.633 0.0000e+00
        262 256.639644    0.01812     1.0875     65.250  1022.5668  46665.049    29.6545      0.628    6.35204    11.3065    11.3069    22.5639   11.52282 5.9714e+02      0.634 0.0000e+00
        263 256.639647    0.01819     1.0917     65.500  1022.5670  46665.488    29.6548      0.633    6.35203    11.3064    11.3069    22.5641   11.52280 5.5034e+02      0.639 0.0000e+00
        264 256.639650    0.01826     1.0958     65.750  1022.5677  46666.560    29.6556      0.638    6.35204    11.3066    11.3066    22.5647   11.52281 5.1176e+02      0.644 0.0000e+00
        265 256.639653    0.01833     1.1000     66.000  1022.5681  46667.380    29.6562      0.639    6.35203    11.3069    11.3065    22.5652   11.52279 4.9741e+02      0.645 0.0000e+00
        266 256.639656    0.01840     1.1042     66.250  1022.5682  46667.482    29.6563      0.636    6.35201    11.3071    11.3067    22.5652   11.52274 5.1454e+02      0.641 0.0000e+00
        267 256.639659    0.01847     1.1083     66.500  1022.5679  46667.118    29.6561      0.628    6.35197    11.3070    11.3070    22.5650   11.52268 5.4757e+02      0.634 0.0000e+00
        268 256.639661    0.01854     1.1125     66.750  1022.5676  46666.618    29.6557      0.621    6.35196    11.3058    11.3072    22.5647   11.52266 5.6889e+02      0.627 0.0000e+00
        269 256.639664    0.01861     1.1167     67.000  1022.5672  46665.913    29.6552      0.618    6.35200    11.3025    11.3070    22.5644   11.52274 6.1466e+02      0.624 0.0000e+00
        270 256.639667    0.01868     1.1208     67.250  1022.5666  46664.573    29.6541      0.620    6.35220    11.2954    11.3059    22.5638   11.52309 6.9761e+02      0.626 0.0000e+00
        271 256.639670    0.01875     1.1250     67.500  1022.5659  46662.665    29.6525      0.626    6.35272    11.2843    11.3026    22.5630   11.52398 7.7086e+02      0.632 0.0000e+00
        272 256.639673    0.01882     1.1292     67.750  1022.5668  46663.115    29.6521      0.633    6.35370    11.2722    11.2955    22.5639   11.52561 8.1883e+02      0.639 0.0000e+00
        273 256.639676    0.01889     1.1333     68.000  1022.5720  46670.653    29.6562      0.638    6.35505    11.2632    11.2844    22.5690   11.52779 8.2692e+02      0.644 0.0000e+00
        274 256.639679    0.01896     1.1375     68.250  1022.5804  46684.006    29.6644      0.638    6.35638    11.2588    11.2723    22.5775   11.52989 8.1800e+02      0.644 0.0000e+00
        275 256.639682    0.01903     1.1417     68.500  1022.5879  46696.195    29.6720      0.633    6.35731    11.2579    11.2632    22.5850   11.53134 8.4154e+02      0.639 0.0000e+00
        276 256.639685    0.01910     1.1458     68.750  1022.5921  46703.217    29.6765      0.628    6.35773    11.2588    11.2588    22.5892   11.53198 8.8263e+02      0.634 0.0000e+00
        277 256.639688    0.01917     1.1500     69.000  1022.5936  46705.734    29.6782      0.624    6.35778    11.2604    11.2579    22.5907   11.53205 9.0610e+02      0.630 0.0000e+00
        278 256.639690    0.01924     1.1542     69.250  1022.5937  46706.071    29.6785      0.623    6.35765    11.2628    11.2588    22.5908   11.53183 8.8608e+02      0.629 0.0000e+00
        279 256.639693    0.01931     1.1583     69.500  1022.5935  46706.031    29.6787      0.627    6.35741    11.2660    11.2605    22.5906   11.53143 8.0680e+02      0.633 0.0000e+00
        280 256.639696    0.01938     1.1625     69.750  1022.5930  46705.522    29.6786      0.634    6.35708    11.2696    11.2629    22.5901   11.53090 7.0829e+02      0.639 0.0000e+00
        281 256.639699    0.01944     1.1667     70.000  1022.5919  46703.893    29.6777      0.639    6.35669    11.2741    11.2660    22.5890   11.53025 6.4689e+02      0.645 0.0000e+00
        282 256.639702    0.01951     1.1708     70.250  1022.5907  46702.390    29.6770      0.642    6.35622    11.2806    11.2697    22.5878   11.52949 6.4064e+02      0.647 0.0000e+00
        283 256.639705    0.01958     1.1750     70.500  1022.5900  46701.945    29.6772      0.639    6.35560    11.2889    11.2742    22.5871   11.52846 6.6431e+02      0.645 0.0000e+00
        284 256.639708    0.01965     1.1792     70.750  1022.5883  46699.873    29.6764      0.633    6.35475    11.2970    11.2806    22.5854   11.52706 6.8287e+02      0.638 0.0000e+00
        285 256.639711    0.01972     1.1833     71.000  1022.5840  46693.536    29.6728      0.625    6.35376    11.3027    11.2890    22.5812   11.52545 7.1773e+02      0.630 0.0000e+00
        286 256.639714    0.01979     1.1875     71.250  1022.5784  46684.740    29.6674      0.619    6.35287    11.3053    11.2971    22.5756   11.52404 7.5550e+02      0.624 0.0000e+00
        287 256.639716    0.01986     1.1917     71.500  1022.5736  46676.891    29.6625      0.617    6.35229    11.3044    11.3028    22.5708   11.52314 7.2924e+02      0.623 0.0000e+00
        288 256.639719    0.01993     1.1958     71.750  1022.5700  46670.763    29.6585      0.620    6.35211    11.2995    11.3054    22.5672   11.52288 6.6715e+02      0.626 0.0000e+00
        289 256.639722    0.02000     1.2000     72.000  1022.5674  46665.757    29.6549      0.627    6.35237    11.2904    11.3045    22.5645   11.52336 6.4241e+02      0.633 0.0000e+00
        290 256.639725    0.02007     1.2042     72.250  1022.5668  46663.820    29.6530      0.635    6.35312    11.2792    11.2996    22.5639   11.52462 6.5259e+02      0.640 0.0000e+00
        291 256.639728    0.02014     1.2083     72.500  1022.5698  46667.827    29.6549      0.639    6.35428    11.2694    11.2905    22.5670   11.52653 6.8022e+02      0.645 0.0000e+00
        292 256.639731    0.02021     1.2125     72.750  1022.5765  46678.166    29.6610      0.639    6.35556    11.2639    11.2793    22.5737   11.52858 7.3394e+02      0.645 0.0000e+00
        293 256.639734    0.02028     1.2167     73.000  1022.5844  46690.966    29.6690      0.635    6.35657    11.2619    11.2695    22.5816   11.53016 7.7321e+02      0.641 0.0000e+00
        294 256.639737    0.02035     1.2208     73.250  1022.5896  46699.431    29.6744      0.630    6.35711    11.2608    11.2640    22.5867   11.53100 7.6353e+02      0.636 0.0000e+00
        295 256.639740    0.02042     1.2250     73.500  1022.5908  46701.379    29.6756      0.627    6.35733    11.2580    11.2620    22.5880   11.53134 7.4152e+02      0.633 0.0000e+00
        296 256.639742    0.02049     1.2292     73.750  1022.5901  46699.889    29.6744      0.626    6.35754    11.2522    11.2609    22.5872   11.53169 7.2098e+02      0.632 0.0000e+00
        297 256.639745    0.02056     1.2333     74.000  1022.5892  46697.717    29.6726      0.628    6.35798    11.2424    11.2581    22.5863   11.53246 6.9247e+02      0.634 0.0000e+00
        298 256.639748    0.02063     1.2375     74.250  1022.5889  46696.270    29.6710      0.630    6.35884    11.2287    11.2523    22.5861   11.53390 6.6269e+02      0.636 0.0000e+00
        299 256.639751    0.02069     1.2417     74.500  1022.5909  46698.154    29.6713      0.633    6.36017    11.2140    11.2425    22.5880   11.53611 6.2858e+02      0.638 0.0000e+00
        300 256.639754    0.02076     1.2458     74.750  1022.5970  46706.863    29.6760      0.634    6.36185    11.2019    11.2288    22.5940   11.53885 6.1072e+02      0.640 0.0000e+00
        301 256.639757    0.02083     1.2500     75.000  1022.6061  46721.034    29.6844      0.634    6.36353    11.1938    11.2140    22.6031   11.54152 6.1122e+02      0.640 0.0000e+00
        302 256.639760    0.02090     1.2542     75.250  1022.6146  46734.580    29.6927      0.632    6.36484    11.1886    11.2020    22.6117   11.54361 6.1089e+02      0.638 0.0000e+00
        303 256.639763    0.02097     1.2583     75.500  1022.6202  46743.484    29.6981      0.630    6.36573    11.1846    11.1939    22.6173   11.54502 6.4407e+02      0.636 0.0000e+00
        304 256.639766    0.02104     1.2625     75.750  1022.6233  46748.301    29.7010      0.629    6.36632    11.1814    11.1887    22.6204   11.54598 7.0559e+02      0.635 0.0000e+00
        305 256.639769    0.02111     1.2667     76.000  1022.6256  46751.834    29.7031      0.629    6.36679    11.1793    11.1847    22.6227   11.54672 7.1684e+02      0.635 0.0000e+00
        306 256.639771    0.02118     1.2708     76.250  1022.6278  46755.471    29.7053      0.629    6.36714    11.1784    11.1814    22.6250   11.54728 6.6847e+02      0.635 0.0000e+00
        307 256.639774    0.02125     1.2750     76.500  1022.6294  46758.075    29.7069      0.627    6.36736    11.1780    11.1793    22.6266   11.54762 6.4338e+02      0.633 0.0000e+00
        308 256.639777    0.02132     1.2792     76.750  1022.6300  46759.045    29.7075      0.625    6.36746    11.1777    11.1784    22.6272   11.54778 6.5919e+02      0.631 0.0000e+00
        309 256.639780    0.02139     1.2833     77.000  1022.6302  46759.325    29.7076      0.624    6.36751    11.1776    11.1781    22.6274   11.54786 6.7052e+02      0.630 0.0000e+00
        310 256.639783    0.02146     1.2875     77.250  1022.6304  46759.603    29.7078      0.626    6.36754    11.1779    11.1778    22.6276   11.54790 6.6618e+02      0.632 0.0000e+00
        311 256.639786    0.02153     1.2917     77.500  1022.6308  46760.306    29.7083      0.632    6.36754    11.1794    11.1777    22.6280   11.54790 6.4476e+02      0.638 0.0000e+00
        312 256.639789    0.02160     1.2958     77.750  1022.6315  46761.566    29.7092      0.640    6.36745    11.1822    11.1780    22.6286   11.54774 6.3798e+02      0.646 0.0000e+00
        313 256.639792    0.02167     1.3000     78.000  1022.6318  46762.293    29.7099      0.646    6.36723    11.1856    11.1795    22.6289   11.54736 6.5772e+02      0.652 0.0000e+00
        314 256.639795    0.02174     1.3042     78.250  1022.6308  46760.972    29.7092      0.645    6.36687    11.1887    11.1822    22.6279   11.54678 6.7713e+02      0.651 0.0000e+00
        315 256.639797    0.02181     1.3083     78.500  1022.6289  46758.057    29.7075      0.637    6.36647    11.1917    11.1856    22.6260   11.54614 7.0593e+02      0.643 0.0000e+00
        316 256.639800    0.02187     1.3125     78.750  1022.6273  46755.824    29.7063      0.625    6.36609    11.1954    11.1888    22.6245   11.54552 7.4036e+02      0.631 0.0000e+00
        317 256.639803    0.02194     1.3167     79.000  1022.6264  46754.755    29.7059      0.617    6.36570    11.1998    11.1918    22.6236   11.54488 7.7197e+02      0.623 0.0000e+00
        318 256.639806    0.02201     1.3208     79.250  1022.6251  46752.910    29.7050      0.615    6.36524    11.2040    11.1954    22.6223   11.54413 8.1701e+02      0.621 0.0000e+00
        319 256.639809    0.02208     1.3250     79.500  1022.6226  46749.081    29.7027      0.621    6.36473    11.2071    11.1998    22.6198   11.54330 8.5266e+02      0.627 0.0000e+00
        320 256.639812    0.02215     1.3292     79.750  1022.6198  46744.612    29.7000      0.631    6.36426    11.2084    11.2041    22.6169   11.54256 8.5564e+02      0.637 0.0000e+00
        321 256.639815    0.02222     1.3333     80.000  1022.6175  46740.750    29.6976      0.643    6.36393    11.2066    11.2072    22.6145   11.54204 8.3280e+02      0.649 0.0000e+00
        322 256.639818    0.02229     1.3375     80.250  1022.6156  46737.345    29.6953      0.656    6.36384    11.2012    11.2085    22.6126   11.54193 7.9146e+02      0.662 0.0000e+00
        323 256.639821    0.02236     1.3417     80.500  1022.6152  46736.316    29.6944      0.668    6.36412    11.1927    11.2068    22.6121   11.54240 7.5359e+02      0.675 0.0000e+00
        324 256.639823    0.02243     1.3458     80.750  1022.6179  46740.255    29.6966      0.684    6.36478    11.1810    11.2013    22.6148   11.54346 7.1499e+02      0.690 0.0000e+00
        325 256.639826    0.02250     1.3500     81.000  1022.6234  46748.690    29.7016      0.708    6.36575    11.1638    11.1928    22.6201   11.54501 6.8339e+02      0.714 0.0000e+00
        326 256.639829    0.02257     1.3542     81.250  1022.6306  46759.725    29.7081      0.753    6.36708    11.1353    11.1811    22.6272   11.54715 6.6851e+02      0.760 0.0000e+00
        327 256.639832    0.02264     1.3583     81.500  1022.6401  46773.638    29.7161      0.837    6.36913    11.0903    11.1639    22.6363   11.55044 6.3157e+02      0.845 0.0000e+00
        328 256.639835    0.02271     1.3625     81.750  1022.6577  46800.068    29.7316      0.971    6.37241    11.0297    11.1355    22.6533   11.55571 5.7249e+02      0.980 0.0000e+00
        329 256.639838    0.02278     1.3667     82.000  1022.6933  46856.468    29.7664      1.150    6.37718    10.9580    11.0905    22.6881   11.56321 5.2540e+02      1.161 0.0000e+00
        330 256.639841    0.02285     1.3708     82.250  1022.7504  46949.524    29.8254      1.358    6.38314    10.8784    11.0299    22.7442   11.57238 4.9291e+02      1.372 0.0000e+00
        331 256.639844    0.02292     1.3750     82.500  1022.8232  47069.406    29.9020      1.581    6.38991    10.7934    10.9582    22.8160   11.58271 4.6163e+02      1.596 0.0000e+00
        332 256.639847    0.02299     1.3792     82.750  1022.9044  47203.629    29.9878      1.810    6.39742    10.7067    10.8786    22.8962   11.59415 4.2821e+02      1.828 0.0000e+00
        333 256.639850    0.02306     1.3833     83.000  1022.9894  47343.955    30.0772      2.044    6.40554    10.6241    10.7936    22.9801   11.60656 3.9434e+02      2.063 0.0000e+00
        334 256.639852    0.02313     1.3875     83.250  1023.0732  47482.066    30.1647      2.282    6.41400    10.5529    10.7069    23.0628   11.61954 3.5823e+02      2.304 0.0000e+00
        335 256.639855    0.02319     1.3917     83.500  1023.1498  47607.759    30.2439      2.527    6.42224    10.4974    10.6244    23.1383   11.63226 3.2533e+02      2.550 0.0000e+00
        336 256.639858    0.02326     1.3958     83.750  1023.2138  47712.271    30.3094      2.776    6.42947    10.4570    10.5532    23.2012   11.64347 3.0132e+02      2.801 0.0000e+00
        337 256.639861    0.02333     1.4000     84.000  1023.2629  47791.953    30.3591      3.025    6.43518    10.4288    10.4977    23.2491   11.65235 2.8227e+02      3.054 0.0000e+00
        338 256.639864    0.02340     1.4042     84.250  1023.2983  47848.868    30.3945      3.272    6.43936    10.4096    10.4573    23.2834   11.65886 2.6573e+02      3.303 0.0000e+00
        339 256.639867    0.02347     1.4083     84.500  1023.3230  47887.963    30.4187      3.513    6.44229    10.3959    10.4292    23.3070   11.66343 2.4927e+02      3.546 0.0000e+00
        340 256.639870    0.02354     1.4125     84.750  1023.3401  47914.548    30.4351      3.749    6.44430    10.3840    10.4100    23.3229   11.66656 2.3264e+02      3.785 0.0000e+00
