CTD-processing/allCTD/CNV--homogene/2018_10-17_t9_s01_cast065.cnv
* Sea-Bird SBE19plus Data File:
* FileName = C:\Users\Kim.Powell\Desktop\Not Processed\2018\2018_10-17_AlongBay, T9_5028\2018_10-17_TRANSECT_STATION_cast065.hex
* Software Version 1.59
* Temperature SN =  5028
* Conductivity SN =  5028
* System UpLoad Time = Oct 25 2018 17:08:35
** 2018_10-17
** Station: 9-01
** Start Time: 14:26
** Depth (m): 57
** Comment: Turbid
** Comment: 2 sea otters
# nquan = 17
# nvalues = 498                         
# units = specified
# name 0 = scan: Scan Count
# name 1 = timeJ: Julian Days
# name 2 = timeH: Time, Elapsed [hours]
# name 3 = timeM: Time, Elapsed [minutes]
# name 4 = timeS: Time, Elapsed [seconds]
# name 5 = density00: Density [density, kg/m^3]
# name 6 = specc: Specific Conductance [uS/cm]
# name 7 = sal00: Salinity, Practical [PSU]
# name 8 = depSM: Depth [salt water, m], lat = 59.00
# name 9 = oxsolML/L: Oxygen Saturation, Garcia & Gordon [ml/l]
# name 10 = potemp090C: Potential Temperature [ITS-90, deg C]
# name 11 = tv290C: Temperature [ITS-90, deg C]
# name 12 = sigma-é00: Density [sigma-theta, kg/m^3]
# name 13 = n2satML/L: Nitrogen Saturation [ml/l]
# name 14 = par: PAR/Irradiance, Biospherical/Licor
# name 15 = prdM: Pressure, Strain Gauge [db]
# name 16 = flag:  0.000e+00
# span 0 =          1,        498       
# span 1 = 290.603310, 290.604748       
# span 2 =    0.00000,    0.03451       
# span 3 =     0.0000,     2.0708       
# span 4 =      0.000,    124.250       
# span 5 =  1020.3929,  1023.9521       
# span 6 =  42327.586,  48532.954       
# span 7 =    26.3665,    30.7291       
# span 8 =      0.403,     53.041       
# span 9 =    6.57000,    6.85181       
# span 10 =     8.8143,     9.4501      
# span 11 =     8.8144,     9.4535      
# span 12 =    20.3910,    23.7086      
# span 13 =   11.87141,   12.39211      
# span 14 = 4.9868e-02, 6.7504e+02      
# span 15 =      0.407,     53.548      
# span 16 = 0.0000e+00, 0.0000e+00      
# interval = seconds: 0.25
# start_time = Oct 17 2018 14:28:46 [Instrument's time stamp, header]
# bad_flag = -9.990e-29
*END*
[from data line 86]
         87 290.603559    0.00597     0.3583     21.500  1022.1665  45655.658    28.7189      0.461    6.68119     9.2620     9.2711    22.1643   12.08016 4.7295e+02      0.466 0.0000e+00
         88 290.603562    0.00604     0.3625     21.750  1022.1761  45672.871    28.7303      0.463    6.68141     9.2585     9.2664    22.1739   12.08037 4.7578e+02      0.467 0.0000e+00
         89 290.603565    0.00611     0.3667     22.000  1022.1825  45684.215    28.7376      0.463    6.68174     9.2560     9.2620    22.1803   12.08083 4.8544e+02      0.468 0.0000e+00
         90 290.603568    0.00618     0.3708     22.250  1022.1860  45690.439    28.7415      0.463    6.68209     9.2542     9.2586    22.1839   12.08136 4.9417e+02      0.468 0.0000e+00
         91 290.603571    0.00625     0.3750     22.500  1022.1885  45694.723    28.7442      0.462    6.68235     9.2527     9.2560    22.1864   12.08176 4.9661e+02      0.467 0.0000e+00
         92 290.603573    0.00632     0.3792     22.750  1022.1919  45700.837    28.7482      0.461    6.68244     9.2510     9.2542    22.1898   12.08187 4.8862e+02      0.465 0.0000e+00
         93 290.603576    0.00639     0.3833     23.000  1022.1976  45711.088    28.7551      0.460    6.68237     9.2490     9.2527    22.1954   12.08166 4.7734e+02      0.464 0.0000e+00
         94 290.603579    0.00646     0.3875     23.250  1022.2047  45724.134    28.7640      0.459    6.68223     9.2464     9.2511    22.2026   12.08132 4.7071e+02      0.464 0.0000e+00
         95 290.603582    0.00653     0.3917     23.500  1022.2114  45736.166    28.7721      0.459    6.68219     9.2437     9.2490    22.2092   12.08115 4.7032e+02      0.464 0.0000e+00
         96 290.603585    0.00660     0.3958     23.750  1022.2163  45744.952    28.7779      0.459    6.68232     9.2412     9.2465    22.2142   12.08130 4.7859e+02      0.464 0.0000e+00
         97 290.603588    0.00667     0.4000     24.000  1022.2194  45750.516    28.7815      0.459    6.68257     9.2392     9.2438    22.2173   12.08167 4.9085e+02      0.463 0.0000e+00
         98 290.603591    0.00674     0.4042     24.250  1022.2216  45754.229    28.7838      0.458    6.68284     9.2376     9.2413    22.2195   12.08210 4.9919e+02      0.462 0.0000e+00
         99 290.603594    0.00681     0.4083     24.500  1022.2240  45758.518    28.7865      0.457    6.68303     9.2360     9.2393    22.2219   12.08237 5.0757e+02      0.461 0.0000e+00
        100 290.603597    0.00688     0.4125     24.750  1022.2276  45764.937    28.7907      0.456    6.68309     9.2342     9.2376    22.2255   12.08242 5.2236e+02      0.460 0.0000e+00
        101 290.603600    0.00694     0.4167     25.000  1022.2317  45772.455    28.7958      0.455    6.68310     9.2321     9.2361    22.2296   12.08238 5.3188e+02      0.459 0.0000e+00
        102 290.603602    0.00701     0.4208     25.250  1022.2354  45779.041    28.8001      0.455    6.68318     9.2299     9.2343    22.2333   12.08246 5.2685e+02      0.459 0.0000e+00
        103 290.603605    0.00708     0.4250     25.500  1022.2382  45783.931    28.8033      0.455    6.68336     9.2277     9.2322    22.2361   12.08271 5.1887e+02      0.459 0.0000e+00
        104 290.603608    0.00715     0.4292     25.750  1022.2399  45786.847    28.8050      0.454    6.68362     9.2257     9.2300    22.2378   12.08311 5.1582e+02      0.458 0.0000e+00
        105 290.603611    0.00722     0.4333     26.000  1022.2399  45786.706    28.8046      0.454    6.68396     9.2237     9.2278    22.2378   12.08368 5.1887e+02      0.458 0.0000e+00
        106 290.603614    0.00729     0.4375     26.250  1022.2374  45781.913    28.8011      0.454    6.68442     9.2217     9.2258    22.2353   12.08449 5.2269e+02      0.458 0.0000e+00
        107 290.603617    0.00736     0.4417     26.500  1022.2318  45771.354    28.7935      0.454    6.68504     9.2197     9.2238    22.2297   12.08561 5.1900e+02      0.458 0.0000e+00
        108 290.603620    0.00743     0.4458     26.750  1022.2235  45755.900    28.7825      0.455    6.68580     9.2177     9.2218    22.2214   12.08702 5.1420e+02      0.459 0.0000e+00
        109 290.603623    0.00750     0.4500     27.000  1022.2142  45738.677    28.7703      0.456    6.68663     9.2159     9.2198    22.2121   12.08855 5.1478e+02      0.460 0.0000e+00
        110 290.603626    0.00757     0.4542     27.250  1022.2056  45722.540    28.7588      0.458    6.68742     9.2143     9.2178    22.2035   12.09000 5.1327e+02      0.462 0.0000e+00
        111 290.603628    0.00764     0.4583     27.500  1022.1979  45708.166    28.7486      0.460    6.68813     9.2128     9.2160    22.1958   12.09131 5.0301e+02      0.464 0.0000e+00
        112 290.603631    0.00771     0.4625     27.750  1022.1910  45695.308    28.7394      0.463    6.68878     9.2116     9.2143    22.1889   12.09249 4.9366e+02      0.467 0.0000e+00
        113 290.603634    0.00778     0.4667     28.000  1022.1853  45684.638    28.7318      0.465    6.68933     9.2109     9.2129    22.1831   12.09348 4.9447e+02      0.469 0.0000e+00
        114 290.603637    0.00785     0.4708     28.250  1022.1820  45678.359    28.7273      0.467    6.68969     9.2108     9.2117    22.1798   12.09415 5.0290e+02      0.471 0.0000e+00
        115 290.603640    0.00792     0.4750     28.500  1022.1821  45678.636    28.7274      0.467    6.68979     9.2112     9.2110    22.1800   12.09432 5.1038e+02      0.471 0.0000e+00
        116 290.603643    0.00799     0.4792     28.750  1022.1853  45684.463    28.7314      0.466    6.68964     9.2120     9.2108    22.1832   12.09401 5.0693e+02      0.470 0.0000e+00
        117 290.603646    0.00806     0.4833     29.000  1022.1897  45692.674    28.7372      0.463    6.68932     9.2128     9.2113    22.1876   12.09342 4.9564e+02      0.467 0.0000e+00
        118 290.603649    0.00813     0.4875     29.250  1022.1940  45700.651    28.7428      0.458    6.68896     9.2136     9.2121    22.1919   12.09276 4.8388e+02      0.462 0.0000e+00
        119 290.603652    0.00819     0.4917     29.500  1022.1966  45705.562    28.7464      0.453    6.68869     9.2144     9.2129    22.1945   12.09226 4.7483e+02      0.457 0.0000e+00
        120 290.603655    0.00826     0.4958     29.750  1022.1965  45705.563    28.7465      0.448    6.68857     9.2152     9.2137    22.1945   12.09205 4.7171e+02      0.452 0.0000e+00
        121 290.603657    0.00833     0.5000     30.000  1022.1942  45701.425    28.7437      0.444    6.68857     9.2160     9.2145    22.1922   12.09209 4.7364e+02      0.448 0.0000e+00
        122 290.603660    0.00840     0.5042     30.250  1022.1906  45694.819    28.7392      0.441    6.68865     9.2166     9.2153    22.1885   12.09227 4.8004e+02      0.445 0.0000e+00
        123 290.603663    0.00847     0.5083     30.500  1022.1862  45686.745    28.7337      0.439    6.68878     9.2170     9.2160    22.1841   12.09255 4.8598e+02      0.443 0.0000e+00
        124 290.603666    0.00854     0.5125     30.750  1022.1811  45677.404    28.7273      0.437    6.68896     9.2171     9.2166    22.1790   12.09293 4.8498e+02      0.441 0.0000e+00
        125 290.603669    0.00861     0.5167     31.000  1022.1752  45666.710    28.7199      0.437    6.68921     9.2170     9.2170    22.1732   12.09344 4.8002e+02      0.441 0.0000e+00
        126 290.603672    0.00868     0.5208     31.250  1022.1691  45655.414    28.7120      0.437    6.68954     9.2166     9.2171    22.1671   12.09407 4.7383e+02      0.441 0.0000e+00
        127 290.603675    0.00875     0.5250     31.500  1022.1635  45645.028    28.7048      0.438    6.68987     9.2162     9.2170    22.1615   12.09472 4.6732e+02      0.442 0.0000e+00
        128 290.603678    0.00882     0.5292     31.750  1022.1586  45635.949    28.6985      0.438    6.69020     9.2159     9.2167    22.1566   12.09534 4.6352e+02      0.442 0.0000e+00
        129 290.603681    0.00889     0.5333     32.000  1022.1537  45626.955    28.6922      0.439    6.69053     9.2155     9.2163    22.1517   12.09596 4.6290e+02      0.443 0.0000e+00
        130 290.603683    0.00896     0.5375     32.250  1022.1479  45616.222    28.6847      0.440    6.69091     9.2151     9.2159    22.1459   12.09669 4.6292e+02      0.444 0.0000e+00
        131 290.603686    0.00903     0.5417     32.500  1022.1407  45602.850    28.6753      0.441    6.69137     9.2146     9.2155    22.1386   12.09756 4.6052e+02      0.445 0.0000e+00
        132 290.603689    0.00910     0.5458     32.750  1022.1328  45588.256    28.6651      0.441    6.69187     9.2141     9.2151    22.1307   12.09853 4.5155e+02      0.445 0.0000e+00
        133 290.603692    0.00917     0.5500     33.000  1022.1257  45575.175    28.6560      0.442    6.69234     9.2138     9.2146    22.1237   12.09941 4.3818e+02      0.446 0.0000e+00
        134 290.603695    0.00924     0.5542     33.250  1022.1202  45565.029    28.6489      0.442    6.69271     9.2137     9.2142    22.1182   12.10012 4.2615e+02      0.446 0.0000e+00
        135 290.603698    0.00931     0.5583     33.500  1022.1160  45557.291    28.6434      0.441    6.69299     9.2136     9.2138    22.1140   12.10065 4.1562e+02      0.445 0.0000e+00
        136 290.603701    0.00937     0.5625     33.750  1022.1126  45550.985    28.6390      0.441    6.69320     9.2137     9.2137    22.1106   12.10106 4.0902e+02      0.445 0.0000e+00
        137 290.603704    0.00944     0.5667     34.000  1022.1098  45545.752    28.6354      0.441    6.69336     9.2138     9.2136    22.1078   12.10137 4.0809e+02      0.446 0.0000e+00
        138 290.603707    0.00951     0.5708     34.250  1022.1076  45541.823    28.6327      0.442    6.69347     9.2139     9.2137    22.1056   12.10158 4.1274e+02      0.446 0.0000e+00
        139 290.603709    0.00958     0.5750     34.500  1022.1065  45539.786    28.6313      0.443    6.69352     9.2142     9.2138    22.1045   12.10168 4.2552e+02      0.447 0.0000e+00
        140 290.603712    0.00965     0.5792     34.750  1022.1068  45540.325    28.6317      0.444    6.69348     9.2146     9.2140    22.1048   12.10161 4.4545e+02      0.448 0.0000e+00
        141 290.603715    0.00972     0.5833     35.000  1022.1087  45543.799    28.6341      0.444    6.69334     9.2151     9.2142    22.1066   12.10135 4.6678e+02      0.448 0.0000e+00
        142 290.603718    0.00979     0.5875     35.250  1022.1120  45549.910    28.6384      0.444    6.69310     9.2159     9.2146    22.1099   12.10089 4.8230e+02      0.448 0.0000e+00
        143 290.603721    0.00986     0.5917     35.500  1022.1163  45557.892    28.6440      0.444    6.69277     9.2168     9.2152    22.1142   12.10028 4.8977e+02      0.448 0.0000e+00
        144 290.603724    0.00993     0.5958     35.750  1022.1214  45567.424    28.6508      0.444    6.69237     9.2177     9.2159    22.1194   12.09953 4.9099e+02      0.448 0.0000e+00
        145 290.603727    0.01000     0.6000     36.000  1022.1277  45579.064    28.6590      0.444    6.69188     9.2188     9.2168    22.1257   12.09862 4.8763e+02      0.448 0.0000e+00
        146 290.603730    0.01007     0.6042     36.250  1022.1353  45593.158    28.6689      0.444    6.69130     9.2198     9.2178    22.1333   12.09754 4.8403e+02      0.448 0.0000e+00
        147 290.603733    0.01014     0.6083     36.500  1022.1435  45608.489    28.6796      0.444    6.69068     9.2206     9.2188    22.1415   12.09638 4.7951e+02      0.448 0.0000e+00
        148 290.603736    0.01021     0.6125     36.750  1022.1511  45622.495    28.6895      0.444    6.69011     9.2214     9.2198    22.1491   12.09532 4.6938e+02      0.448 0.0000e+00
        149 290.603738    0.01028     0.6167     37.000  1022.1569  45633.306    28.6971      0.443    6.68965     9.2222     9.2207    22.1549   12.09446 4.5625e+02      0.448 0.0000e+00
        150 290.603741    0.01035     0.6208     37.250  1022.1611  45641.188    28.7027      0.443    6.68929     9.2231     9.2215    22.1591   12.09379 4.4816e+02      0.448 0.0000e+00
        151 290.603744    0.01042     0.6250     37.500  1022.1646  45647.683    28.7073      0.444    6.68897     9.2240     9.2223    22.1626   12.09321 4.4930e+02      0.448 0.0000e+00
        152 290.603747    0.01049     0.6292     37.750  1022.1682  45654.278    28.7120      0.445    6.68864     9.2251     9.2232    22.1661   12.09260 4.5513e+02      0.449 0.0000e+00
        153 290.603750    0.01056     0.6333     38.000  1022.1723  45661.890    28.7174      0.446    6.68827     9.2262     9.2241    22.1702   12.09192 4.6039e+02      0.450 0.0000e+00
        154 290.603753    0.01063     0.6375     38.250  1022.1769  45670.546    28.7236      0.447    6.68786     9.2276     9.2251    22.1749   12.09116 4.6414e+02      0.451 0.0000e+00
        155 290.603756    0.01069     0.6417     38.500  1022.1817  45679.439    28.7299      0.448    6.68741     9.2294     9.2262    22.1796   12.09034 4.6704e+02      0.452 0.0000e+00
        156 290.603759    0.01076     0.6458     38.750  1022.1862  45687.798    28.7359      0.448    6.68694     9.2317     9.2276    22.1841   12.08948 4.6997e+02      0.452 0.0000e+00
        157 290.603762    0.01083     0.6500     39.000  1022.1903  45695.475    28.7415      0.448    6.68643     9.2346     9.2294    22.1882   12.08857 4.7403e+02      0.452 0.0000e+00
        158 290.603764    0.01090     0.6542     39.250  1022.1940  45702.649    28.7467      0.447    6.68586     9.2380     9.2318    22.1919   12.08755 4.7804e+02      0.452 0.0000e+00
        159 290.603767    0.01097     0.6583     39.500  1022.1973  45708.986    28.7515      0.446    6.68522     9.2417     9.2347    22.1952   12.08644 4.7823e+02      0.451 0.0000e+00
        160 290.603770    0.01104     0.6625     39.750  1022.1993  45713.079    28.7547      0.445    6.68457     9.2453     9.2381    22.1972   12.08532 4.7756e+02      0.449 0.0000e+00
        161 290.603773    0.01111     0.6667     40.000  1022.1993  45713.421    28.7554      0.444    6.68399     9.2485     9.2417    22.1972   12.08436 4.8252e+02      0.448 0.0000e+00
        162 290.603776    0.01118     0.6708     40.250  1022.1973  45710.010    28.7535      0.444    6.68354     9.2512     9.2453    22.1952   12.08363 4.9062e+02      0.448 0.0000e+00
        163 290.603779    0.01125     0.6750     40.500  1022.1943  45704.905    28.7503      0.444    6.68320     9.2535     9.2485    22.1922   12.08310 4.9084e+02      0.448 0.0000e+00
        164 290.603782    0.01132     0.6792     40.750  1022.1923  45701.362    28.7482      0.445    6.68288     9.2558     9.2513    22.1902   12.08260 4.8119e+02      0.449 0.0000e+00
        165 290.603785    0.01139     0.6833     41.000  1022.1924  45701.799    28.7488      0.445    6.68251     9.2583     9.2536    22.1903   12.08197 4.7301e+02      0.449 0.0000e+00
        166 290.603788    0.01146     0.6875     41.250  1022.1943  45705.551    28.7517      0.445    6.68205     9.2611     9.2559    22.1922   12.08117 4.7510e+02      0.449 0.0000e+00
        167 290.603791    0.01153     0.6917     41.500  1022.1961  45709.180    28.7546      0.444    6.68156     9.2641     9.2584    22.1941   12.08032 4.8718e+02      0.448 0.0000e+00
        168 290.603793    0.01160     0.6958     41.750  1022.1964  45709.940    28.7554      0.442    6.68110     9.2670     9.2612    22.1943   12.07956 4.9861e+02      0.446 0.0000e+00
        169 290.603796    0.01167     0.7000     42.000  1022.1950  45707.668    28.7542      0.440    6.68070     9.2695     9.2642    22.1929   12.07891 5.0079e+02      0.444 0.0000e+00
        170 290.603799    0.01174     0.7042     42.250  1022.1926  45703.582    28.7517      0.439    6.68038     9.2715     9.2671    22.1906   12.07841 4.9541e+02      0.443 0.0000e+00
