CTD-processing/allCTD/CNV--homogene/2018_08-23_t9_s02_cast209.cnv
* Sea-Bird SBE19plus Data File:
* FileName = C:\Users\Kim.Powell\Desktop\Not Processed\2018\2018_08-23_AlongBay, T9_5028\2018_08-23_TRANSECT_STATION_cast209.hex
* Software Version 1.59
* Temperature SN =  5028
* Conductivity SN =  5028
* System UpLoad Time = Aug 31 2018 10:29:53
** 2018_08-23
** Station: 9-02
** Start Time: NA
** Depth (m): 76
** Comment: Out of order in field notes
** Comment:
# nquan = 17
# nvalues = 631                         
# units = specified
# name 0 = scan: Scan Count
# name 1 = timeJ: Julian Days
# name 2 = timeH: Time, Elapsed [hours]
# name 3 = timeM: Time, Elapsed [minutes]
# name 4 = timeS: Time, Elapsed [seconds]
# name 5 = density00: Density [density, kg/m^3]
# name 6 = specc: Specific Conductance [uS/cm]
# name 7 = sal00: Salinity, Practical [PSU]
# name 8 = depSM: Depth [salt water, m], lat = 59.00
# name 9 = oxsolML/L: Oxygen Saturation, Garcia & Gordon [ml/l]
# name 10 = potemp090C: Potential Temperature [ITS-90, deg C]
# name 11 = tv290C: Temperature [ITS-90, deg C]
# name 12 = sigma-é00: Density [sigma-theta, kg/m^3]
# name 13 = n2satML/L: Nitrogen Saturation [ml/l]
# name 14 = par: PAR/Irradiance, Biospherical/Licor
# name 15 = prdM: Pressure, Strain Gauge [db]
# name 16 = flag:  0.000e+00
# span 0 =          1,        631       
# span 1 = 235.607407, 235.609230       
# span 2 =    0.00000,    0.04375       
# span 3 =     0.0000,     2.6250       
# span 4 =      0.000,    157.500       
# span 5 =  1018.6619,  1024.2463       
# span 6 =  39565.913,  48972.736       
# span 7 =    24.7642,    31.1029       
# span 8 =      0.491,     73.449       
# span 9 =    6.36069,    6.47315       
# span 10 =    10.0013,    11.9700      
# span 11 =    10.0095,    11.9700      
# span 12 =    18.6595,    23.9104      
# span 13 =   11.53760,   11.76171      
# span 14 = 5.7863e-02, 1.1866e+02      
# span 15 =      0.496,     74.155      
# span 16 = 0.0000e+00, 0.0000e+00      
# interval = seconds: 0.25
# start_time = Aug 23 2018 14:34:40 [Instrument's time stamp, header]
# bad_flag = -9.990e-29
*END*
[from data line 256]
        257 235.608148    0.01778     1.0667     64.000  1018.6619  39565.913    24.7642      0.514    6.45880    11.9700    11.9697    18.6595   11.75878 1.1305e+02      0.519 0.0000e+00
        258 235.608151    0.01785     1.0708     64.250  1018.6639  39569.764    24.7669      0.514    6.45864    11.9696    11.9700    18.6616   11.75849 1.1341e+02      0.518 0.0000e+00
        259 235.608154    0.01792     1.0750     64.500  1018.6680  39577.376    24.7721      0.514    6.45843    11.9691    11.9700    18.6656   11.75808 1.1321e+02      0.518 0.0000e+00
        260 235.608157    0.01799     1.0792     64.750  1018.6730  39586.591    24.7785      0.514    6.45822    11.9685    11.9697    18.6706   11.75765 1.1367e+02      0.519 0.0000e+00
        261 235.608160    0.01806     1.0833     65.000  1018.6774  39594.761    24.7841      0.516    6.45807    11.9681    11.9691    18.6750   11.75733 1.1412e+02      0.520 0.0000e+00
        262 235.608163    0.01812     1.0875     65.250  1018.6797  39598.956    24.7869      0.516    6.45803    11.9679    11.9686    18.6773   11.75723 1.1394e+02      0.521 0.0000e+00
        263 235.608166    0.01819     1.0917     65.500  1018.6798  39599.118    24.7870      0.514    6.45808    11.9680    11.9681    18.6774   11.75732 1.1395e+02      0.519 0.0000e+00
        264 235.608168    0.01826     1.0958     65.750  1018.6783  39596.350    24.7851      0.510    6.45818    11.9682    11.9679    18.6760   11.75752 1.1415e+02      0.515 0.0000e+00
        265 235.608171    0.01833     1.1000     66.000  1018.6757  39591.414    24.7817      0.504    6.45832    11.9685    11.9680    18.6734   11.75778 1.1480e+02      0.509 0.0000e+00
        266 235.608174    0.01840     1.1042     66.250  1018.6730  39586.578    24.7783      0.501    6.45842    11.9688    11.9682    18.6708   11.75800 1.1583e+02      0.505 0.0000e+00
        267 235.608177    0.01847     1.1083     66.500  1018.6720  39584.685    24.7770      0.500    6.45843    11.9689    11.9685    18.6697   11.75803 1.1621e+02      0.505 0.0000e+00
        268 235.608180    0.01854     1.1125     66.750  1018.6731  39586.719    24.7785      0.504    6.45833    11.9689    11.9688    18.6708   11.75784 1.1543e+02      0.508 0.0000e+00
        269 235.608183    0.01861     1.1167     67.000  1018.6755  39591.274    24.7816      0.510    6.45818    11.9687    11.9690    18.6732   11.75755 1.1420e+02      0.515 0.0000e+00
        270 235.608186    0.01868     1.1208     67.250  1018.6788  39597.277    24.7858      0.518    6.45802    11.9684    11.9690    18.6764   11.75722 1.1341e+02      0.523 0.0000e+00
        271 235.608189    0.01875     1.1250     67.500  1018.6822  39603.736    24.7902      0.523    6.45786    11.9680    11.9688    18.6799   11.75691 1.1312e+02      0.528 0.0000e+00
        272 235.608192    0.01882     1.1292     67.750  1018.6846  39608.155    24.7932      0.525    6.45778    11.9678    11.9685    18.6823   11.75675 1.1342e+02      0.530 0.0000e+00
        273 235.608194    0.01889     1.1333     68.000  1018.6847  39608.236    24.7933      0.520    6.45783    11.9678    11.9681    18.6823   11.75682 1.1439e+02      0.525 0.0000e+00
        274 235.608197    0.01896     1.1375     68.250  1018.6817  39602.556    24.7893      0.511    6.45802    11.9681    11.9679    18.6793   11.75719 1.1613e+02      0.516 0.0000e+00
        275 235.608200    0.01903     1.1417     68.500  1018.6775  39594.930    24.7841      0.499    6.45823    11.9684    11.9679    18.6753   11.75760 1.1779e+02      0.504 0.0000e+00
        276 235.608203    0.01910     1.1458     68.750  1018.6768  39593.725    24.7833      0.491    6.45822    11.9683    11.9682    18.6746   11.75760 1.1776e+02      0.496 0.0000e+00
        277 235.608206    0.01917     1.1500     69.000  1018.6804  39600.549    24.7880      0.491    6.45800    11.9679    11.9685    18.6782   11.75717 1.1636e+02      0.496 0.0000e+00
        278 235.608209    0.01924     1.1542     69.250  1018.6855  39609.890    24.7944      0.500    6.45775    11.9673    11.9684    18.6832   11.75668 1.1478e+02      0.505 0.0000e+00
        279 235.608212    0.01931     1.1583     69.500  1018.6912  39620.326    24.8016      0.514    6.45751    11.9665    11.9680    18.6888   11.75619 1.1375e+02      0.519 0.0000e+00
        280 235.608215    0.01938     1.1625     69.750  1018.6979  39632.711    24.8101      0.528    6.45725    11.9655    11.9674    18.6955   11.75565 1.1358e+02      0.533 0.0000e+00
        281 235.608218    0.01944     1.1667     70.000  1018.7044  39644.632    24.8183      0.537    6.45704    11.9644    11.9665    18.7020   11.75520 1.1430e+02      0.542 0.0000e+00
        282 235.608220    0.01951     1.1708     70.250  1018.7105  39655.773    24.8259      0.538    6.45686    11.9631    11.9655    18.7081   11.75482 1.1570e+02      0.543 0.0000e+00
        283 235.608223    0.01958     1.1750     70.500  1018.7176  39668.701    24.8348      0.533    6.45666    11.9613    11.9644    18.7151   11.75437 1.1692e+02      0.538 0.0000e+00
        284 235.608226    0.01965     1.1792     70.750  1018.7282  39688.236    24.8482      0.526    6.45629    11.9585    11.9631    18.7258   11.75360 1.1634e+02      0.531 0.0000e+00
        285 235.608229    0.01972     1.1833     71.000  1018.7464  39721.765    24.8714      0.524    6.45560    11.9540    11.9613    18.7440   11.75217 1.1329e+02      0.529 0.0000e+00
        286 235.608232    0.01979     1.1875     71.250  1018.7772  39778.377    24.9104      0.535    6.45439    11.9465    11.9586    18.7747   11.74970 1.0852e+02      0.540 0.0000e+00
        287 235.608235    0.01986     1.1917     71.500  1018.8287  39873.075    24.9758      0.566    6.45237    11.9340    11.9541    18.8261   11.74555 1.0297e+02      0.572 0.0000e+00
        288 235.608238    0.01993     1.1958     71.750  1018.9154  40032.544    25.0858      0.628    6.44895    11.9129    11.9466    18.9125   11.73853 9.6938e+01      0.634 0.0000e+00
        289 235.608241    0.02000     1.2000     72.000  1019.0618  40301.798    25.2715      0.728    6.44315    11.8782    11.9341    19.0585   11.72665 8.9416e+01      0.735 0.0000e+00
        290 235.608244    0.02007     1.2042     72.250  1019.2995  40738.702    25.5729      0.869    6.43385    11.8259    11.9130    19.2955   11.70755 8.0236e+01      0.877 0.0000e+00
        291 235.608247    0.02014     1.2083     72.500  1019.6374  41358.707    26.0005      1.042    6.42131    11.7560    11.8783    19.6326   11.68156 7.0648e+01      1.052 0.0000e+00
        292 235.608249    0.02021     1.2125     72.750  1020.0528  42117.989    26.5240      1.232    6.40732    11.6712    11.8260    20.0472   11.65202 6.1484e+01      1.244 0.0000e+00
        293 235.608252    0.02028     1.2167     73.000  1020.5210  42970.110    27.1116      1.430    6.39317    11.5722    11.7562    20.5145   11.62146 5.3177e+01      1.443 0.0000e+00
        294 235.608255    0.02035     1.2208     73.250  1021.0231  43880.336    27.7393      1.630    6.37946    11.4600    11.6714    21.0156   11.59118 4.5971e+01      1.646 0.0000e+00
        295 235.608258    0.02042     1.2250     73.500  1021.5242  44784.329    28.3623      1.837    6.36789    11.3439    11.5724    21.5158   11.56453 3.9866e+01      1.854 0.0000e+00
        296 235.608261    0.02049     1.2292     73.750  1021.9641  45572.089    28.9032      2.050    6.36141    11.2384    11.4603    21.9547   11.54732 3.4753e+01      2.070 0.0000e+00
        297 235.608264    0.02056     1.2333     74.000  1022.3043  46175.133    29.3146      2.273    6.36069    11.1523    11.3441    22.2939   11.54123 3.0518e+01      2.294 0.0000e+00
        298 235.608267    0.02063     1.2375     74.250  1022.5566  46618.101    29.6148      2.503    6.36299    11.0852    11.2387    22.5451   11.54147 2.7055e+01      2.527 0.0000e+00
        299 235.608270    0.02069     1.2417     74.500  1022.7493  46954.980    29.8426      2.739    6.36557    11.0331    11.1526    22.7368   11.54305 2.4259e+01      2.765 0.0000e+00
        300 235.608273    0.02076     1.2458     74.750  1022.9048  47226.520    30.0265      2.977    6.36731    10.9918    11.0856    22.8912   11.54376 2.2022e+01      3.005 0.0000e+00
        301 235.608275    0.02083     1.2500     75.000  1023.0374  47458.516    30.1843      3.211    6.36806    10.9586    11.0335    23.0227   11.54314 2.0242e+01      3.241 0.0000e+00
        302 235.608278    0.02090     1.2542     75.250  1023.1515  47658.496    30.3207      3.439    6.36820    10.9323    10.9923    23.1358   11.54175 1.8807e+01      3.472 0.0000e+00
        303 235.608281    0.02097     1.2583     75.500  1023.2440  47820.303    30.4311      3.661    6.36829    10.9124    10.9590    23.2273   11.54059 1.7620e+01      3.696 0.0000e+00
        304 235.608284    0.02104     1.2625     75.750  1023.3149  47943.736    30.5152      3.880    6.36849    10.8974    10.9328    23.2972   11.53992 1.6608e+01      3.917 0.0000e+00
        305 235.608287    0.02111     1.2667     76.000  1023.3697  48038.708    30.5800      4.101    6.36860    10.8858    10.9129    23.3510   11.53934 1.5721e+01      4.140 0.0000e+00
        306 235.608290    0.02118     1.2708     76.250  1023.4137  48114.841    30.6320      4.329    6.36854    10.8759    10.8980    23.3940   11.53862 1.4933e+01      4.370 0.0000e+00
        307 235.608293    0.02125     1.2750     76.500  1023.4496  48176.575    30.6742      4.564    6.36843    10.8672    10.8863    23.4288   11.53794 1.4231e+01      4.607 0.0000e+00
        308 235.608296    0.02132     1.2792     76.750  1023.4777  48224.468    30.7068      4.805    6.36846    10.8593    10.8765    23.4558   11.53760 1.3611e+01      4.850 0.0000e+00
        309 235.608299    0.02139     1.2833     77.000  1023.4988  48259.667    30.7306      5.045    6.36870    10.8524    10.8678    23.4758   11.53771 1.3066e+01      5.093 0.0000e+00
        310 235.608302    0.02146     1.2875     77.250  1023.5146  48285.333    30.7477      5.281    6.36908    10.8463    10.8599    23.4905   11.53814 1.2580e+01      5.331 0.0000e+00
        311 235.608304    0.02153     1.2917     77.500  1023.5269  48304.859    30.7607      5.509    6.36950    10.8410    10.8530    23.5018   11.53869 1.2133e+01      5.561 0.0000e+00
        312 235.608307    0.02160     1.2958     77.750  1023.5368  48320.324    30.7708      5.728    6.36992    10.8365    10.8470    23.5107   11.53927 1.1714e+01      5.782 0.0000e+00
        313 235.608310    0.02167     1.3000     78.000  1023.5449  48332.489    30.7787      5.944    6.37033    10.8328    10.8417    23.5178   11.53985 1.1313e+01      6.000 0.0000e+00
        314 235.608313    0.02174     1.3042     78.250  1023.5513  48341.778    30.7847      6.160    6.37070    10.8297    10.8373    23.5232   11.54039 1.0922e+01      6.218 0.0000e+00
        315 235.608316    0.02181     1.3083     78.500  1023.5564  48348.940    30.7892      6.383    6.37101    10.8267    10.8336    23.5274   11.54086 1.0538e+01      6.443 0.0000e+00
        316 235.608319    0.02187     1.3125     78.750  1023.5609  48354.846    30.7929      6.616    6.37129    10.8235    10.8305    23.5308   11.54128 1.0161e+01      6.678 0.0000e+00
        317 235.608322    0.02194     1.3167     79.000  1023.5652  48360.285    30.7963      6.858    6.37156    10.8196    10.8275    23.5340   11.54169 9.7908e+00      6.923 0.0000e+00
        318 235.608325    0.02201     1.3208     79.250  1023.5698  48366.274    30.8001      7.107    6.37185    10.8150    10.8243    23.5375   11.54212 9.4311e+00      7.175 0.0000e+00
        319 235.608328    0.02208     1.3250     79.500  1023.5753  48373.729    30.8048      7.357    6.37218    10.8098    10.8205    23.5418   11.54262 9.0859e+00      7.426 0.0000e+00
        320 235.608330    0.02215     1.3292     79.750  1023.5816  48382.627    30.8105      7.599    6.37259    10.8046    10.8159    23.5470   11.54321 8.7607e+00      7.670 0.0000e+00
        321 235.608333    0.02222     1.3333     80.000  1023.5882  48392.047    30.8165      7.828    6.37305    10.8000    10.8107    23.5525   11.54391 8.4585e+00      7.902 0.0000e+00
        322 235.608336    0.02229     1.3375     80.250  1023.5944  48400.804    30.8220      8.046    6.37354    10.7963    10.8056    23.5577   11.54465 8.1776e+00      8.123 0.0000e+00
        323 235.608339    0.02236     1.3417     80.500  1023.5997  48408.140    30.8266      8.257    6.37398    10.7933    10.8010    23.5620   11.54534 7.9130e+00      8.336 0.0000e+00
        324 235.608342    0.02243     1.3458     80.750  1023.6041  48414.038    30.8302      8.468    6.37435    10.7907    10.7972    23.5655   11.54590 7.6582e+00      8.548 0.0000e+00
        325 235.608345    0.02250     1.3500     81.000  1023.6079  48418.881    30.8332      8.686    6.37463    10.7884    10.7943    23.5683   11.54634 7.4070e+00      8.768 0.0000e+00
        326 235.608348    0.02257     1.3542     81.250  1023.6114  48423.102    30.8358      8.914    6.37487    10.7862    10.7918    23.5708   11.54671 7.1564e+00      8.998 0.0000e+00
        327 235.608351    0.02264     1.3583     81.500  1023.6148  48427.000    30.8382      9.152    6.37509    10.7842    10.7895    23.5730   11.54704 6.9065e+00      9.239 0.0000e+00
        328 235.608354    0.02271     1.3625     81.750  1023.6180  48430.683    30.8405      9.398    6.37529    10.7821    10.7873    23.5751   11.54735 6.6605e+00      9.486 0.0000e+00
        329 235.608356    0.02278     1.3667     82.000  1023.6212  48434.248    30.8427      9.643    6.37549    10.7800    10.7853    23.5772   11.54765 6.4240e+00      9.734 0.0000e+00
        330 235.608359    0.02285     1.3708     82.250  1023.6244  48437.975    30.8450      9.881    6.37567    10.7774    10.7833    23.5794   11.54792 6.2010e+00      9.974 0.0000e+00
        331 235.608362    0.02292     1.3750     82.500  1023.6279  48442.239    30.8477     10.111    6.37585    10.7742    10.7812    23.5818   11.54820 5.9914e+00     10.206 0.0000e+00
        332 235.608365    0.02299     1.3792     82.750  1023.6318  48447.250    30.8508     10.333    6.37608    10.7704    10.7786    23.5847   11.54854 5.7924e+00     10.431 0.0000e+00
        333 235.608368    0.02306     1.3833     83.000  1023.6362  48453.051    30.8545     10.553    6.37637    10.7661    10.7754    23.5881   11.54897 5.6009e+00     10.652 0.0000e+00
        334 235.608371    0.02313     1.3875     83.250  1023.6411  48459.586    30.8586     10.775    6.37672    10.7614    10.7717    23.5919   11.54951 5.4129e+00     10.877 0.0000e+00
        335 235.608374    0.02319     1.3917     83.500  1023.6463  48466.613    30.8629     11.005    6.37714    10.7568    10.7674    23.5961   11.55014 5.2273e+00     11.109 0.0000e+00
        336 235.608377    0.02326     1.3958     83.750  1023.6515  48473.685    30.8673     11.243    6.37759    10.7525    10.7628    23.6003   11.55085 5.0454e+00     11.349 0.0000e+00
        337 235.608380    0.02333     1.4000     84.000  1023.6566  48480.339    30.8714     11.485    6.37806    10.7485    10.7582    23.6042   11.55157 4.8693e+00     11.593 0.0000e+00
        338 235.608383    0.02340     1.4042     84.250  1023.6612  48486.349    30.8751     11.725    6.37850    10.7443    10.7539    23.6078   11.55225 4.7019e+00     11.836 0.0000e+00
        339 235.608385    0.02347     1.4083     84.500  1023.6656  48491.791    30.8783     11.958    6.37892    10.7398    10.7499    23.6110   11.55291 4.5451e+00     12.072 0.0000e+00
        340 235.608388    0.02354     1.4125     84.750  1023.6697  48496.965    30.8814     12.182    6.37937    10.7347    10.7457    23.6142   11.55362 4.3983e+00     12.298 0.0000e+00
