CTD-processing/allCTD/CNV--homogene/2018_04-23_t9_s09_cast051.cnv
* Sea-Bird SBE19plus Data File:
* FileName = C:\Users\Kim.Powell\Desktop\Not Processed\2018\2018_04-23_AlongBay, T4, T9_5028\2018_04-23_TRANSECT_STATION_cast051.hex
* Software Version 1.59
* Temperature SN =  5028
* Conductivity SN =  5028
* System UpLoad Time = Apr 24 2018 09:42:01
** 2018_04-24
** Station: 9-09
** Start Time: 11:18
** Depth (m): 83
** Comment:
** Comment:
# nquan = 17
# nvalues = 665                         
# units = specified
# name 0 = scan: Scan Count
# name 1 = timeJ: Julian Days
# name 2 = timeH: Time, Elapsed [hours]
# name 3 = timeM: Time, Elapsed [minutes]
# name 4 = timeS: Time, Elapsed [seconds]
# name 5 = density00: Density [density, kg/m^3]
# name 6 = specc: Specific Conductance [uS/cm]
# name 7 = sal00: Salinity, Practical [PSU]
# name 8 = depSM: Depth [salt water, m], lat = 59.00
# name 9 = oxsolML/L: Oxygen Saturation, Garcia & Gordon [ml/l]
# name 10 = potemp090C: Potential Temperature [ITS-90, deg C]
# name 11 = tv290C: Temperature [ITS-90, deg C]
# name 12 = sigma-é00: Density [sigma-theta, kg/m^3]
# name 13 = n2satML/L: Nitrogen Saturation [ml/l]
# name 14 = par: PAR/Irradiance, Biospherical/Licor
# name 15 = prdM: Pressure, Strain Gauge [db]
# name 16 = flag:  0.000e+00
# span 0 =          1,        665       
# span 1 = 113.470845, 113.472766       
# span 2 =    0.00000,    0.04611       
# span 3 =     0.0000,     2.7667       
# span 4 =      0.000,    166.000       
# span 5 =  1024.6112,  1025.5548       
# span 6 =  50112.608,  51327.834       
# span 7 =    31.1975,    31.7940       
# span 8 =      0.410,     79.347       
# span 9 =    7.16162,    7.31076       
# span 10 =     4.5484,     5.5038      
# span 11 =     4.5525,     5.5039      
# span 12 =    24.6093,    25.1819      
# span 13 =   12.84220,   13.08436      
# span 14 = 3.9405e-02, 2.7285e+02      
# span 15 =      0.414,     80.111      
# span 16 = 0.0000e+00, 0.0000e+00      
# interval = seconds: 0.25
# start_time = Apr 23 2018 11:18:01 [Instrument's time stamp, header]
# bad_flag = -9.990e-29
*END*
[from data line 511]
        512 113.472323    0.03549     2.1292    127.750  1025.3402  51160.432    31.7019     50.005    7.30274     4.5865     4.5897    25.1051   13.07073 4.0692e-02     50.484 0.0000e+00
        513 113.472326    0.03556     2.1333    128.000  1025.3417  51161.649    31.7027     50.204    7.30268     4.5865     4.5899    25.1057   13.07061 4.0683e-02     50.684 0.0000e+00
        514 113.472329    0.03562     2.1375    128.250  1025.3432  51162.773    31.7034     50.392    7.30263     4.5865     4.5900    25.1062   13.07052 4.0680e-02     50.874 0.0000e+00
        515 113.472332    0.03569     2.1417    128.500  1025.3445  51163.859    31.7040     50.575    7.30259     4.5864     4.5900    25.1067   13.07045 4.0675e-02     51.058 0.0000e+00
        516 113.472335    0.03576     2.1458    128.750  1025.3459  51164.885    31.7046     50.759    7.30257     4.5862     4.5900    25.1072   13.07041 4.0667e-02     51.244 0.0000e+00
        517 113.472338    0.03583     2.1500    129.000  1025.3472  51165.813    31.7051     50.950    7.30256     4.5860     4.5899    25.1076   13.07038 4.0659e-02     51.438 0.0000e+00
        518 113.472341    0.03590     2.1542    129.250  1025.3486  51166.752    31.7056     51.149    7.30256     4.5858     4.5897    25.1081   13.07038 4.0654e-02     51.639 0.0000e+00
        519 113.472344    0.03597     2.1583    129.500  1025.3499  51167.699    31.7061     51.353    7.30257     4.5857     4.5895    25.1085   13.07039 4.0648e-02     51.844 0.0000e+00
        520 113.472347    0.03604     2.1625    129.750  1025.3513  51168.541    31.7066     51.557    7.30258     4.5856     4.5893    25.1088   13.07040 4.0640e-02     52.050 0.0000e+00
        521 113.472350    0.03611     2.1667    130.000  1025.3525  51169.284    31.7069     51.760    7.30258     4.5856     4.5892    25.1091   13.07040 4.0632e-02     52.255 0.0000e+00
        522 113.472352    0.03618     2.1708    130.250  1025.3537  51169.883    31.7072     51.962    7.30258     4.5855     4.5891    25.1094   13.07039 4.0629e-02     52.459 0.0000e+00
        523 113.472355    0.03625     2.1750    130.500  1025.3548  51170.231    31.7074     52.164    7.30257     4.5854     4.5891    25.1095   13.07038 4.0622e-02     52.663 0.0000e+00
        524 113.472358    0.03632     2.1792    130.750  1025.3558  51170.473    31.7074     52.368    7.30257     4.5852     4.5891    25.1095   13.07038 4.0600e-02     52.869 0.0000e+00
        525 113.472361    0.03639     2.1833    131.000  1025.3569  51170.925    31.7076     52.573    7.30258     4.5851     4.5891    25.1097   13.07039 4.0571e-02     53.076 0.0000e+00
        526 113.472364    0.03646     2.1875    131.250  1025.3582  51171.658    31.7080     52.776    7.30259     4.5850     4.5889    25.1100   13.07040 4.0551e-02     53.281 0.0000e+00
        527 113.472367    0.03653     2.1917    131.500  1025.3595  51172.505    31.7085     52.976    7.30259     4.5850     4.5888    25.1104   13.07039 4.0536e-02     53.483 0.0000e+00
        528 113.472370    0.03660     2.1958    131.750  1025.3608  51173.362    31.7090     53.173    7.30258     4.5851     4.5887    25.1108   13.07037 4.0511e-02     53.682 0.0000e+00
        529 113.472373    0.03667     2.2000    132.000  1025.3621  51174.188    31.7094     53.368    7.30255     4.5852     4.5887    25.1111   13.07032 4.0481e-02     53.879 0.0000e+00
        530 113.472376    0.03674     2.2042    132.250  1025.3633  51174.898    31.7098     53.563    7.30252     4.5854     4.5888    25.1114   13.07026 4.0463e-02     54.076 0.0000e+00
        531 113.472378    0.03681     2.2083    132.500  1025.3645  51175.449    31.7102     53.759    7.30248     4.5857     4.5889    25.1117   13.07019 4.0450e-02     54.274 0.0000e+00
        532 113.472381    0.03687     2.2125    132.750  1025.3656  51175.919    31.7104     53.957    7.30243     4.5859     4.5891    25.1119   13.07010 4.0432e-02     54.474 0.0000e+00
        533 113.472384    0.03694     2.2167    133.000  1025.3667  51176.414    31.7107     54.157    7.30237     4.5861     4.5894    25.1121   13.07000 4.0421e-02     54.676 0.0000e+00
        534 113.472387    0.03701     2.2208    133.250  1025.3679  51177.027    31.7111     54.358    7.30231     4.5863     4.5896    25.1123   13.06989 4.0411e-02     54.879 0.0000e+00
        535 113.472390    0.03708     2.2250    133.500  1025.3693  51177.833    31.7116     54.558    7.30224     4.5865     4.5899    25.1127   13.06978 4.0397e-02     55.081 0.0000e+00
        536 113.472393    0.03715     2.2292    133.750  1025.3708  51178.994    31.7123     54.755    7.30217     4.5866     4.5901    25.1133   13.06964 4.0382e-02     55.280 0.0000e+00
        537 113.472396    0.03722     2.2333    134.000  1025.3725  51180.604    31.7134     54.949    7.30208     4.5867     4.5903    25.1141   13.06949 4.0369e-02     55.475 0.0000e+00
        538 113.472399    0.03729     2.2375    134.250  1025.3743  51182.410    31.7145     55.138    7.30200     4.5868     4.5904    25.1150   13.06934 4.0356e-02     55.666 0.0000e+00
        539 113.472402    0.03736     2.2417    134.500  1025.3761  51184.143    31.7157     55.324    7.30192     4.5868     4.5905    25.1159   13.06920 4.0344e-02     55.853 0.0000e+00
        540 113.472405    0.03743     2.2458    134.750  1025.3778  51185.802    31.7167     55.507    7.30186     4.5868     4.5906    25.1167   13.06908 4.0338e-02     56.038 0.0000e+00
        541 113.472407    0.03750     2.2500    135.000  1025.3794  51187.389    31.7177     55.690    7.30180     4.5868     4.5906    25.1175   13.06897 4.0334e-02     56.224 0.0000e+00
        542 113.472410    0.03757     2.2542    135.250  1025.3810  51188.805    31.7186     55.879    7.30175     4.5869     4.5907    25.1182   13.06888 4.0327e-02     56.414 0.0000e+00
        543 113.472413    0.03764     2.2583    135.500  1025.3825  51190.033    31.7194     56.073    7.30171     4.5869     4.5907    25.1188   13.06881 4.0313e-02     56.610 0.0000e+00
        544 113.472416    0.03771     2.2625    135.750  1025.3840  51191.064    31.7200     56.274    7.30168     4.5869     4.5908    25.1193   13.06874 4.0301e-02     56.813 0.0000e+00
        545 113.472419    0.03778     2.2667    136.000  1025.3853  51191.861    31.7205     56.479    7.30165     4.5869     4.5908    25.1197   13.06869 4.0293e-02     57.020 0.0000e+00
        546 113.472422    0.03785     2.2708    136.250  1025.3865  51192.444    31.7208     56.683    7.30163     4.5869     4.5908    25.1199   13.06865 4.0284e-02     57.226 0.0000e+00
        547 113.472425    0.03792     2.2750    136.500  1025.3876  51192.859    31.7209     56.884    7.30161     4.5869     4.5908    25.1201   13.06862 4.0275e-02     57.428 0.0000e+00
        548 113.472428    0.03799     2.2792    136.750  1025.3886  51193.232    31.7211     57.079    7.30161     4.5868     4.5908    25.1202   13.06861 4.0266e-02     57.626 0.0000e+00
        549 113.472431    0.03806     2.2833    137.000  1025.3898  51193.857    31.7214     57.270    7.30159     4.5868     4.5908    25.1205   13.06859 4.0257e-02     57.819 0.0000e+00
        550 113.472433    0.03812     2.2875    137.250  1025.3912  51195.009    31.7221     57.457    7.30156     4.5869     4.5908    25.1210   13.06853 4.0249e-02     58.008 0.0000e+00
        551 113.472436    0.03819     2.2917    137.500  1025.3929  51196.791    31.7232     57.643    7.30151     4.5870     4.5908    25.1219   13.06842 4.0234e-02     58.195 0.0000e+00
        552 113.472439    0.03826     2.2958    137.750  1025.3950  51199.176    31.7248     57.828    7.30142     4.5871     4.5908    25.1232   13.06826 4.0214e-02     58.383 0.0000e+00
        553 113.472442    0.03833     2.3000    138.000  1025.3974  51201.951    31.7266     58.016    7.30131     4.5873     4.5909    25.1246   13.06805 4.0201e-02     58.572 0.0000e+00
        554 113.472445    0.03840     2.3042    138.250  1025.3998  51204.912    31.7286     58.205    7.30119     4.5874     4.5911    25.1262   13.06782 4.0195e-02     58.763 0.0000e+00
        555 113.472448    0.03847     2.3083    138.500  1025.4024  51208.133    31.7308     58.397    7.30105     4.5876     4.5913    25.1278   13.06756 4.0183e-02     58.957 0.0000e+00
        556 113.472451    0.03854     2.3125    138.750  1025.4053  51211.870    31.7333     58.594    7.30089     4.5878     4.5915    25.1298   13.06727 4.0171e-02     59.155 0.0000e+00
        557 113.472454    0.03861     2.3167    139.000  1025.4085  51216.250    31.7362     58.794    7.30071     4.5880     4.5917    25.1321   13.06693 4.0163e-02     59.358 0.0000e+00
        558 113.472457    0.03868     2.3208    139.250  1025.4120  51220.976    31.7394     58.999    7.30051     4.5882     4.5919    25.1346   13.06657 4.0152e-02     59.564 0.0000e+00
        559 113.472459    0.03875     2.3250    139.500  1025.4154  51225.603    31.7425     59.204    7.30032     4.5884     4.5921    25.1371   13.06622 4.0140e-02     59.771 0.0000e+00
        560 113.472462    0.03882     2.3292    139.750  1025.4186  51229.863    31.7453     59.408    7.30015     4.5887     4.5924    25.1393   13.06589 4.0124e-02     59.977 0.0000e+00
        561 113.472465    0.03889     2.3333    140.000  1025.4216  51233.772    31.7480     59.606    7.29998     4.5889     4.5926    25.1414   13.06557 4.0102e-02     60.177 0.0000e+00
        562 113.472468    0.03896     2.3375    140.250  1025.4246  51237.673    31.7506     59.798    7.29981     4.5891     4.5928    25.1434   13.06526 4.0083e-02     60.370 0.0000e+00
        563 113.472471    0.03903     2.3417    140.500  1025.4276  51241.630    31.7533     59.983    7.29964     4.5893     4.5931    25.1455   13.06494 4.0067e-02     60.558 0.0000e+00
        564 113.472474    0.03910     2.3458    140.750  1025.4303  51245.173    31.7557     60.167    7.29948     4.5895     4.5933    25.1474   13.06465 4.0049e-02     60.744 0.0000e+00
        565 113.472477    0.03917     2.3500    141.000  1025.4326  51247.940    31.7575     60.355    7.29935     4.5896     4.5935    25.1488   13.06441 4.0036e-02     60.933 0.0000e+00
        566 113.472480    0.03924     2.3542    141.250  1025.4346  51250.070    31.7589     60.551    7.29925     4.5898     4.5937    25.1499   13.06422 4.0027e-02     61.131 0.0000e+00
        567 113.472483    0.03931     2.3583    141.500  1025.4366  51251.991    31.7602     60.757    7.29916     4.5899     4.5939    25.1509   13.06406 4.0018e-02     61.339 0.0000e+00
        568 113.472486    0.03938     2.3625    141.750  1025.4386  51253.985    31.7615     60.968    7.29907     4.5901     4.5940    25.1519   13.06389 4.0011e-02     61.552 0.0000e+00
        569 113.472488    0.03944     2.3667    142.000  1025.4407  51256.211    31.7629     61.179    7.29897     4.5904     4.5942    25.1531   13.06370 4.0007e-02     61.765 0.0000e+00
        570 113.472491    0.03951     2.3708    142.250  1025.4431  51258.992    31.7648     61.381    7.29884     4.5907     4.5944    25.1545   13.06347 4.0008e-02     61.969 0.0000e+00
        571 113.472494    0.03958     2.3750    142.500  1025.4459  51262.565    31.7672     61.570    7.29867     4.5911     4.5947    25.1564   13.06317 4.0013e-02     62.160 0.0000e+00
        572 113.472497    0.03965     2.3792    142.750  1025.4490  51266.908    31.7701     61.748    7.29847     4.5915     4.5950    25.1587   13.06279 4.0020e-02     62.340 0.0000e+00
        573 113.472500    0.03972     2.3833    143.000  1025.4524  51271.730    31.7735     61.921    7.29823     4.5919     4.5954    25.1613   13.06236 4.0017e-02     62.515 0.0000e+00
        574 113.472503    0.03979     2.3875    143.250  1025.4557  51276.271    31.7766     62.099    7.29800     4.5922     4.5959    25.1638   13.06193 4.0005e-02     62.694 0.0000e+00
        575 113.472506    0.03986     2.3917    143.500  1025.4585  51279.871    31.7791     62.287    7.29780     4.5923     4.5963    25.1657   13.06157 3.9994e-02     62.884 0.0000e+00
        576 113.472509    0.03993     2.3958    143.750  1025.4608  51282.621    31.7809     62.487    7.29767     4.5922     4.5965    25.1671   13.06133 3.9989e-02     63.086 0.0000e+00
        577 113.472512    0.04000     2.4000    144.000  1025.4630  51284.886    31.7824     62.693    7.29758     4.5921     4.5966    25.1683   13.06117 3.9990e-02     63.294 0.0000e+00
        578 113.472514    0.04007     2.4042    144.250  1025.4648  51286.710    31.7835     62.897    7.29753     4.5918     4.5966    25.1692   13.06107 3.9991e-02     63.500 0.0000e+00
        579 113.472517    0.04014     2.4083    144.500  1025.4664  51288.037    31.7843     63.093    7.29752     4.5914     4.5964    25.1698   13.06104 3.9984e-02     63.698 0.0000e+00
        580 113.472520    0.04021     2.4125    144.750  1025.4677  51289.060    31.7848     63.281    7.29754     4.5908     4.5962    25.1702   13.06107 3.9965e-02     63.888 0.0000e+00
        581 113.472523    0.04028     2.4167    145.000  1025.4690  51290.031    31.7853     63.467    7.29759     4.5903     4.5957    25.1707   13.06114 3.9942e-02     64.076 0.0000e+00
        582 113.472526    0.04035     2.4208    145.250  1025.4704  51291.016    31.7857     63.657    7.29765     4.5898     4.5952    25.1711   13.06125 3.9920e-02     64.268 0.0000e+00
        583 113.472529    0.04042     2.4250    145.500  1025.4717  51291.920    31.7861     63.856    7.29772     4.5893     4.5947    25.1715   13.06136 3.9895e-02     64.468 0.0000e+00
        584 113.472532    0.04049     2.4292    145.750  1025.4729  51292.636    31.7864     64.065    7.29780     4.5887     4.5942    25.1717   13.06148 3.9870e-02     64.679 0.0000e+00
        585 113.472535    0.04056     2.4333    146.000  1025.4741  51293.247    31.7866     64.279    7.29788     4.5880     4.5937    25.1720   13.06161 3.9858e-02     64.895 0.0000e+00
        586 113.472538    0.04063     2.4375    146.250  1025.4754  51293.930    31.7869     64.488    7.29798     4.5874     4.5931    25.1722   13.06176 3.9862e-02     65.106 0.0000e+00
        587 113.472541    0.04069     2.4417    146.500  1025.4766  51294.668    31.7871     64.685    7.29807     4.5869     4.5925    25.1725   13.06192 3.9868e-02     65.305 0.0000e+00
        588 113.472543    0.04076     2.4458    146.750  1025.4777  51295.331    31.7874     64.867    7.29816     4.5864     4.5919    25.1727   13.06207 3.9865e-02     65.489 0.0000e+00
        589 113.472546    0.04083     2.4500    147.000  1025.4786  51295.867    31.7875     65.036    7.29825     4.5858     4.5914    25.1729   13.06221 3.9854e-02     65.660 0.0000e+00
        590 113.472549    0.04090     2.4542    147.250  1025.4795  51296.305    31.7876     65.203    7.29834     4.5852     4.5909    25.1730   13.06235 3.9843e-02     65.829 0.0000e+00
        591 113.472552    0.04097     2.4583    147.500  1025.4804  51296.602    31.7876     65.380    7.29843     4.5843     4.5903    25.1731   13.06251 3.9837e-02     66.007 0.0000e+00
        592 113.472555    0.04104     2.4625    147.750  1025.4812  51296.636    31.7874     65.572    7.29856     4.5829     4.5897    25.1730   13.06272 3.9832e-02     66.201 0.0000e+00
        593 113.472558    0.04111     2.4667    148.000  1025.4819  51296.404    31.7869     65.779    7.29874     4.5811     4.5888    25.1727   13.06302 3.9829e-02     66.410 0.0000e+00
        594 113.472561    0.04118     2.4708    148.250  1025.4827  51296.259    31.7864     65.995    7.29899     4.5789     4.5875    25.1725   13.06345 3.9827e-02     66.629 0.0000e+00
        595 113.472564    0.04125     2.4750    148.500  1025.4838  51296.787    31.7862     66.211    7.29932     4.5767     4.5857    25.1725   13.06399 3.9830e-02     66.847 0.0000e+00
