CTD-processing/allCTD/CNV--homogene/2018_03-27_t7_s22_cast031.cnv
* Sea-Bird SBE19plus Data File:
* FileName = P:\My Documents\kasitsna\Research-KBL\Oceanography-AK\CTD-Data-ALL-to-2017-02\2018-CTD-KachemakBay-CookInlet\2018-03-27-CookInlet-AlongBay\2018-03-27-CookInlet-AlongBay-cast031.hex
* Software Version 1.59
* Temperature SN =  5028
* Conductivity SN =  5028
* System UpLoad Time = Mar 28 2018 11:43:58
** Cook Inlet LTM Along-Bay (T7-22 to KB12)
** Date: 2018_03-27
** Station: (eg. 9-01): 07-22
** Start time (AKDT): 12:50
** Depth (m): 78.3
** Comment:  Extended to T7-22 due to calm seas.
** Comment:
# nquan = 17
# nvalues = 664                         
# units = specified
# name 0 = scan: Scan Count
# name 1 = timeJ: Julian Days
# name 2 = timeH: Time, Elapsed [hours]
# name 3 = timeM: Time, Elapsed [minutes]
# name 4 = timeS: Time, Elapsed [seconds]
# name 5 = density00: Density [density, kg/m^3]
# name 6 = specc: Specific Conductance [uS/cm]
# name 7 = sal00: Salinity, Practical [PSU]
# name 8 = depSM: Depth [salt water, m], lat = 59.00
# name 9 = oxsolML/L: Oxygen Saturation, Garcia & Gordon [ml/l]
# name 10 = potemp090C: Potential Temperature [ITS-90, deg C]
# name 11 = tv290C: Temperature [ITS-90, deg C]
# name 12 = sigma-é00: Density [sigma-theta, kg/m^3]
# name 13 = n2satML/L: Nitrogen Saturation [ml/l]
# name 14 = par: PAR/Irradiance, Biospherical/Licor
# name 15 = prdM: Pressure, Strain Gauge [db]
# name 16 = flag:  0.000e+00
# span 0 =          1,        664       
# span 1 =  86.535660,  86.537578       
# span 2 =    0.00000,    0.04604       
# span 3 =     0.0000,     2.7625       
# span 4 =      0.000,    165.750       
# span 5 =  1025.1110,  1025.4559       
# span 6 =  51149.285,  51266.207       
# span 7 =    31.6867,    31.7372       
# span 8 =      0.377,     66.592       
# span 9 =    7.32198,    7.33927       
# span 10 =     4.3882,     4.4790      
# span 11 =     4.3756,     4.4791      
# span 12 =    25.1072,    25.1518      
# span 13 =   13.10241,   13.13067      
# span 14 = 3.9722e-01, 4.0199e+02      
# span 15 =      0.381,     67.231      
# span 16 = 0.0000e+00, 0.0000e+00      
# interval = seconds: 0.25
# start_time = Mar 27 2018 12:51:21 [Instrument's time stamp, header]
# bad_flag = -9.990e-29
*END*
          1  86.535660    0.00000     0.0000      0.000  1025.1502  51235.611    31.7295      0.377    7.33927     4.3882     4.3756    25.1484   13.13067 4.0199e+02      0.381 0.0000e+00
          2  86.535663    0.00007     0.0042      0.250  1025.1428  51220.701    31.7207      0.420    7.33861     4.3939     4.3817    25.1408   13.12970 3.5070e+02      0.424 0.0000e+00
          3  86.535666    0.00014     0.0083      0.500  1025.1439  51221.217    31.7225      0.478    7.33736     4.3984     4.3883    25.1416   13.12761 3.1190e+02      0.482 0.0000e+00
          4  86.535668    0.00021     0.0125      0.750  1025.1490  51229.318    31.7293      0.534    7.33602     4.4019     4.3939    25.1464   13.12530 2.9560e+02      0.539 0.0000e+00
          5  86.535671    0.00028     0.0167      1.000  1025.1527  51235.100    31.7343      0.574    7.33497     4.4049     4.3984    25.1499   13.12351 2.9592e+02      0.580 0.0000e+00
          6  86.535674    0.00035     0.0208      1.250  1025.1547  51238.104    31.7371      0.595    7.33421     4.4074     4.4020    25.1518   13.12221 3.0609e+02      0.600 0.0000e+00
          7  86.535677    0.00042     0.0250      1.500  1025.1544  51237.196    31.7372      0.596    7.33368     4.4092     4.4049    25.1515   13.12135 3.1683e+02      0.601 0.0000e+00
          8  86.535680    0.00049     0.0292      1.750  1025.1520  51232.396    31.7345      0.586    7.33337     4.4099     4.4074    25.1491   13.12087 3.2021e+02      0.591 0.0000e+00
          9  86.535683    0.00056     0.0333      2.000  1025.1485  51225.755    31.7304      0.578    7.33326     4.4096     4.4092    25.1457   13.12074 3.1202e+02      0.583 0.0000e+00
         10  86.535686    0.00063     0.0375      2.250  1025.1456  51220.386    31.7269      0.583    7.33331     4.4090     4.4099    25.1428   13.12086 2.9805e+02      0.588 0.0000e+00
         11  86.535689    0.00069     0.0417      2.500  1025.1453  51219.672    31.7263      0.601    7.33338     4.4084     4.4097    25.1424   13.12098 2.8970e+02      0.607 0.0000e+00
         12  86.535692    0.00076     0.0458      2.750  1025.1478  51224.182    31.7292      0.623    7.33335     4.4081     4.4090    25.1448   13.12090 2.8876e+02      0.629 0.0000e+00
         13  86.535694    0.00083     0.0500      3.000  1025.1510  51230.185    31.7332      0.637    7.33326     4.4082     4.4084    25.1480   13.12071 2.9349e+02      0.643 0.0000e+00
         14  86.535697    0.00090     0.0542      3.250  1025.1528  51233.535    31.7354      0.636    7.33320     4.4085     4.4081    25.1498   13.12058 3.0289e+02      0.642 0.0000e+00
         15  86.535700    0.00097     0.0583      3.500  1025.1520  51232.253    31.7345      0.622    7.33322     4.4085     4.4082    25.1491   13.12062 3.1313e+02      0.627 0.0000e+00
         16  86.535703    0.00104     0.0625      3.750  1025.1491  51226.993    31.7310      0.604    7.33334     4.4080     4.4085    25.1463   13.12086 3.1790e+02      0.610 0.0000e+00
         17  86.535706    0.00111     0.0667      4.000  1025.1460  51221.323    31.7272      0.598    7.33353     4.4073     4.4085    25.1432   13.12123 3.1437e+02      0.603 0.0000e+00
         18  86.535709    0.00118     0.0708      4.250  1025.1446  51218.535    31.7252      0.612    7.33372     4.4067     4.4080    25.1417   13.12157 3.0562e+02      0.618 0.0000e+00
         19  86.535712    0.00125     0.0750      4.500  1025.1448  51218.736    31.7251      0.647    7.33385     4.4067     4.4073    25.1417   13.12178 2.9476e+02      0.653 0.0000e+00
         20  86.535715    0.00132     0.0792      4.750  1025.1456  51219.959    31.7258      0.698    7.33391     4.4075     4.4068    25.1423   13.12187 2.8555e+02      0.704 0.0000e+00
         21  86.535718    0.00139     0.0833      5.000  1025.1467  51221.473    31.7268      0.753    7.33386     4.4090     4.4068    25.1431   13.12178 2.8212e+02      0.760 0.0000e+00
         22  86.535720    0.00146     0.0875      5.250  1025.1481  51223.579    31.7284      0.795    7.33365     4.4111     4.4075    25.1443   13.12141 2.8351e+02      0.803 0.0000e+00
         23  86.535723    0.00153     0.0917      5.500  1025.1489  51224.658    31.7295      0.816    7.33332     4.4129     4.4090    25.1450   13.12086 2.8558e+02      0.824 0.0000e+00
         24  86.535726    0.00160     0.0958      5.750  1025.1484  51223.471    31.7291      0.820    7.33298     4.4140     4.4111    25.1445   13.12029 2.8667e+02      0.827 0.0000e+00
         25  86.535729    0.00167     0.1000      6.000  1025.1472  51221.071    31.7279      0.818    7.33271     4.4141     4.4130    25.1434   13.11986 2.8682e+02      0.826 0.0000e+00
         26  86.535732    0.00174     0.1042      6.250  1025.1465  51219.437    31.7271      0.822    7.33256     4.4134     4.4141    25.1426   13.11963 2.8645e+02      0.830 0.0000e+00
         27  86.535735    0.00181     0.1083      6.500  1025.1469  51220.204    31.7276      0.833    7.33252     4.4124     4.4141    25.1430   13.11955 2.8519e+02      0.841 0.0000e+00
         28  86.535738    0.00187     0.1125      6.750  1025.1487  51223.540    31.7297      0.845    7.33254     4.4114     4.4134    25.1448   13.11956 2.8229e+02      0.853 0.0000e+00
         29  86.535741    0.00194     0.1167      7.000  1025.1510  51227.837    31.7324      0.854    7.33259     4.4106     4.4124    25.1470   13.11960 2.7960e+02      0.862 0.0000e+00
         30  86.535744    0.00201     0.1208      7.250  1025.1525  51230.594    31.7341      0.855    7.33268     4.4099     4.4114    25.1484   13.11974 2.8037e+02      0.863 0.0000e+00
         31  86.535747    0.00208     0.1250      7.500  1025.1522  51230.211    31.7336      0.849    7.33285     4.4093     4.4106    25.1482   13.12001 2.8406e+02      0.857 0.0000e+00
         32  86.535749    0.00215     0.1292      7.750  1025.1503  51226.960    31.7312      0.842    7.33308     4.4085     4.4100    25.1463   13.12042 2.8500e+02      0.850 0.0000e+00
         33  86.535752    0.00222     0.1333      8.000  1025.1482  51223.129    31.7285      0.839    7.33333     4.4077     4.4093    25.1442   13.12087 2.8035e+02      0.847 0.0000e+00
         34  86.535755    0.00229     0.1375      8.250  1025.1472  51221.445    31.7272      0.841    7.33352     4.4069     4.4086    25.1432   13.12122 2.7476e+02      0.849 0.0000e+00
         35  86.535758    0.00236     0.1417      8.500  1025.1480  51223.058    31.7281      0.846    7.33362     4.4063     4.4078    25.1441   13.12137 2.7504e+02      0.853 0.0000e+00
         36  86.535761    0.00243     0.1458      8.750  1025.1502  51227.285    31.7308      0.849    7.33363     4.4061     4.4070    25.1463   13.12134 2.8186e+02      0.856 0.0000e+00
         37  86.535764    0.00250     0.1500      9.000  1025.1526  51231.794    31.7337      0.846    7.33358     4.4062     4.4064    25.1487   13.12123 2.8788e+02      0.853 0.0000e+00
         38  86.535767    0.00257     0.1542      9.250  1025.1536  51233.724    31.7350      0.836    7.33357     4.4065     4.4062    25.1497   13.12118 2.8773e+02      0.844 0.0000e+00
         39  86.535770    0.00264     0.1583      9.500  1025.1523  51231.517    31.7335      0.823    7.33363     4.4068     4.4062    25.1485   13.12130 2.8305e+02      0.831 0.0000e+00
         40  86.535773    0.00271     0.1625      9.750  1025.1495  51226.297    31.7300      0.814    7.33374     4.4071     4.4065    25.1457   13.12154 2.7767e+02      0.822 0.0000e+00
         41  86.535775    0.00278     0.1667     10.000  1025.1470  51221.748    31.7270      0.814    7.33383     4.4075     4.4068    25.1433   13.12173 2.7641e+02      0.822 0.0000e+00
         42  86.535778    0.00285     0.1708     10.250  1025.1466  51220.883    31.7265      0.824    7.33381     4.4082     4.4071    25.1428   13.12170 2.8095e+02      0.831 0.0000e+00
         43  86.535781    0.00292     0.1750     10.500  1025.1484  51223.905    31.7286      0.835    7.33364     4.4097     4.4075    25.1444   13.12139 2.8571e+02      0.843 0.0000e+00
         44  86.535784    0.00299     0.1792     10.750  1025.1508  51228.210    31.7317      0.841    7.33335     4.4118     4.4082    25.1468   13.12088 2.8681e+02      0.849 0.0000e+00
         45  86.535787    0.00306     0.1833     11.000  1025.1517  51229.692    31.7331      0.835    7.33303     4.4142     4.4097    25.1478   13.12034 2.8546e+02      0.843 0.0000e+00
         46  86.535790    0.00313     0.1875     11.250  1025.1499  51226.095    31.7311      0.821    7.33275     4.4159     4.4118    25.1460   13.11989 2.8198e+02      0.828 0.0000e+00
         47  86.535793    0.00319     0.1917     11.500  1025.1462  51219.180    31.7269      0.805    7.33254     4.4165     4.4142    25.1424   13.11960 2.7851e+02      0.812 0.0000e+00
         48  86.535796    0.00326     0.1958     11.750  1025.1429  51212.879    31.7230      0.798    7.33243     4.4161     4.4159    25.1392   13.11946 2.7826e+02      0.805 0.0000e+00
         49  86.535799    0.00333     0.2000     12.000  1025.1414  51209.931    31.7211      0.804    7.33242     4.4153     4.4165    25.1376   13.11948 2.7844e+02      0.812 0.0000e+00
         50  86.535802    0.00340     0.2042     12.250  1025.1421  51211.166    31.7219      0.820    7.33245     4.4148     4.4161    25.1382   13.11952 2.7563e+02      0.828 0.0000e+00
         51  86.535804    0.00347     0.2083     12.500  1025.1444  51215.384    31.7246      0.838    7.33245     4.4148     4.4153    25.1405   13.11948 2.7253e+02      0.846 0.0000e+00
         52  86.535807    0.00354     0.2125     12.750  1025.1468  51219.725    31.7274      0.850    7.33240     4.4155     4.4148    25.1428   13.11937 2.7247e+02      0.857 0.0000e+00
         53  86.535810    0.00361     0.2167     13.000  1025.1479  51221.693    31.7287      0.850    7.33233     4.4164     4.4149    25.1438   13.11923 2.7456e+02      0.858 0.0000e+00
         54  86.535813    0.00368     0.2208     13.250  1025.1470  51220.175    31.7279      0.840    7.33226     4.4170     4.4155    25.1431   13.11912 2.7677e+02      0.848 0.0000e+00
         55  86.535816    0.00375     0.2250     13.500  1025.1448  51215.975    31.7252      0.825    7.33224     4.4169     4.4164    25.1409   13.11912 2.7816e+02      0.833 0.0000e+00
         56  86.535819    0.00382     0.2292     13.750  1025.1425  51211.729    31.7225      0.812    7.33227     4.4163     4.4170    25.1386   13.11920 2.7764e+02      0.820 0.0000e+00
         57  86.535822    0.00389     0.2333     14.000  1025.1414  51209.828    31.7212      0.808    7.33233     4.4154     4.4170    25.1376   13.11933 2.7522e+02      0.815 0.0000e+00
         58  86.535825    0.00396     0.2375     14.250  1025.1421  51211.054    31.7219      0.812    7.33241     4.4147     4.4164    25.1382   13.11944 2.7280e+02      0.820 0.0000e+00
         59  86.535828    0.00403     0.2417     14.500  1025.1442  51214.959    31.7243      0.822    7.33244     4.4145     4.4155    25.1403   13.11945 2.7153e+02      0.830 0.0000e+00
         60  86.535830    0.00410     0.2458     14.750  1025.1468  51219.873    31.7275      0.831    7.33240     4.4150     4.4148    25.1429   13.11935 2.7183e+02      0.839 0.0000e+00
         61  86.535833    0.00417     0.2500     15.000  1025.1488  51223.631    31.7300      0.834    7.33231     4.4162     4.4146    25.1449   13.11918 2.7435e+02      0.842 0.0000e+00
         62  86.535836    0.00424     0.2542     15.250  1025.1496  51225.091    31.7311      0.829    7.33217     4.4177     4.4151    25.1458   13.11893 2.7783e+02      0.837 0.0000e+00
         63  86.535839    0.00431     0.2583     15.500  1025.1492  51224.273    31.7308      0.819    7.33198     4.4193     4.4163    25.1454   13.11863 2.7987e+02      0.827 0.0000e+00
         64  86.535842    0.00438     0.2625     15.750  1025.1480  51221.798    31.7295      0.810    7.33178     4.4206     4.4178    25.1442   13.11830 2.8049e+02      0.817 0.0000e+00
         65  86.535845    0.00444     0.2667     16.000  1025.1464  51218.711    31.7278      0.806    7.33159     4.4215     4.4193    25.1426   13.11801 2.7956e+02      0.814 0.0000e+00
         66  86.535848    0.00451     0.2708     16.250  1025.1452  51216.316    31.7264      0.812    7.33142     4.4222     4.4206    25.1414   13.11776 2.7608e+02      0.820 0.0000e+00
         67  86.535851    0.00458     0.2750     16.500  1025.1450  51215.621    31.7262      0.824    7.33127     4.4227     4.4216    25.1411   13.11751 2.7243e+02      0.832 0.0000e+00
         68  86.535854    0.00465     0.2792     16.750  1025.1457  51216.610    31.7270      0.839    7.33111     4.4233     4.4223    25.1417   13.11724 2.7178e+02      0.847 0.0000e+00
         69  86.535856    0.00472     0.2833     17.000  1025.1466  51218.141    31.7281      0.849    7.33096     4.4241     4.4228    25.1426   13.11698 2.7333e+02      0.857 0.0000e+00
         70  86.535859    0.00479     0.2875     17.250  1025.1470  51218.827    31.7287      0.850    7.33083     4.4252     4.4233    25.1430   13.11675 2.7464e+02      0.858 0.0000e+00
         71  86.535862    0.00486     0.2917     17.500  1025.1466  51218.005    31.7283      0.843    7.33070     4.4264     4.4242    25.1426   13.11654 2.7525e+02      0.851 0.0000e+00
         72  86.535865    0.00493     0.2958     17.750  1025.1454  51215.764    31.7271      0.833    7.33056     4.4274     4.4253    25.1415   13.11633 2.7526e+02      0.841 0.0000e+00
         73  86.535868    0.00500     0.3000     18.000  1025.1438  51212.651    31.7252      0.827    7.33044     4.4280     4.4265    25.1399   13.11616 2.7447e+02      0.835 0.0000e+00
         74  86.535871    0.00507     0.3042     18.250  1025.1424  51209.893    31.7236      0.830    7.33035     4.4280     4.4275    25.1385   13.11602 2.7365e+02      0.838 0.0000e+00
         75  86.535874    0.00514     0.3083     18.500  1025.1420  51209.039    31.7231      0.840    7.33027     4.4279     4.4280    25.1381   13.11590 2.7312e+02      0.848 0.0000e+00
         76  86.535877    0.00521     0.3125     18.750  1025.1429  51210.516    31.7241      0.848    7.33021     4.4281     4.4281    25.1389   13.11578 2.7235e+02      0.857 0.0000e+00
         77  86.535880    0.00528     0.3167     19.000  1025.1442  51212.960    31.7258      0.849    7.33015     4.4289     4.4280    25.1402   13.11567 2.7257e+02      0.857 0.0000e+00
         78  86.535883    0.00535     0.3208     19.250  1025.1449  51214.343    31.7268      0.839    7.33007     4.4302     4.4282    25.1410   13.11551 2.7487e+02      0.847 0.0000e+00
         79  86.535885    0.00542     0.3250     19.500  1025.1445  51213.578    31.7264      0.823    7.32994     4.4315     4.4290    25.1406   13.11530 2.7747e+02      0.831 0.0000e+00
         80  86.535888    0.00549     0.3292     19.750  1025.1431  51210.881    31.7249      0.810    7.32978     4.4321     4.4303    25.1393   13.11507 2.7749e+02      0.818 0.0000e+00
         81  86.535891    0.00556     0.3333     20.000  1025.1413  51207.418    31.7228      0.807    7.32967     4.4319     4.4315    25.1375   13.11491 2.7412e+02      0.815 0.0000e+00
         82  86.535894    0.00562     0.3375     20.250  1025.1400  51204.885    31.7212      0.815    7.32963     4.4308     4.4322    25.1362   13.11487 2.7151e+02      0.823 0.0000e+00
         83  86.535897    0.00569     0.3417     20.500  1025.1400  51204.754    31.7211      0.831    7.32968     4.4294     4.4320    25.1361   13.11495 2.7208e+02      0.839 0.0000e+00
         84  86.535900    0.00576     0.3458     20.750  1025.1415  51207.580    31.7228      0.846    7.32979     4.4286     4.4309    25.1375   13.11511 2.7215e+02      0.854 0.0000e+00
         85  86.535903    0.00583     0.3500     21.000  1025.1438  51212.066    31.7255      0.851    7.32990     4.4288     4.4295    25.1398   13.11526 2.7036e+02      0.859 0.0000e+00
