CTD-processing/allCTD/CNV--homogene/2018_06-22_alongbay_skb08_cast112.cnv
* Sea-Bird SBE19plus Data File:
* FileName = C:\Users\Kim.Powell\Desktop\Not Processed\2018\2018_06-XX\2018_06-XX_TRANSECT_STATION_cast112.hex
* Software Version 1.59
* Temperature SN =  5028
* Conductivity SN =  5028
* System UpLoad Time = Jul 05 2018 09:30:28
** 2018_06-22
** Station: KB08
** Start Time: 12:04
** Depth (m): 85
** Comment:
** Comment:
# nquan = 17
# nvalues = 719                         
# units = specified
# name 0 = scan: Scan Count
# name 1 = timeJ: Julian Days
# name 2 = timeH: Time, Elapsed [hours]
# name 3 = timeM: Time, Elapsed [minutes]
# name 4 = timeS: Time, Elapsed [seconds]
# name 5 = density00: Density [density, kg/m^3]
# name 6 = specc: Specific Conductance [uS/cm]
# name 7 = sal00: Salinity, Practical [PSU]
# name 8 = depSM: Depth [salt water, m], lat = 59.00
# name 9 = oxsolML/L: Oxygen Saturation, Garcia & Gordon [ml/l]
# name 10 = potemp090C: Potential Temperature [ITS-90, deg C]
# name 11 = tv290C: Temperature [ITS-90, deg C]
# name 12 = sigma-é00: Density [sigma-theta, kg/m^3]
# name 13 = n2satML/L: Nitrogen Saturation [ml/l]
# name 14 = par: PAR/Irradiance, Biospherical/Licor
# name 15 = prdM: Pressure, Strain Gauge [db]
# name 16 = flag:  0.000e+00
# span 0 =          1,        719       
# span 1 = 173.502824, 173.504902       
# span 2 =    0.00000,    0.04986       
# span 3 =     0.0000,     2.9917       
# span 4 =      0.000,    179.500       
# span 5 =  1018.4637,  1025.2799       
# span 6 =  38884.075,  50663.798       
# span 7 =    24.1637,    31.6626       
# span 8 =      0.423,     81.655       
# span 9 =    6.55044,    7.06808       
# span 10 =     5.9742,    10.7390      
# span 11 =     5.9807,    10.7391      
# span 12 =    18.4618,    24.9005      
# span 13 =   11.88085,   12.68412      
# span 14 = 4.8521e-02, 1.4562e+03      
# span 15 =      0.427,     82.442      
# span 16 = 0.0000e+00, 0.0000e+00      
# interval = seconds: 0.25
# start_time = Jun 22 2018 12:04:04 [Instrument's time stamp, header]
# bad_flag = -9.990e-29
*END*
[from data line 256]
        257 173.503565    0.01778     1.0667     64.000  1020.1107  42034.136    26.3622      0.886    6.57096    10.7078    10.7080    20.1066   11.92603 8.1364e+02      0.894 0.0000e+00
        258 173.503568    0.01785     1.0708     64.250  1020.1112  42035.124    26.3628      0.877    6.57094    10.7076    10.7079    20.1071   11.92599 8.2343e+02      0.886 0.0000e+00
        259 173.503571    0.01792     1.0750     64.500  1020.1128  42038.248    26.3650      0.873    6.57086    10.7074    10.7079    20.1088   11.92583 8.1051e+02      0.882 0.0000e+00
        260 173.503573    0.01799     1.0792     64.750  1020.1165  42044.986    26.3697      0.876    6.57068    10.7070    10.7077    20.1125   11.92548 8.0139e+02      0.885 0.0000e+00
        261 173.503576    0.01806     1.0833     65.000  1020.1208  42052.883    26.3751      0.883    6.57049    10.7066    10.7075    20.1167   11.92509 8.1273e+02      0.892 0.0000e+00
        262 173.503579    0.01812     1.0875     65.250  1020.1236  42058.009    26.3786      0.889    6.57040    10.7061    10.7071    20.1195   11.92489 8.3283e+02      0.898 0.0000e+00
        263 173.503582    0.01819     1.0917     65.500  1020.1256  42061.742    26.3811      0.891    6.57036    10.7056    10.7066    20.1216   11.92480 8.4899e+02      0.900 0.0000e+00
        264 173.503585    0.01826     1.0958     65.750  1020.1278  42065.712    26.3838      0.889    6.57032    10.7051    10.7061    20.1237   11.92469 8.5562e+02      0.898 0.0000e+00
        265 173.503588    0.01833     1.1000     66.000  1020.1296  42069.096    26.3861      0.887    6.57029    10.7047    10.7056    20.1256   11.92463 8.6537e+02      0.896 0.0000e+00
        266 173.503591    0.01840     1.1042     66.250  1020.1316  42072.734    26.3886      0.887    6.57026    10.7043    10.7052    20.1276   11.92453 8.8160e+02      0.896 0.0000e+00
        267 173.503594    0.01847     1.1083     66.500  1020.1339  42076.869    26.3914      0.889    6.57020    10.7041    10.7048    20.1298   11.92440 8.8533e+02      0.898 0.0000e+00
        268 173.503597    0.01854     1.1125     66.750  1020.1346  42078.144    26.3923      0.890    6.57021    10.7040    10.7044    20.1306   11.92442 8.7046e+02      0.899 0.0000e+00
        269 173.503600    0.01861     1.1167     67.000  1020.1328  42074.679    26.3899      0.888    6.57035    10.7040    10.7041    20.1287   11.92468 8.3929e+02      0.897 0.0000e+00
        270 173.503602    0.01868     1.1208     67.250  1020.1300  42069.492    26.3863      0.882    6.57052    10.7042    10.7040    20.1259   11.92500 8.0531e+02      0.890 0.0000e+00
        271 173.503605    0.01875     1.1250     67.500  1020.1285  42066.717    26.3844      0.876    6.57058    10.7044    10.7041    20.1244   11.92514 7.8593e+02      0.885 0.0000e+00
        272 173.503608    0.01882     1.1292     67.750  1020.1301  42069.765    26.3865      0.876    6.57047    10.7044    10.7043    20.1261   11.92492 7.8898e+02      0.885 0.0000e+00
        273 173.503611    0.01889     1.1333     68.000  1020.1357  42080.131    26.3936      0.883    6.57015    10.7041    10.7045    20.1316   11.92429 8.0848e+02      0.892 0.0000e+00
        274 173.503614    0.01896     1.1375     68.250  1020.1436  42094.765    26.4038      0.894    6.56973    10.7037    10.7044    20.1395   11.92348 8.2521e+02      0.902 0.0000e+00
        275 173.503617    0.01903     1.1417     68.500  1020.1496  42105.743    26.4113      0.901    6.56946    10.7035    10.7041    20.1454   11.92293 8.3797e+02      0.909 0.0000e+00
        276 173.503620    0.01910     1.1458     68.750  1020.1506  42107.687    26.4127      0.900    6.56946    10.7034    10.7038    20.1465   11.92291 8.4909e+02      0.908 0.0000e+00
        277 173.503623    0.01917     1.1500     69.000  1020.1490  42104.785    26.4106      0.891    6.56958    10.7035    10.7036    20.1450   11.92313 8.5078e+02      0.899 0.0000e+00
        278 173.503626    0.01924     1.1542     69.250  1020.1494  42105.612    26.4112      0.881    6.56955    10.7034    10.7035    20.1454   11.92309 8.4080e+02      0.889 0.0000e+00
        279 173.503628    0.01931     1.1583     69.500  1020.1557  42117.413    26.4194      0.876    6.56920    10.7029    10.7036    20.1517   11.92240 8.2122e+02      0.884 0.0000e+00
        280 173.503631    0.01938     1.1625     69.750  1020.1683  42140.759    26.4355      0.877    6.56853    10.7021    10.7035    20.1643   11.92110 8.1062e+02      0.885 0.0000e+00
        281 173.503634    0.01944     1.1667     70.000  1020.1795  42161.463    26.4498      0.882    6.56801    10.7013    10.7030    20.1755   11.92005 8.1007e+02      0.890 0.0000e+00
        282 173.503637    0.01951     1.1708     70.250  1020.1821  42166.149    26.4530      0.884    6.56800    10.7010    10.7022    20.1781   11.92000 8.0235e+02      0.892 0.0000e+00
        283 173.503640    0.01958     1.1750     70.500  1020.1782  42158.690    26.4477      0.883    6.56833    10.7013    10.7014    20.1741   11.92061 8.0076e+02      0.892 0.0000e+00
        284 173.503643    0.01965     1.1792     70.750  1020.1715  42146.314    26.4392      0.882    6.56873    10.7019    10.7011    20.1675   11.92138 8.0276e+02      0.890 0.0000e+00
        285 173.503646    0.01972     1.1833     71.000  1020.1642  42132.700    26.4298      0.883    6.56909    10.7026    10.7014    20.1601   11.92209 7.8938e+02      0.891 0.0000e+00
        286 173.503649    0.01979     1.1875     71.250  1020.1577  42120.766    26.4215      0.887    6.56934    10.7032    10.7020    20.1537   11.92261 7.8464e+02      0.896 0.0000e+00
        287 173.503652    0.01986     1.1917     71.500  1020.1522  42110.522    26.4145      0.893    6.56954    10.7037    10.7027    20.1481   11.92302 7.9706e+02      0.901 0.0000e+00
        288 173.503655    0.01993     1.1958     71.750  1020.1467  42100.431    26.4076      0.894    6.56974    10.7042    10.7033    20.1426   11.92344 7.9592e+02      0.903 0.0000e+00
        289 173.503657    0.02000     1.2000     72.000  1020.1410  42089.862    26.4003      0.891    6.56997    10.7047    10.7038    20.1369   11.92392 7.7491e+02      0.900 0.0000e+00
        290 173.503660    0.02007     1.2042     72.250  1020.1353  42079.416    26.3931      0.885    6.57021    10.7054    10.7043    20.1313   11.92440 7.5414e+02      0.893 0.0000e+00
        291 173.503663    0.02014     1.2083     72.500  1020.1301  42069.812    26.3865      0.880    6.57040    10.7061    10.7048    20.1261   11.92480 7.5129e+02      0.889 0.0000e+00
        292 173.503666    0.02021     1.2125     72.750  1020.1254  42061.203    26.3806      0.882    6.57055    10.7070    10.7055    20.1214   11.92512 7.6682e+02      0.890 0.0000e+00
        293 173.503669    0.02028     1.2167     73.000  1020.1210  42053.033    26.3751      0.888    6.57067    10.7078    10.7062    20.1169   11.92539 8.0120e+02      0.896 0.0000e+00
        294 173.503672    0.02035     1.2208     73.250  1020.1161  42043.926    26.3688      0.894    6.57081    10.7088    10.7071    20.1119   11.92570 8.4799e+02      0.902 0.0000e+00
        295 173.503675    0.02042     1.2250     73.500  1020.1104  42033.553    26.3617      0.896    6.57099    10.7099    10.7079    20.1063   11.92608 8.6309e+02      0.904 0.0000e+00
        296 173.503678    0.02049     1.2292     73.750  1020.1049  42023.538    26.3549      0.892    6.57114    10.7111    10.7089    20.1008   11.92641 8.3519e+02      0.900 0.0000e+00
        297 173.503681    0.02056     1.2333     74.000  1020.1003  42015.080    26.3492      0.886    6.57122    10.7122    10.7100    20.0962   11.92662 8.0803e+02      0.894 0.0000e+00
        298 173.503683    0.02063     1.2375     74.250  1020.0971  42009.387    26.3453      0.882    6.57121    10.7133    10.7112    20.0930   11.92665 8.0374e+02      0.891 0.0000e+00
        299 173.503686    0.02069     1.2417     74.500  1020.0958  42007.148    26.3439      0.884    6.57110    10.7142    10.7123    20.0917   11.92648 8.1482e+02      0.892 0.0000e+00
        300 173.503689    0.02076     1.2458     74.750  1020.0942  42004.372    26.3421      0.887    6.57103    10.7153    10.7134    20.0901   11.92639 8.2562e+02      0.895 0.0000e+00
        301 173.503692    0.02083     1.2500     75.000  1020.0897  41996.099    26.3364      0.887    6.57113    10.7168    10.7143    20.0856   11.92662 8.3199e+02      0.895 0.0000e+00
        302 173.503695    0.02090     1.2542     75.250  1020.0830  41983.990    26.3282      0.883    6.57131    10.7183    10.7154    20.0790   11.92703 8.3403e+02      0.891 0.0000e+00
        303 173.503698    0.02097     1.2583     75.500  1020.0760  41971.200    26.3195      0.877    6.57147    10.7200    10.7169    20.0720   11.92740 8.3102e+02      0.885 0.0000e+00
        304 173.503701    0.02104     1.2625     75.750  1020.0690  41958.427    26.3108      0.873    6.57161    10.7216    10.7184    20.0650   11.92773 8.2280e+02      0.881 0.0000e+00
        305 173.503704    0.02111     1.2667     76.000  1020.0633  41948.041    26.3037      0.875    6.57167    10.7233    10.7201    20.0592   11.92792 8.1416e+02      0.884 0.0000e+00
        306 173.503707    0.02118     1.2708     76.250  1020.0592  41940.556    26.2987      0.882    6.57164    10.7250    10.7217    20.0551   11.92794 8.1202e+02      0.890 0.0000e+00
        307 173.503709    0.02125     1.2750     76.500  1020.0550  41933.034    26.2937      0.888    6.57161    10.7267    10.7234    20.0509   11.92795 8.1354e+02      0.896 0.0000e+00
        308 173.503712    0.02132     1.2792     76.750  1020.0499  41923.855    26.2875      0.888    6.57163    10.7285    10.7251    20.0458   11.92805 8.1665e+02      0.896 0.0000e+00
        309 173.503715    0.02139     1.2833     77.000  1020.0450  41914.949    26.2815      0.884    6.57163    10.7299    10.7268    20.0409   11.92812 7.9981e+02      0.892 0.0000e+00
        310 173.503718    0.02146     1.2875     77.250  1020.0425  41910.645    26.2787      0.879    6.57150    10.7307    10.7286    20.0384   11.92795 7.6105e+02      0.887 0.0000e+00
        311 173.503721    0.02153     1.2917     77.500  1020.0451  41915.679    26.2823      0.881    6.57114    10.7302    10.7300    20.0410   11.92731 7.3366e+02      0.889 0.0000e+00
        312 173.503724    0.02160     1.2958     77.750  1020.0554  41935.021    26.2957      0.888    6.57047    10.7285    10.7308    20.0514   11.92603 7.2686e+02      0.897 0.0000e+00
        313 173.503727    0.02167     1.3000     78.000  1020.0703  41962.622    26.3148      0.896    6.56975    10.7267    10.7303    20.0662   11.92458 7.2786e+02      0.905 0.0000e+00
        314 173.503730    0.02174     1.3042     78.250  1020.0779  41976.339    26.3241      0.897    6.56960    10.7262    10.7286    20.0737   11.92423 7.2837e+02      0.906 0.0000e+00
        315 173.503733    0.02181     1.3083     78.500  1020.0725  41966.171    26.3169      0.889    6.57015    10.7269    10.7268    20.0684   11.92523 7.2275e+02      0.898 0.0000e+00
        316 173.503736    0.02187     1.3125     78.750  1020.0624  41947.288    26.3038      0.877    6.57077    10.7280    10.7263    20.0583   11.92643 7.1097e+02      0.885 0.0000e+00
        317 173.503738    0.02194     1.3167     79.000  1020.0567  41937.012    26.2968      0.869    6.57096    10.7282    10.7270    20.0527   11.92683 7.0339e+02      0.877 0.0000e+00
        318 173.503741    0.02201     1.3208     79.250  1020.0605  41944.256    26.3019      0.871    6.57059    10.7268    10.7281    20.0565   11.92615 7.0241e+02      0.879 0.0000e+00
        319 173.503744    0.02208     1.3250     79.500  1020.0725  41966.522    26.3173      0.881    6.56993    10.7245    10.7283    20.0685   11.92485 7.0475e+02      0.889 0.0000e+00
        320 173.503747    0.02215     1.3292     79.750  1020.0841  41987.824    26.3319      0.890    6.56952    10.7228    10.7269    20.0800   11.92400 7.0905e+02      0.898 0.0000e+00
        321 173.503750    0.02222     1.3333     80.000  1020.0878  41994.273    26.3362      0.891    6.56966    10.7224    10.7246    20.0837   11.92419 7.1929e+02      0.899 0.0000e+00
        322 173.503753    0.02229     1.3375     80.250  1020.0834  41985.774    26.3301      0.884    6.57016    10.7230    10.7229    20.0793   11.92510 7.2889e+02      0.892 0.0000e+00
        323 173.503756    0.02236     1.3417     80.500  1020.0768  41973.606    26.3217      0.876    6.57058    10.7237    10.7225    20.0728   11.92589 7.2681e+02      0.883 0.0000e+00
        324 173.503759    0.02243     1.3458     80.750  1020.0756  41971.518    26.3203      0.873    6.57055    10.7235    10.7231    20.0716   11.92585 7.2691e+02      0.880 0.0000e+00
        325 173.503762    0.02250     1.3500     81.000  1020.0824  41984.180    26.3291      0.878    6.57008    10.7224    10.7238    20.0783   11.92496 7.3990e+02      0.885 0.0000e+00
        326 173.503764    0.02257     1.3542     81.250  1020.0922  42002.286    26.3416      0.886    6.56959    10.7213    10.7236    20.0881   11.92400 7.6342e+02      0.894 0.0000e+00
        327 173.503767    0.02264     1.3583     81.500  1020.0985  42013.761    26.3494      0.890    6.56942    10.7210    10.7225    20.0944   11.92362 7.9032e+02      0.898 0.0000e+00
        328 173.503770    0.02271     1.3625     81.750  1020.0971  42011.021    26.3474      0.886    6.56966    10.7219    10.7214    20.0930   11.92404 8.0370e+02      0.894 0.0000e+00
        329 173.503773    0.02278     1.3667     82.000  1020.0881  41994.330    26.3359      0.876    6.57018    10.7233    10.7211    20.0841   11.92505 7.9779e+02      0.884 0.0000e+00
        330 173.503776    0.02285     1.3708     82.250  1020.0800  41979.473    26.3257      0.868    6.57048    10.7240    10.7220    20.0760   11.92568 7.9494e+02      0.876 0.0000e+00
        331 173.503779    0.02292     1.3750     82.500  1020.0825  41984.468    26.3293      0.869    6.57012    10.7230    10.7234    20.0786   11.92504 8.0474e+02      0.878 0.0000e+00
        332 173.503782    0.02299     1.3792     82.750  1020.0975  42012.258    26.3486      0.879    6.56922    10.7209    10.7241    20.0935   11.92330 8.1148e+02      0.888 0.0000e+00
        333 173.503785    0.02306     1.3833     83.000  1020.1136  42041.991    26.3690      0.892    6.56850    10.7193    10.7231    20.1095   11.92186 8.1549e+02      0.901 0.0000e+00
        334 173.503788    0.02313     1.3875     83.250  1020.1152  42044.499    26.3706      0.898    6.56875    10.7197    10.7210    20.1111   11.92225 8.2778e+02      0.907 0.0000e+00
        335 173.503791    0.02319     1.3917     83.500  1020.0975  42011.326    26.3475      0.897    6.56995    10.7227    10.7194    20.0934   11.92452 8.4772e+02      0.906 0.0000e+00
        336 173.503793    0.02326     1.3958     83.750  1020.0662  41953.242    26.3074      0.891    6.57156    10.7271    10.7198    20.0621   11.92769 8.6262e+02      0.900 0.0000e+00
        337 173.503796    0.02333     1.4000     84.000  1020.0362  41897.780    26.2693      0.893    6.57272    10.7300    10.7228    20.0321   11.93009 8.6931e+02      0.902 0.0000e+00
        338 173.503799    0.02340     1.4042     84.250  1020.0247  41876.858    26.2553      0.911    6.57268    10.7282    10.7272    20.0205   11.93019 8.7318e+02      0.920 0.0000e+00
        339 173.503802    0.02347     1.4083     84.500  1020.0472  41918.872    26.2847      0.948    6.57102    10.7191    10.7302    20.0429   11.92708 8.6392e+02      0.957 0.0000e+00
        340 173.503805    0.02354     1.4125     84.750  1020.1105  42035.714    26.3655      1.002    6.56790    10.7012    10.7284    20.1059   11.92091 8.3254e+02      1.012 0.0000e+00
