CTD-processing/allCTD/CNV--homogene/2018_07-18_t7_s20_cast149.cnv
* Sea-Bird SBE19plus Data File:
* FileName = C:\Users\Kim.Powell\Desktop\Not Processed\2018\2018_07-18_AlongBay,T6,T7_5028\2018_07-18_TRANSECT_STATION_cast149.hex
* Software Version 1.59
* Temperature SN =  5028
* Conductivity SN =  5028
* System UpLoad Time = Jul 19 2018 13:11:52
** 2018_07-18
** Station: 7-20
** Start Time: 12:26
** Depth (m): 81.6
** Comment:
** Comment:
# nquan = 17
# nvalues = 733                         
# units = specified
# name 0 = scan: Scan Count
# name 1 = timeJ: Julian Days
# name 2 = timeH: Time, Elapsed [hours]
# name 3 = timeM: Time, Elapsed [minutes]
# name 4 = timeS: Time, Elapsed [seconds]
# name 5 = density00: Density [density, kg/m^3]
# name 6 = specc: Specific Conductance [uS/cm]
# name 7 = sal00: Salinity, Practical [PSU]
# name 8 = depSM: Depth [salt water, m], lat = 59.00
# name 9 = oxsolML/L: Oxygen Saturation, Garcia & Gordon [ml/l]
# name 10 = potemp090C: Potential Temperature [ITS-90, deg C]
# name 11 = tv290C: Temperature [ITS-90, deg C]
# name 12 = sigma-é00: Density [sigma-theta, kg/m^3]
# name 13 = n2satML/L: Nitrogen Saturation [ml/l]
# name 14 = par: PAR/Irradiance, Biospherical/Licor
# name 15 = prdM: Pressure, Strain Gauge [db]
# name 16 = flag:  0.000e+00
# span 0 =          1,        733       
# span 1 = 199.518252, 199.520370       
# span 2 =    0.00000,    0.05083       
# span 3 =     0.0000,     3.0500       
# span 4 =      0.000,    183.000       
# span 5 =  1000.0053,  1024.9477       
# span 6 =   1362.337,  50551.524       
# span 7 =     0.6757,    32.0919       
# span 8 =     -0.002,     78.583       
# span 9 =    6.56173,    7.48677       
# span 10 =     8.4342,    12.1871      
# span 11 =     8.4409,    12.1880      
# span 12 =     0.0053,    24.8613      
# span 13 =   11.84413,   13.79660      
# span 14 = 6.6696e-02, 2.0464e+03      
# span 15 =     -0.002,     79.340      
# span 16 = 0.0000e+00, 0.0000e+00      
# interval = seconds: 0.25
# start_time = Jul 18 2018 12:26:17 [Instrument's time stamp, header]
# bad_flag = -9.990e-29
*END*
[from data line 426]
        427 199.519485    0.02958     1.7750    106.500  1024.6572  50025.411    31.6552     16.825    6.67376     8.4718     8.4722    24.5797   12.03186 5.3467e+01     16.985 0.0000e+00
        428 199.519488    0.02965     1.7792    106.750  1024.6577  50024.615    31.6546     17.046    6.67367     8.4718     8.4730    24.5792   12.03172 5.1672e+01     17.208 0.0000e+00
        429 199.519491    0.02972     1.7833    107.000  1024.6577  50022.940    31.6534     17.270    6.67364     8.4713     8.4736    24.5782   12.03168 5.0058e+01     17.434 0.0000e+00
        430 199.519494    0.02979     1.7875    107.250  1024.6581  50022.022    31.6527     17.485    6.67367     8.4708     8.4736    24.5776   12.03174 4.8654e+01     17.651 0.0000e+00
        431 199.519497    0.02986     1.7917    107.500  1024.6592  50022.328    31.6527     17.688    6.67374     8.4704     8.4731    24.5777   12.03184 4.7429e+01     17.856 0.0000e+00
        432 199.519499    0.02993     1.7958    107.750  1024.6604  50023.066    31.6531     17.880    6.67380     8.4701     8.4726    24.5781   12.03194 4.6285e+01     18.049 0.0000e+00
        433 199.519502    0.03000     1.8000    108.000  1024.6616  50023.668    31.6533     18.065    6.67385     8.4700     8.4722    24.5783   12.03202 4.5097e+01     18.236 0.0000e+00
        434 199.519505    0.03007     1.8042    108.250  1024.6626  50024.037    31.6535     18.250    6.67388     8.4698     8.4720    24.5785   12.03207 4.3806e+01     18.423 0.0000e+00
        435 199.519508    0.03014     1.8083    108.500  1024.6634  50024.054    31.6534     18.440    6.67390     8.4695     8.4718    24.5784   12.03211 4.2441e+01     18.615 0.0000e+00
        436 199.519511    0.03021     1.8125    108.750  1024.6641  50023.804    31.6531     18.635    6.67394     8.4690     8.4717    24.5782   12.03217 4.1073e+01     18.812 0.0000e+00
        437 199.519514    0.03028     1.8167    109.000  1024.6649  50023.819    31.6529     18.833    6.67399     8.4687     8.4714    24.5782   12.03226 3.9770e+01     19.011 0.0000e+00
        438 199.519517    0.03035     1.8208    109.250  1024.6660  50024.233    31.6531     19.028    6.67404     8.4685     8.4709    24.5784   12.03234 3.8553e+01     19.208 0.0000e+00
        439 199.519520    0.03042     1.8250    109.500  1024.6672  50024.960    31.6535     19.217    6.67408     8.4685     8.4706    24.5787   12.03240 3.7426e+01     19.400 0.0000e+00
        440 199.519523    0.03049     1.8292    109.750  1024.6686  50025.950    31.6541     19.403    6.67409     8.4689     8.4704    24.5792   12.03240 3.6387e+01     19.587 0.0000e+00
        441 199.519525    0.03056     1.8333    110.000  1024.6698  50026.706    31.6545     19.590    6.67405     8.4695     8.4705    24.5795   12.03233 3.5403e+01     19.776 0.0000e+00
        442 199.519528    0.03062     1.8375    110.250  1024.6707  50026.962    31.6547     19.785    6.67398     8.4702     8.4710    24.5796   12.03222 3.4441e+01     19.973 0.0000e+00
        443 199.519531    0.03069     1.8417    110.500  1024.6716  50026.995    31.6547     19.991    6.67389     8.4709     8.4715    24.5795   12.03208 3.3487e+01     20.180 0.0000e+00
        444 199.519534    0.03076     1.8458    110.750  1024.6724  50026.916    31.6547     20.205    6.67380     8.4715     8.4722    24.5794   12.03191 3.2540e+01     20.396 0.0000e+00
        445 199.519537    0.03083     1.8500    111.000  1024.6732  50026.639    31.6545     20.420    6.67370     8.4721     8.4729    24.5791   12.03175 3.1611e+01     20.614 0.0000e+00
        446 199.519540    0.03090     1.8542    111.250  1024.6739  50026.254    31.6542     20.629    6.67360     8.4727     8.4736    24.5788   12.03160 3.0716e+01     20.825 0.0000e+00
        447 199.519543    0.03097     1.8583    111.500  1024.6745  50025.973    31.6540     20.825    6.67352     8.4732     8.4742    24.5786   12.03146 2.9864e+01     21.023 0.0000e+00
        448 199.519546    0.03104     1.8625    111.750  1024.6751  50025.720    31.6539     21.008    6.67344     8.4736     8.4748    24.5784   12.03133 2.9042e+01     21.207 0.0000e+00
        449 199.519549    0.03111     1.8667    112.000  1024.6756  50025.266    31.6536     21.181    6.67337     8.4738     8.4753    24.5781   12.03123 2.8233e+01     21.382 0.0000e+00
        450 199.519552    0.03118     1.8708    112.250  1024.6761  50024.738    31.6532     21.351    6.67332     8.4739     8.4757    24.5777   12.03116 2.7439e+01     21.554 0.0000e+00
        451 199.519554    0.03125     1.8750    112.500  1024.6766  50024.361    31.6528     21.527    6.67330     8.4738     8.4760    24.5774   12.03112 2.6674e+01     21.732 0.0000e+00
        452 199.519557    0.03132     1.8792    112.750  1024.6772  50024.076    31.6526     21.712    6.67330     8.4735     8.4760    24.5772   12.03113 2.5953e+01     21.918 0.0000e+00
        453 199.519560    0.03139     1.8833    113.000  1024.6779  50023.787    31.6523     21.906    6.67333     8.4730     8.4760    24.5770   12.03118 2.5270e+01     22.114 0.0000e+00
        454 199.519563    0.03146     1.8875    113.250  1024.6787  50023.655    31.6520     22.111    6.67338     8.4724     8.4757    24.5768   12.03127 2.4592e+01     22.321 0.0000e+00
        455 199.519566    0.03153     1.8917    113.500  1024.6797  50023.832    31.6520     22.324    6.67346     8.4718     8.4752    24.5769   12.03139 2.3886e+01     22.536 0.0000e+00
        456 199.519569    0.03160     1.8958    113.750  1024.6809  50024.185    31.6521     22.544    6.67354     8.4712     8.4746    24.5770   12.03153 2.3147e+01     22.758 0.0000e+00
        457 199.519572    0.03167     1.9000    114.000  1024.6821  50024.629    31.6522     22.769    6.67363     8.4706     8.4740    24.5772   12.03166 2.2397e+01     22.985 0.0000e+00
        458 199.519575    0.03174     1.9042    114.250  1024.6834  50025.175    31.6524     22.994    6.67370     8.4702     8.4734    24.5774   12.03179 2.1665e+01     23.212 0.0000e+00
        459 199.519578    0.03181     1.9083    114.500  1024.6847  50025.794    31.6527     23.213    6.67377     8.4700     8.4729    24.5777   12.03190 2.0981e+01     23.433 0.0000e+00
        460 199.519580    0.03188     1.9125    114.750  1024.6859  50026.478    31.6530     23.421    6.67381     8.4699     8.4725    24.5781   12.03197 2.0367e+01     23.644 0.0000e+00
        461 199.519583    0.03194     1.9167    115.000  1024.6871  50027.112    31.6533     23.618    6.67383     8.4700     8.4723    24.5784   12.03199 1.9820e+01     23.842 0.0000e+00
        462 199.519586    0.03201     1.9208    115.250  1024.6882  50027.579    31.6535     23.804    6.67383     8.4702     8.4723    24.5785   12.03198 1.9332e+01     24.030 0.0000e+00
        463 199.519589    0.03208     1.9250    115.500  1024.6891  50027.877    31.6537     23.981    6.67381     8.4705     8.4724    24.5786   12.03194 1.8893e+01     24.209 0.0000e+00
        464 199.519592    0.03215     1.9292    115.750  1024.6899  50028.005    31.6537     24.150    6.67377     8.4708     8.4726    24.5786   12.03188 1.8491e+01     24.380 0.0000e+00
        465 199.519595    0.03222     1.9333    116.000  1024.6906  50028.031    31.6537     24.313    6.67373     8.4710     8.4729    24.5786   12.03181 1.8112e+01     24.544 0.0000e+00
        466 199.519598    0.03229     1.9375    116.250  1024.6912  50028.010    31.6536     24.469    6.67369     8.4713     8.4732    24.5785   12.03174 1.7739e+01     24.701 0.0000e+00
        467 199.519601    0.03236     1.9417    116.500  1024.6918  50027.895    31.6535     24.624    6.67365     8.4715     8.4734    24.5784   12.03168 1.7348e+01     24.857 0.0000e+00
        468 199.519604    0.03243     1.9458    116.750  1024.6924  50027.703    31.6534     24.785    6.67361     8.4716     8.4737    24.5782   12.03163 1.6921e+01     25.020 0.0000e+00
        469 199.519606    0.03250     1.9500    117.000  1024.6931  50027.560    31.6533     24.963    6.67359     8.4717     8.4739    24.5781   12.03159 1.6451e+01     25.200 0.0000e+00
        470 199.519609    0.03257     1.9542    117.250  1024.6939  50027.534    31.6532     25.163    6.67357     8.4717     8.4740    24.5780   12.03156 1.5950e+01     25.402 0.0000e+00
        471 199.519612    0.03264     1.9583    117.500  1024.6949  50027.591    31.6531     25.384    6.67356     8.4716     8.4741    24.5779   12.03154 1.5438e+01     25.625 0.0000e+00
        472 199.519615    0.03271     1.9625    117.750  1024.6959  50027.707    31.6531     25.619    6.67355     8.4716     8.4742    24.5779   12.03153 1.4934e+01     25.862 0.0000e+00
        473 199.519618    0.03278     1.9667    118.000  1024.6970  50027.862    31.6531     25.858    6.67355     8.4716     8.4742    24.5779   12.03153 1.4457e+01     26.104 0.0000e+00
        474 199.519621    0.03285     1.9708    118.250  1024.6981  50028.039    31.6531     26.091    6.67355     8.4716     8.4742    24.5779   12.03153 1.4018e+01     26.339 0.0000e+00
        475 199.519624    0.03292     1.9750    118.500  1024.6992  50028.216    31.6531     26.309    6.67355     8.4716     8.4742    24.5780   12.03153 1.3617e+01     26.559 0.0000e+00
        476 199.519627    0.03299     1.9792    118.750  1024.7001  50028.413    31.6532     26.512    6.67355     8.4716     8.4742    24.5780   12.03153 1.3246e+01     26.764 0.0000e+00
        477 199.519630    0.03306     1.9833    119.000  1024.7011  50028.659    31.6533     26.702    6.67354     8.4716     8.4742    24.5781   12.03152 1.2895e+01     26.956 0.0000e+00
        478 199.519633    0.03313     1.9875    119.250  1024.7020  50028.807    31.6533     26.889    6.67354     8.4716     8.4742    24.5781   12.03150 1.2547e+01     27.144 0.0000e+00
        479 199.519635    0.03319     1.9917    119.500  1024.7027  50028.736    31.6532     27.079    6.67353     8.4714     8.4743    24.5780   12.03150 1.2197e+01     27.337 0.0000e+00
        480 199.519638    0.03326     1.9958    119.750  1024.7034  50028.509    31.6529     27.276    6.67354     8.4711     8.4743    24.5778   12.03152 1.1852e+01     27.535 0.0000e+00
        481 199.519641    0.03333     2.0000    120.000  1024.7042  50028.310    31.6527     27.475    6.67358     8.4707     8.4742    24.5777   12.03158 1.1525e+01     27.736 0.0000e+00
        482 199.519644    0.03340     2.0042    120.250  1024.7051  50028.368    31.6526     27.671    6.67363     8.4704     8.4739    24.5776   12.03166 1.1223e+01     27.934 0.0000e+00
        483 199.519647    0.03347     2.0083    120.500  1024.7061  50028.730    31.6527     27.859    6.67368     8.4701     8.4735    24.5778   12.03174 1.0948e+01     28.124 0.0000e+00
        484 199.519650    0.03354     2.0125    120.750  1024.7072  50029.368    31.6530     28.038    6.67372     8.4701     8.4732    24.5781   12.03180 1.0691e+01     28.305 0.0000e+00
        485 199.519653    0.03361     2.0167    121.000  1024.7083  50030.032    31.6534     28.211    6.67373     8.4701     8.4730    24.5784   12.03182 1.0442e+01     28.479 0.0000e+00
        486 199.519656    0.03368     2.0208    121.250  1024.7091  50030.185    31.6534     28.384    6.67373     8.4699     8.4729    24.5784   12.03183 1.0190e+01     28.654 0.0000e+00
        487 199.519659    0.03375     2.0250    121.500  1024.7096  50029.715    31.6530     28.562    6.67375     8.4693     8.4729    24.5781   12.03186 9.9295e+00     28.834 0.0000e+00
        488 199.519661    0.03382     2.0292    121.750  1024.7099  50028.792    31.6522     28.748    6.67381     8.4682     8.4728    24.5775   12.03197 9.6618e+00     29.021 0.0000e+00
        489 199.519664    0.03389     2.0333    122.000  1024.7102  50027.790    31.6513     28.942    6.67394     8.4668     8.4722    24.5769   12.03218 9.3931e+00     29.217 0.0000e+00
        490 199.519667    0.03396     2.0375    122.250  1024.7109  50027.473    31.6509     29.139    6.67412     8.4653     8.4711    24.5767   12.03249 9.1285e+00     29.416 0.0000e+00
        491 199.519670    0.03403     2.0417    122.500  1024.7122  50028.173    31.6511     29.336    6.67432     8.4640     8.4697    24.5771   12.03283 8.8703e+00     29.615 0.0000e+00
        492 199.519673    0.03410     2.0458    122.750  1024.7138  50029.495    31.6517     29.532    6.67451     8.4631     8.4682    24.5778   12.03314 8.6190e+00     29.813 0.0000e+00
        493 199.519676    0.03417     2.0500    123.000  1024.7154  50030.871    31.6524     29.729    6.67466     8.4625     8.4670    24.5785   12.03338 8.3731e+00     30.012 0.0000e+00
        494 199.519679    0.03424     2.0542    123.250  1024.7169  50032.010    31.6529     29.931    6.67477     8.4621     8.4661    24.5791   12.03356 8.1282e+00     30.215 0.0000e+00
        495 199.519682    0.03431     2.0583    123.500  1024.7183  50032.888    31.6534     30.140    6.67485     8.4619     8.4655    24.5795   12.03367 7.8824e+00     30.426 0.0000e+00
        496 199.519685    0.03438     2.0625    123.750  1024.7196  50033.498    31.6537     30.356    6.67489     8.4617     8.4651    24.5798   12.03374 7.6409e+00     30.644 0.0000e+00
        497 199.519688    0.03444     2.0667    124.000  1024.7207  50033.896    31.6538     30.571    6.67492     8.4616     8.4649    24.5799   12.03379 7.4125e+00     30.861 0.0000e+00
        498 199.519690    0.03451     2.0708    124.250  1024.7218  50034.173    31.6539     30.776    6.67494     8.4614     8.4647    24.5800   12.03382 7.2041e+00     31.069 0.0000e+00
        499 199.519693    0.03458     2.0750    124.500  1024.7226  50034.302    31.6538     30.966    6.67496     8.4613     8.4646    24.5800   12.03385 7.0210e+00     31.260 0.0000e+00
        500 199.519696    0.03465     2.0792    124.750  1024.7234  50034.323    31.6538     31.135    6.67498     8.4611     8.4645    24.5800   12.03388 6.8647e+00     31.431 0.0000e+00
        501 199.519699    0.03472     2.0833    125.000  1024.7241  50034.387    31.6537     31.286    6.67500     8.4609     8.4644    24.5800   12.03392 6.7281e+00     31.583 0.0000e+00
        502 199.519702    0.03479     2.0875    125.250  1024.7248  50034.525    31.6537     31.425    6.67502     8.4608     8.4643    24.5800   12.03396 6.5995e+00     31.723 0.0000e+00
        503 199.519705    0.03486     2.0917    125.500  1024.7254  50034.630    31.6537     31.565    6.67505     8.4605     8.4641    24.5800   12.03400 6.4664e+00     31.865 0.0000e+00
        504 199.519708    0.03493     2.0958    125.750  1024.7261  50034.590    31.6536     31.719    6.67508     8.4602     8.4639    24.5800   12.03405 6.3176e+00     32.021 0.0000e+00
        505 199.519711    0.03500     2.1000    126.000  1024.7268  50034.489    31.6534     31.897    6.67511     8.4599     8.4637    24.5799   12.03412 6.1485e+00     32.200 0.0000e+00
        506 199.519714    0.03507     2.1042    126.250  1024.7277  50034.583    31.6534     32.098    6.67516     8.4595     8.4634    24.5799   12.03420 5.9645e+00     32.404 0.0000e+00
        507 199.519716    0.03514     2.1083    126.500  1024.7288  50034.958    31.6535     32.314    6.67521     8.4592     8.4631    24.5800   12.03427 5.7768e+00     32.622 0.0000e+00
        508 199.519719    0.03521     2.1125    126.750  1024.7300  50035.455    31.6537     32.532    6.67525     8.4590     8.4627    24.5802   12.03433 5.5973e+00     32.841 0.0000e+00
        509 199.519722    0.03528     2.1167    127.000  1024.7312  50035.884    31.6539     32.740    6.67528     8.4589     8.4625    24.5804   12.03438 5.4343e+00     33.052 0.0000e+00
        510 199.519725    0.03535     2.1208    127.250  1024.7322  50036.247    31.6540     32.935    6.67531     8.4588     8.4623    24.5805   12.03442 5.2909e+00     33.248 0.0000e+00
