CTD-processing/allCTD/CNV--homogene/2018_09-13_t4_s07_cast009.cnv
* Sea-Bird SBE19plus Data File:
* FileName = C:\Users\Kim.Powell\Desktop\Not Processed\2018\2018_09-13_T3, T4, T9_5028\2018_09-13_TRANSECT_STATION_cast009.hex
* Software Version 1.59
* Temperature SN =  5028
* Conductivity SN =  5028
* System UpLoad Time = Sep 14 2018 15:56:24
** 2018_09-13
** Station: 4-07
** Start Time: 12:21
** Depth (m): 32
** Comment:
** Comment:
# nquan = 17
# nvalues = 439                         
# units = specified
# name 0 = scan: Scan Count
# name 1 = timeJ: Julian Days
# name 2 = timeH: Time, Elapsed [hours]
# name 3 = timeM: Time, Elapsed [minutes]
# name 4 = timeS: Time, Elapsed [seconds]
# name 5 = density00: Density [density, kg/m^3]
# name 6 = specc: Specific Conductance [uS/cm]
# name 7 = sal00: Salinity, Practical [PSU]
# name 8 = depSM: Depth [salt water, m], lat = 59.00
# name 9 = oxsolML/L: Oxygen Saturation, Garcia & Gordon [ml/l]
# name 10 = potemp090C: Potential Temperature [ITS-90, deg C]
# name 11 = tv290C: Temperature [ITS-90, deg C]
# name 12 = sigma-é00: Density [sigma-theta, kg/m^3]
# name 13 = n2satML/L: Nitrogen Saturation [ml/l]
# name 14 = par: PAR/Irradiance, Biospherical/Licor
# name 15 = prdM: Pressure, Strain Gauge [db]
# name 16 = flag:  0.000e+00
# span 0 =          1,        439       
# span 1 = 256.515856, 256.517124       
# span 2 =    0.00000,    0.03042       
# span 3 =     0.0000,     1.8250       
# span 4 =      0.000,    109.500       
# span 5 =  1023.4980,  1023.9790       
# span 6 =  48218.995,  48778.885       
# span 7 =    30.6443,    30.9560       
# span 8 =      0.632,     32.451       
# span 9 =    6.44355,    6.51044       
# span 10 =     9.7870,    10.2967      
# span 11 =     9.7905,    10.3539      
# span 12 =    23.4951,    23.8304      
# span 13 =   11.66283,   11.76994      
# span 14 = 2.2012e+00, 9.9748e+02      
# span 15 =      0.638,     32.760      
# span 16 = 0.0000e+00, 0.0000e+00      
# interval = seconds: 0.25
# start_time = Sep 13 2018 12:22:50 [Instrument's time stamp, header]
# bad_flag = -9.990e-29
*END*
[from data line 341]
        342 256.516843    0.02368     1.4208     85.250  1023.7861  48594.462    30.8591     13.909    6.48606     9.9763     9.9899    23.7224   11.73070 3.5490e+01     14.041 0.0000e+00
        343 256.516846    0.02375     1.4250     85.500  1023.7897  48598.732    30.8613     14.115    6.48689     9.9714     9.9834    23.7251   11.73205 3.3952e+01     14.249 0.0000e+00
        344 256.516849    0.02382     1.4292     85.750  1023.7928  48602.169    30.8629     14.315    6.48761     9.9668     9.9778    23.7273   11.73323 3.2699e+01     14.451 0.0000e+00
        345 256.516852    0.02389     1.4333     86.000  1023.7947  48603.468    30.8631     14.516    6.48829     9.9618     9.9730    23.7282   11.73435 3.1763e+01     14.654 0.0000e+00
        346 256.516855    0.02396     1.4375     86.250  1023.7956  48603.001    30.8621     14.720    6.48898     9.9562     9.9684    23.7282   11.73551 3.1073e+01     14.860 0.0000e+00
        347 256.516858    0.02403     1.4417     86.500  1023.7961  48601.783    30.8606     14.928    6.48975     9.9498     9.9635    23.7278   11.73681 3.0512e+01     15.070 0.0000e+00
        348 256.516861    0.02410     1.4458     86.750  1023.7970  48600.981    30.8592     15.137    6.49061     9.9429     9.9578    23.7277   11.73825 2.9966e+01     15.281 0.0000e+00
        349 256.516863    0.02417     1.4500     87.000  1023.7982  48600.837    30.8582     15.346    6.49155     9.9351     9.9515    23.7279   11.73982 2.9350e+01     15.492 0.0000e+00
        350 256.516866    0.02424     1.4542     87.250  1023.7991  48600.176    30.8568     15.551    6.49259     9.9263     9.9446    23.7279   11.74156 2.8608e+01     15.698 0.0000e+00
        351 256.516869    0.02431     1.4583     87.500  1023.8000  48599.293    30.8551     15.750    6.49376     9.9166     9.9369    23.7279   11.74351 2.7763e+01     15.899 0.0000e+00
        352 256.516872    0.02438     1.4625     87.750  1023.8018  48600.093    30.8545     15.945    6.49504     9.9063     9.9281    23.7288   11.74564 2.6907e+01     16.096 0.0000e+00
        353 256.516875    0.02444     1.4667     88.000  1023.8050  48603.175    30.8554     16.139    6.49639     9.8958     9.9183    23.7310   11.74787 2.6103e+01     16.292 0.0000e+00
        354 256.516878    0.02451     1.4708     88.250  1023.8090  48607.801    30.8572     16.337    6.49777     9.8851     9.9081    23.7342   11.75013 2.5354e+01     16.492 0.0000e+00
        355 256.516881    0.02458     1.4750     88.500  1023.8135  48613.148    30.8596     16.541    6.49916     9.8742     9.8977    23.7377   11.75241 2.4648e+01     16.698 0.0000e+00
        356 256.516884    0.02465     1.4792     88.750  1023.8185  48619.537    30.8627     16.752    6.50056     9.8636     9.8870    23.7418   11.75469 2.3946e+01     16.911 0.0000e+00
        357 256.516887    0.02472     1.4833     89.000  1023.8249  48628.111    30.8672     16.969    6.50193     9.8544     9.8760    23.7471   11.75691 2.3243e+01     17.130 0.0000e+00
        358 256.516889    0.02479     1.4875     89.250  1023.8322  48638.490    30.8731     17.189    6.50319     9.8471     9.8655    23.7534   11.75893 2.2588e+01     17.352 0.0000e+00
        359 256.516892    0.02486     1.4917     89.500  1023.8393  48648.685    30.8791     17.407    6.50426     9.8418     9.8563    23.7595   11.76062 2.1998e+01     17.572 0.0000e+00
        360 256.516895    0.02493     1.4958     89.750  1023.8453  48657.180    30.8840     17.620    6.50509     9.8381     9.8491    23.7646   11.76193 2.1441e+01     17.787 0.0000e+00
        361 256.516898    0.02500     1.5000     90.000  1023.8501  48663.592    30.8878     17.826    6.50568     9.8357     9.8438    23.7684   11.76288 2.0884e+01     17.995 0.0000e+00
        362 256.516901    0.02507     1.5042     90.250  1023.8536  48668.103    30.8904     18.023    6.50610     9.8341     9.8401    23.7710   11.76353 2.0306e+01     18.194 0.0000e+00
        363 256.516904    0.02514     1.5083     90.500  1023.8562  48671.157    30.8921     18.212    6.50637     9.8330     9.8377    23.7728   11.76396 1.9701e+01     18.385 0.0000e+00
        364 256.516907    0.02521     1.5125     90.750  1023.8582  48673.209    30.8933     18.396    6.50655     9.8324     9.8361    23.7739   11.76424 1.9068e+01     18.570 0.0000e+00
        365 256.516910    0.02528     1.5167     91.000  1023.8598  48674.505    30.8940     18.577    6.50666     9.8319     9.8350    23.7747   11.76442 1.8427e+01     18.753 0.0000e+00
        366 256.516913    0.02535     1.5208     91.250  1023.8610  48675.281    30.8944     18.758    6.50674     9.8316     9.8344    23.7751   11.76453 1.7815e+01     18.937 0.0000e+00
        367 256.516916    0.02542     1.5250     91.500  1023.8621  48675.824    30.8947     18.944    6.50679     9.8313     9.8340    23.7754   11.76462 1.7253e+01     19.124 0.0000e+00
        368 256.516918    0.02549     1.5292     91.750  1023.8633  48676.345    30.8949     19.137    6.50683     9.8310     9.8337    23.7756   11.76468 1.6742e+01     19.318 0.0000e+00
        369 256.516921    0.02556     1.5333     92.000  1023.8645  48676.954    30.8952     19.336    6.50686     9.8309     9.8334    23.7759   11.76473 1.6277e+01     19.519 0.0000e+00
        370 256.516924    0.02562     1.5375     92.250  1023.8658  48677.636    30.8956     19.541    6.50687     9.8309     9.8331    23.7762   11.76475 1.5847e+01     19.726 0.0000e+00
        371 256.516927    0.02569     1.5417     92.500  1023.8670  48678.263    30.8959     19.751    6.50687     9.8310     9.8330    23.7765   11.76474 1.5432e+01     19.938 0.0000e+00
        372 256.516930    0.02576     1.5458     92.750  1023.8682  48678.739    30.8962     19.964    6.50686     9.8311     9.8330    23.7767   11.76472 1.5014e+01     20.153 0.0000e+00
        373 256.516933    0.02583     1.5500     93.000  1023.8693  48679.141    30.8964     20.179    6.50684     9.8312     9.8331    23.7768   11.76469 1.4586e+01     20.370 0.0000e+00
        374 256.516936    0.02590     1.5542     93.250  1023.8704  48679.481    30.8966     20.394    6.50681     9.8314     9.8333    23.7770   11.76464 1.4140e+01     20.588 0.0000e+00
        375 256.516939    0.02597     1.5583     93.500  1023.8714  48679.632    30.8966     20.610    6.50678     9.8315     9.8335    23.7770   11.76459 1.3676e+01     20.805 0.0000e+00
        376 256.516942    0.02604     1.5625     93.750  1023.8723  48679.640    30.8965     20.823    6.50676     9.8315     9.8336    23.7769   11.76456 1.3198e+01     21.020 0.0000e+00
        377 256.516944    0.02611     1.5667     94.000  1023.8732  48679.672    30.8965     21.031    6.50675     9.8314     9.8337    23.7768   11.76454 1.2720e+01     21.230 0.0000e+00
        378 256.516947    0.02618     1.5708     94.250  1023.8741  48679.804    30.8965     21.232    6.50674     9.8314     9.8338    23.7768   11.76453 1.2264e+01     21.434 0.0000e+00
        379 256.516950    0.02625     1.5750     94.500  1023.8751  48680.021    30.8966     21.425    6.50674     9.8313     9.8338    23.7769   11.76452 1.1856e+01     21.628 0.0000e+00
        380 256.516953    0.02632     1.5792     94.750  1023.8760  48680.257    30.8966     21.607    6.50674     9.8312     9.8337    23.7770   11.76453 1.1513e+01     21.812 0.0000e+00
        381 256.516956    0.02639     1.5833     95.000  1023.8768  48680.508    30.8967     21.779    6.50674     9.8312     9.8337    23.7771   11.76453 1.1227e+01     21.986 0.0000e+00
        382 256.516959    0.02646     1.5875     95.250  1023.8778  48680.915    30.8969     21.946    6.50674     9.8311     9.8336    23.7773   11.76452 1.0977e+01     22.154 0.0000e+00
        383 256.516962    0.02653     1.5917     95.500  1023.8788  48681.593    30.8973     22.111    6.50673     9.8312     9.8336    23.7776   11.76450 1.0734e+01     22.321 0.0000e+00
        384 256.516965    0.02660     1.5958     95.750  1023.8801  48682.519    30.8979     22.280    6.50671     9.8315     9.8336    23.7780   11.76445 1.0478e+01     22.492 0.0000e+00
        385 256.516968    0.02667     1.6000     96.000  1023.8814  48683.503    30.8985     22.458    6.50667     9.8318     9.8337    23.7785   11.76437 1.0203e+01     22.671 0.0000e+00
        386 256.516970    0.02674     1.6042     96.250  1023.8826  48684.343    30.8991     22.647    6.50661     9.8322     9.8339    23.7789   11.76427 9.9107e+00     22.862 0.0000e+00
        387 256.516973    0.02681     1.6083     96.500  1023.8838  48685.090    30.8996     22.846    6.50654     9.8326     9.8343    23.7792   11.76415 9.6112e+00     23.063 0.0000e+00
        388 256.516976    0.02688     1.6125     96.750  1023.8852  48686.032    30.9002     23.051    6.50646     9.8331     9.8347    23.7796   11.76401 9.3126e+00     23.270 0.0000e+00
        389 256.516979    0.02694     1.6167     97.000  1023.8869  48687.566    30.9012     23.259    6.50635     9.8337     9.8351    23.7804   11.76382 9.0227e+00     23.480 0.0000e+00
        390 256.516982    0.02701     1.6208     97.250  1023.8890  48689.855    30.9028     23.465    6.50621     9.8345     9.8356    23.7815   11.76357 8.7485e+00     23.688 0.0000e+00
        391 256.516985    0.02708     1.6250     97.500  1023.8912  48692.253    30.9045     23.665    6.50604     9.8353     9.8363    23.7827   11.76327 8.4939e+00     23.890 0.0000e+00
        392 256.516988    0.02715     1.6292     97.750  1023.8929  48693.890    30.9057     23.860    6.50587     9.8358     9.8371    23.7835   11.76298 8.2575e+00     24.087 0.0000e+00
        393 256.516991    0.02722     1.6333     98.000  1023.8942  48694.880    30.9064     24.052    6.50573     9.8360     9.8379    23.7840   11.76273 8.0336e+00     24.280 0.0000e+00
        394 256.516994    0.02729     1.6375     98.250  1023.8955  48695.845    30.9071     24.244    6.50563     9.8359     9.8385    23.7844   11.76255 7.8139e+00     24.474 0.0000e+00
        395 256.516997    0.02736     1.6417     98.500  1023.8970  48697.147    30.9079     24.442    6.50556     9.8357     9.8387    23.7850   11.76243 7.5892e+00     24.674 0.0000e+00
        396 256.516999    0.02743     1.6458     98.750  1023.8989  48698.876    30.9091     24.648    6.50552     9.8352     9.8386    23.7859   11.76235 7.3552e+00     24.882 0.0000e+00
        397 256.517002    0.02750     1.6500     99.000  1023.9009  48700.910    30.9104     24.862    6.50550     9.8347     9.8384    23.7870   11.76230 7.1156e+00     25.098 0.0000e+00
        398 256.517005    0.02757     1.6542     99.250  1023.9030  48703.075    30.9117     25.079    6.50550     9.8342     9.8380    23.7881   11.76229 6.8794e+00     25.317 0.0000e+00
        399 256.517008    0.02764     1.6583     99.500  1023.9051  48705.178    30.9131     25.290    6.50552     9.8338     9.8375    23.7893   11.76230 6.6570e+00     25.530 0.0000e+00
        400 256.517011    0.02771     1.6625     99.750  1023.9070  48707.075    30.9143     25.488    6.50554     9.8334     9.8370    23.7903   11.76232 6.4569e+00     25.730 0.0000e+00
        401 256.517014    0.02778     1.6667    100.000  1023.9087  48708.752    30.9153     25.668    6.50555     9.8329     9.8366    23.7912   11.76233 6.2838e+00     25.912 0.0000e+00
        402 256.517017    0.02785     1.6708    100.250  1023.9103  48710.296    30.9163     25.831    6.50557     9.8323     9.8362    23.7920   11.76235 6.1354e+00     26.076 0.0000e+00
        403 256.517020    0.02792     1.6750    100.500  1023.9118  48711.894    30.9173     25.980    6.50559     9.8314     9.8357    23.7929   11.76238 6.0032e+00     26.227 0.0000e+00
        404 256.517023    0.02799     1.6792    100.750  1023.9135  48713.787    30.9185     26.126    6.50563     9.8303     9.8351    23.7939   11.76242 5.8756e+00     26.374 0.0000e+00
        405 256.517025    0.02806     1.6833    101.000  1023.9155  48716.143    30.9200     26.277    6.50569     9.8288     9.8343    23.7952   11.76249 5.7438e+00     26.526 0.0000e+00
        406 256.517028    0.02813     1.6875    101.250  1023.9179  48719.059    30.9218     26.438    6.50577     9.8270     9.8331    23.7968   11.76261 5.6037e+00     26.689 0.0000e+00
        407 256.517031    0.02819     1.6917    101.500  1023.9207  48722.571    30.9240     26.612    6.50589     9.8249     9.8317    23.7988   11.76278 5.4552e+00     26.865 0.0000e+00
        408 256.517034    0.02826     1.6958    101.750  1023.9238  48726.525    30.9265     26.798    6.50604     9.8229     9.8299    23.8010   11.76300 5.3007e+00     27.053 0.0000e+00
        409 256.517037    0.02833     1.7000    102.000  1023.9269  48730.594    30.9290     26.993    6.50622     9.8210     9.8279    23.8033   11.76327 5.1433e+00     27.250 0.0000e+00
        410 256.517040    0.02840     1.7042    102.250  1023.9300  48734.404    30.9314     27.196    6.50642     9.8193     9.8259    23.8055   11.76357 4.9837e+00     27.454 0.0000e+00
        411 256.517043    0.02847     1.7083    102.500  1023.9328  48737.677    30.9334     27.405    6.50660     9.8179     9.8240    23.8073   11.76385 4.8227e+00     27.666 0.0000e+00
        412 256.517046    0.02854     1.7125    102.750  1023.9354  48740.427    30.9350     27.622    6.50677     9.8167     9.8223    23.8088   11.76410 4.6614e+00     27.885 0.0000e+00
        413 256.517049    0.02861     1.7167    103.000  1023.9377  48742.807    30.9364     27.845    6.50691     9.8155     9.8209    23.8101   11.76432 4.5024e+00     28.110 0.0000e+00
        414 256.517052    0.02868     1.7208    103.250  1023.9399  48744.851    30.9376     28.070    6.50703     9.8144     9.8197    23.8113   11.76451 4.3492e+00     28.337 0.0000e+00
        415 256.517054    0.02875     1.7250    103.500  1023.9419  48746.654    30.9386     28.290    6.50715     9.8130     9.8186    23.8123   11.76468 4.2047e+00     28.559 0.0000e+00
        416 256.517057    0.02882     1.7292    103.750  1023.9438  48748.459    30.9396     28.501    6.50727     9.8116     9.8175    23.8133   11.76487 4.0702e+00     28.772 0.0000e+00
        417 256.517060    0.02889     1.7333    104.000  1023.9459  48750.472    30.9408     28.699    6.50741     9.8101     9.8162    23.8144   11.76509 3.9464e+00     28.973 0.0000e+00
        418 256.517063    0.02896     1.7375    104.250  1023.9479  48752.659    30.9421     28.886    6.50756     9.8088     9.8147    23.8156   11.76533 3.8327e+00     29.161 0.0000e+00
        419 256.517066    0.02903     1.7417    104.500  1023.9499  48754.757    30.9433     29.062    6.50771     9.8077     9.8133    23.8168   11.76557 3.7273e+00     29.339 0.0000e+00
        420 256.517069    0.02910     1.7458    104.750  1023.9517  48756.548    30.9443     29.234    6.50785     9.8067     9.8120    23.8178   11.76578 3.6281e+00     29.512 0.0000e+00
        421 256.517072    0.02917     1.7500    105.000  1023.9533  48758.014    30.9452     29.405    6.50797     9.8056     9.8109    23.8186   11.76598 3.5330e+00     29.684 0.0000e+00
        422 256.517075    0.02924     1.7542    105.250  1023.9548  48759.283    30.9459     29.579    6.50809     9.8043     9.8099    23.8193   11.76617 3.4387e+00     29.860 0.0000e+00
        423 256.517078    0.02931     1.7583    105.500  1023.9563  48760.522    30.9465     29.760    6.50822     9.8029     9.8088    23.8200   11.76638 3.3429e+00     30.043 0.0000e+00
        424 256.517080    0.02937     1.7625    105.750  1023.9579  48761.902    30.9472     29.949    6.50837     9.8014     9.8076    23.8208   11.76661 3.2450e+00     30.234 0.0000e+00
        425 256.517083    0.02944     1.7667    106.000  1023.9598  48763.525    30.9481     30.148    6.50853     9.7999     9.8062    23.8217   11.76687 3.1451e+00     30.435 0.0000e+00
