CTD-processing/allCTD/CNV--homogene/2018_09-13_t3_s13_cast001.cnv
* Sea-Bird SBE19plus Data File:
* FileName = C:\Users\Kim.Powell\Desktop\Not Processed\2018\2018_09-13_T3, T4, T9_5028\2018_09-13_TRANSECT_STATION_cast001.hex
* Software Version 1.59
* Temperature SN =  5028
* Conductivity SN =  5028
* System UpLoad Time = Sep 14 2018 15:50:36
** 2018_09-13
** Station: 3-13
** Start Time: 10:46
** Depth (m): 30
** Comment: ** lots of kelp extending ~3km offshore of Anchor Point
** Comment:
# nquan = 17
# nvalues = 408                         
# units = specified
# name 0 = scan: Scan Count
# name 1 = timeJ: Julian Days
# name 2 = timeH: Time, Elapsed [hours]
# name 3 = timeM: Time, Elapsed [minutes]
# name 4 = timeS: Time, Elapsed [seconds]
# name 5 = density00: Density [density, kg/m^3]
# name 6 = specc: Specific Conductance [uS/cm]
# name 7 = sal00: Salinity, Practical [PSU]
# name 8 = depSM: Depth [salt water, m], lat = 59.00
# name 9 = oxsolML/L: Oxygen Saturation, Garcia & Gordon [ml/l]
# name 10 = potemp090C: Potential Temperature [ITS-90, deg C]
# name 11 = tv290C: Temperature [ITS-90, deg C]
# name 12 = sigma-é00: Density [sigma-theta, kg/m^3]
# name 13 = n2satML/L: Nitrogen Saturation [ml/l]
# name 14 = par: PAR/Irradiance, Biospherical/Licor
# name 15 = prdM: Pressure, Strain Gauge [db]
# name 16 = flag:  0.000e+00
# span 0 =          1,        408       
# span 1 = 256.450405, 256.451583       
# span 2 =    0.00000,    0.02826       
# span 3 =     0.0000,     1.6958       
# span 4 =      0.000,    101.750       
# span 5 =  1023.1434,  1023.7091       
# span 6 =  47599.999,  48416.011       
# span 7 =    30.2319,    30.7961       
# span 8 =      0.657,     30.819       
# span 9 =    6.40194,    6.44682       
# span 10 =    10.3020,    10.6433      
# span 11 =    10.3046,    10.6433      
# span 12 =    23.1403,    23.5954      
# span 13 =   11.59327,   11.66720      
# span 14 = 6.2583e-02, 7.8284e+02      
# span 15 =      0.663,     31.112      
# span 16 = 0.0000e+00, 0.0000e+00      
# interval = seconds: 0.25
# start_time = Sep 13 2018 10:48:35 [Instrument's time stamp, header]
# bad_flag = -9.990e-29
*END*
[from data line 171]
        172 256.450900    0.01188     0.7125     42.750  1023.5907  48399.001    30.7818      0.715    6.42547    10.4492    10.4428    23.5874   11.63122 5.5700e+02      0.722 0.0000e+00
        173 256.450903    0.01194     0.7167     43.000  1023.5944  48406.250    30.7872      0.708    6.42489    10.4537    10.4453    23.5912   11.63020 5.2523e+02      0.715 0.0000e+00
        174 256.450906    0.01201     0.7208     43.250  1023.5927  48403.735    30.7859      0.701    6.42439    10.4581    10.4493    23.5895   11.62939 4.8267e+02      0.708 0.0000e+00
        175 256.450909    0.01208     0.7250     43.500  1023.5864  48392.893    30.7788      0.696    6.42405    10.4619    10.4538    23.5832   11.62890 4.6746e+02      0.703 0.0000e+00
        176 256.450911    0.01215     0.7292     43.750  1023.5784  48378.996    30.7695      0.693    6.42382    10.4647    10.4582    23.5752   11.62863 4.6591e+02      0.700 0.0000e+00
        177 256.450914    0.01222     0.7333     44.000  1023.5711  48366.272    30.7610      0.693    6.42364    10.4659    10.4620    23.5680   11.62844 4.6472e+02      0.700 0.0000e+00
        178 256.450917    0.01229     0.7375     44.250  1023.5654  48356.212    30.7542      0.694    6.42353    10.4652    10.4648    23.5622   11.62833 4.7714e+02      0.701 0.0000e+00
        179 256.450920    0.01236     0.7417     44.500  1023.5611  48348.540    30.7489      0.697    6.42357    10.4628    10.4660    23.5579   11.62847 5.0713e+02      0.704 0.0000e+00
        180 256.450923    0.01243     0.7458     44.750  1023.5580  48342.788    30.7448      0.703    6.42383    10.4593    10.4653    23.5548   11.62895 5.6306e+02      0.710 0.0000e+00
        181 256.450926    0.01250     0.7500     45.000  1023.5567  48340.024    30.7425      0.711    6.42426    10.4558    10.4629    23.5535   11.62969 6.2742e+02      0.718 0.0000e+00
        182 256.450929    0.01257     0.7542     45.250  1023.5585  48342.748    30.7440      0.721    6.42469    10.4534    10.4594    23.5552   11.63038 6.5558e+02      0.728 0.0000e+00
        183 256.450932    0.01264     0.7583     45.500  1023.5643  48352.669    30.7506      0.729    6.42491    10.4525    10.4559    23.5609   11.63066 6.4055e+02      0.736 0.0000e+00
        184 256.450935    0.01271     0.7625     45.750  1023.5732  48368.571    30.7616      0.735    6.42480    10.4532    10.4535    23.5699   11.63034 6.0595e+02      0.742 0.0000e+00
        185 256.450938    0.01278     0.7667     46.000  1023.5830  48386.258    30.7739      0.736    6.42441    10.4557    10.4526    23.5796   11.62956 5.6996e+02      0.743 0.0000e+00
        186 256.450940    0.01285     0.7708     46.250  1023.5912  48401.395    30.7847      0.734    6.42388    10.4606    10.4533    23.5879   11.62855 5.3117e+02      0.741 0.0000e+00
        187 256.450943    0.01292     0.7750     46.500  1023.5966  48411.612    30.7922      0.728    6.42322    10.4676    10.4558    23.5933   11.62738 4.9923e+02      0.735 0.0000e+00
        188 256.450946    0.01299     0.7792     46.750  1023.5987  48416.011    30.7959      0.720    6.42238    10.4754    10.4607    23.5954   11.62594 4.7948e+02      0.727 0.0000e+00
        189 256.450949    0.01306     0.7833     47.000  1023.5977  48415.218    30.7961      0.712    6.42139    10.4825    10.4677    23.5944   11.62430 4.6698e+02      0.718 0.0000e+00
        190 256.450952    0.01313     0.7875     47.250  1023.5945  48410.651    30.7938      0.703    6.42041    10.4881    10.4754    23.5913   11.62269 4.6111e+02      0.709 0.0000e+00
        191 256.450955    0.01319     0.7917     47.500  1023.5896  48402.684    30.7891      0.694    6.41961    10.4913    10.4826    23.5864   11.62143 4.5138e+02      0.700 0.0000e+00
        192 256.450958    0.01326     0.7958     47.750  1023.5825  48390.480    30.7811      0.687    6.41916    10.4917    10.4881    23.5793   11.62078 4.3200e+02      0.693 0.0000e+00
        193 256.450961    0.01333     0.8000     48.000  1023.5728  48373.427    30.7695      0.682    6.41919    10.4890    10.4913    23.5697   11.62096 4.0491e+02      0.688 0.0000e+00
        194 256.450964    0.01340     0.8042     48.250  1023.5618  48353.383    30.7554      0.683    6.41971    10.4838    10.4917    23.5587   11.62200 3.8784e+02      0.689 0.0000e+00
        195 256.450966    0.01347     0.8083     48.500  1023.5521  48335.305    30.7423      0.690    6.42062    10.4771    10.4891    23.5489   11.62366 3.8943e+02      0.697 0.0000e+00
        196 256.450969    0.01354     0.8125     48.750  1023.5466  48324.451    30.7340      0.703    6.42169    10.4705    10.4838    23.5433   11.62553 4.1147e+02      0.710 0.0000e+00
        197 256.450972    0.01361     0.8167     49.000  1023.5464  48323.176    30.7323      0.718    6.42268    10.4648    10.4772    23.5431   11.62720 4.7399e+02      0.725 0.0000e+00
        198 256.450975    0.01368     0.8208     49.250  1023.5510  48330.431    30.7367      0.731    6.42343    10.4603    10.4706    23.5476   11.62839 5.5450e+02      0.738 0.0000e+00
        199 256.450978    0.01375     0.8250     49.500  1023.5582  48342.711    30.7446      0.738    6.42390    10.4566    10.4649    23.5548   11.62905 6.1367e+02      0.745 0.0000e+00
        200 256.450981    0.01382     0.8292     49.750  1023.5652  48354.890    30.7527      0.736    6.42419    10.4530    10.4604    23.5619   11.62944 6.6510e+02      0.743 0.0000e+00
        201 256.450984    0.01389     0.8333     50.000  1023.5693  48361.968    30.7573      0.727    6.42453    10.4494    10.4567    23.5660   11.62995 6.8239e+02      0.734 0.0000e+00
        202 256.450987    0.01396     0.8375     50.250  1023.5689  48360.909    30.7561      0.715    6.42507    10.4455    10.4531    23.5657   11.63087 6.4042e+02      0.722 0.0000e+00
        203 256.450990    0.01403     0.8417     50.500  1023.5645  48352.445    30.7497      0.704    6.42584    10.4415    10.4495    23.5613   11.63223 5.8666e+02      0.711 0.0000e+00
        204 256.450992    0.01410     0.8458     50.750  1023.5588  48341.512    30.7416      0.697    6.42672    10.4378    10.4456    23.5556   11.63377 5.4307e+02      0.703 0.0000e+00
        205 256.450995    0.01417     0.8500     51.000  1023.5547  48333.623    30.7355      0.694    6.42752    10.4348    10.4416    23.5516   11.63518 5.3008e+02      0.701 0.0000e+00
        206 256.450998    0.01424     0.8542     51.250  1023.5539  48331.619    30.7337      0.697    6.42812    10.4328    10.4379    23.5508   11.63619 5.6148e+02      0.703 0.0000e+00
        207 256.451001    0.01431     0.8583     51.500  1023.5566  48336.011    30.7364      0.703    6.42842    10.4318    10.4349    23.5534   11.63666 6.1029e+02      0.709 0.0000e+00
        208 256.451004    0.01438     0.8625     51.750  1023.5623  48346.150    30.7433      0.710    6.42842    10.4315    10.4329    23.5591   11.63656 6.6517e+02      0.716 0.0000e+00
        209 256.451007    0.01444     0.8667     52.000  1023.5700  48359.971    30.7529      0.715    6.42816    10.4311    10.4319    23.5667   11.63602 7.2646e+02      0.721 0.0000e+00
        210 256.451010    0.01451     0.8708     52.250  1023.5776  48373.739    30.7626      0.717    6.42781    10.4306    10.4315    23.5743   11.63534 7.4512e+02      0.723 0.0000e+00
        211 256.451013    0.01458     0.8750     52.500  1023.5833  48383.998    30.7698      0.716    6.42757    10.4301    10.4312    23.5800   11.63484 6.8888e+02      0.722 0.0000e+00
        212 256.451016    0.01465     0.8792     52.750  1023.5860  48388.909    30.7732      0.711    6.42750    10.4298    10.4307    23.5828   11.63469 6.3604e+02      0.718 0.0000e+00
        213 256.451019    0.01472     0.8833     53.000  1023.5852  48387.459    30.7721      0.707    6.42762    10.4298    10.4302    23.5820   11.63489 6.1901e+02      0.713 0.0000e+00
        214 256.451021    0.01479     0.8875     53.250  1023.5809  48379.648    30.7666      0.704    6.42788    10.4298    10.4299    23.5777   11.63539 5.9521e+02      0.711 0.0000e+00
        215 256.451024    0.01486     0.8917     53.500  1023.5748  48368.417    30.7587      0.706    6.42821    10.4298    10.4299    23.5716   11.63603 5.7524e+02      0.713 0.0000e+00
        216 256.451027    0.01493     0.8958     53.750  1023.5698  48359.245    30.7522      0.713    6.42848    10.4300    10.4299    23.5665   11.63656 5.6693e+02      0.720 0.0000e+00
        217 256.451030    0.01500     0.9000     54.000  1023.5685  48356.899    30.7505      0.722    6.42855    10.4311    10.4298    23.5652   11.63670 5.5883e+02      0.729 0.0000e+00
        218 256.451033    0.01507     0.9042     54.250  1023.5722  48363.479    30.7552      0.728    6.42832    10.4331    10.4301    23.5688   11.63627 5.5050e+02      0.736 0.0000e+00
        219 256.451036    0.01514     0.9083     54.500  1023.5795  48376.918    30.7648      0.730    6.42779    10.4364    10.4311    23.5761   11.63526 5.2337e+02      0.737 0.0000e+00
        220 256.451039    0.01521     0.9125     54.750  1023.5871  48391.120    30.7751      0.724    6.42708    10.4410    10.4332    23.5838   11.63397 4.8043e+02      0.731 0.0000e+00
        221 256.451042    0.01528     0.9167     55.000  1023.5909  48398.734    30.7808      0.712    6.42639    10.4466    10.4364    23.5877   11.63276 4.5442e+02      0.719 0.0000e+00
        222 256.451045    0.01535     0.9208     55.250  1023.5877  48393.511    30.7777      0.699    6.42587    10.4516    10.4411    23.5845   11.63193 4.4847e+02      0.705 0.0000e+00
        223 256.451047    0.01542     0.9250     55.500  1023.5767  48374.348    30.7649      0.688    6.42562    10.4547    10.4466    23.5736   11.63168 4.5080e+02      0.695 0.0000e+00
        224 256.451050    0.01549     0.9292     55.750  1023.5620  48348.271    30.7471      0.685    6.42564    10.4550    10.4517    23.5589   11.63192 4.4835e+02      0.691 0.0000e+00
        225 256.451053    0.01556     0.9333     56.000  1023.5497  48326.335    30.7319      0.691    6.42584    10.4533    10.4548    23.5466   11.63242 4.2740e+02      0.697 0.0000e+00
        226 256.451056    0.01563     0.9375     56.250  1023.5443  48316.487    30.7250      0.704    6.42608    10.4514    10.4551    23.5412   11.63290 3.9380e+02      0.710 0.0000e+00
        227 256.451059    0.01569     0.9417     56.500  1023.5471  48321.159    30.7281      0.718    6.42618    10.4508    10.4534    23.5438   11.63304 3.7339e+02      0.724 0.0000e+00
        228 256.451062    0.01576     0.9458     56.750  1023.5563  48337.628    30.7395      0.726    6.42598    10.4528    10.4515    23.5530   11.63258 3.7639e+02      0.733 0.0000e+00
        229 256.451065    0.01583     0.9500     57.000  1023.5672  48357.387    30.7534      0.726    6.42549    10.4579    10.4509    23.5639   11.63160 3.8645e+02      0.733 0.0000e+00
        230 256.451068    0.01590     0.9542     57.250  1023.5730  48368.349    30.7613      0.717    6.42489    10.4650    10.4529    23.5698   11.63050 3.9038e+02      0.724 0.0000e+00
        231 256.451071    0.01597     0.9583     57.500  1023.5687  48361.282    30.7570      0.704    6.42435    10.4706    10.4580    23.5655   11.62966 3.8633e+02      0.711 0.0000e+00
        232 256.451073    0.01604     0.9625     57.750  1023.5553  48337.921    30.7413      0.694    6.42401    10.4725    10.4650    23.5522   11.62929 3.8901e+02      0.701 0.0000e+00
        233 256.451076    0.01611     0.9667     58.000  1023.5405  48311.655    30.7235      0.692    6.42395    10.4708    10.4707    23.5373   11.62940 3.9283e+02      0.698 0.0000e+00
        234 256.451079    0.01618     0.9708     58.250  1023.5318  48295.987    30.7126      0.698    6.42414    10.4675    10.4726    23.5286   11.62984 3.8867e+02      0.704 0.0000e+00
        235 256.451082    0.01625     0.9750     58.500  1023.5319  48296.015    30.7124      0.708    6.42439    10.4651    10.4709    23.5287   11.63026 3.9395e+02      0.715 0.0000e+00
        236 256.451085    0.01632     0.9792     58.750  1023.5396  48309.547    30.7216      0.717    6.42446    10.4649    10.4676    23.5364   11.63027 4.0650e+02      0.724 0.0000e+00
        237 256.451088    0.01639     0.9833     59.000  1023.5502  48328.472    30.7346      0.721    6.42428    10.4682    10.4651    23.5470   11.62980 4.2751e+02      0.727 0.0000e+00
        238 256.451091    0.01646     0.9875     59.250  1023.5570  48340.783    30.7433      0.717    6.42394    10.4739    10.4650    23.5537   11.62914 4.6467e+02      0.724 0.0000e+00
        239 256.451094    0.01653     0.9917     59.500  1023.5542  48336.115    30.7404      0.710    6.42361    10.4785    10.4683    23.5509   11.62862 5.0702e+02      0.716 0.0000e+00
        240 256.451097    0.01660     0.9958     59.750  1023.5402  48311.488    30.7237      0.702    6.42349    10.4776    10.4740    23.5370   11.62863 5.4829e+02      0.708 0.0000e+00
        241 256.451100    0.01667     1.0000     60.000  1023.5187  48273.127    30.6972      0.698    6.42393    10.4693    10.4786    23.5156   11.62968 5.6786e+02      0.705 0.0000e+00
        242 256.451102    0.01674     1.0042     60.250  1023.4978  48234.869    30.6701      0.699    6.42517    10.4556    10.4777    23.4946   11.63205 5.5102e+02      0.706 0.0000e+00
        243 256.451105    0.01681     1.0083     60.500  1023.4865  48213.113    30.6538      0.703    6.42700    10.4410    10.4694    23.4833   11.63529 5.2394e+02      0.710 0.0000e+00
        244 256.451108    0.01688     1.0125     60.750  1023.4872  48212.559    30.6518      0.709    6.42900    10.4288    10.4556    23.4840   11.63863 5.0146e+02      0.715 0.0000e+00
        245 256.451111    0.01694     1.0167     61.000  1023.4939  48222.747    30.6572      0.712    6.43081    10.4200    10.4410    23.4907   11.64157 4.6897e+02      0.719 0.0000e+00
        246 256.451114    0.01701     1.0208     61.250  1023.5010  48233.922    30.6637      0.713    6.43225    10.4142    10.4289    23.4978   11.64387 4.3044e+02      0.720 0.0000e+00
        247 256.451117    0.01708     1.0250     61.500  1023.5066  48242.994    30.6691      0.713    6.43326    10.4106    10.4201    23.5034   11.64548 4.1760e+02      0.720 0.0000e+00
        248 256.451120    0.01715     1.0292     61.750  1023.5106  48249.348    30.6729      0.712    6.43392    10.4084    10.4143    23.5073   11.64653 4.2307e+02      0.719 0.0000e+00
        249 256.451123    0.01722     1.0333     62.000  1023.5131  48253.495    30.6754      0.713    6.43432    10.4072    10.4107    23.5099   11.64716 4.0628e+02      0.720 0.0000e+00
        250 256.451126    0.01729     1.0375     62.250  1023.5147  48256.220    30.6770      0.714    6.43455    10.4067    10.4085    23.5115   11.64753 3.6501e+02      0.721 0.0000e+00
        251 256.451128    0.01736     1.0417     62.500  1023.5158  48257.920    30.6781      0.716    6.43468    10.4066    10.4073    23.5125   11.64772 3.2048e+02      0.723 0.0000e+00
        252 256.451131    0.01743     1.0458     62.750  1023.5163  48258.776    30.6786      0.716    6.43473    10.4066    10.4068    23.5130   11.64779 2.8685e+02      0.723 0.0000e+00
        253 256.451134    0.01750     1.0500     63.000  1023.5165  48259.105    30.6788      0.714    6.43474    10.4067    10.4067    23.5132   11.64781 2.6631e+02      0.721 0.0000e+00
        254 256.451137    0.01757     1.0542     63.250  1023.5165  48259.109    30.6789      0.711    6.43473    10.4064    10.4067    23.5132   11.64780 2.5105e+02      0.718 0.0000e+00
        255 256.451140    0.01764     1.0583     63.500  1023.5163  48258.741    30.6786      0.709    6.43474    10.4052    10.4067    23.5130   11.64781 2.3900e+02      0.716 0.0000e+00
