CTD-processing/allCTD/CNV--homogene/2018_01-17_alongbay_skb09_cast137.cnv
* Sea-Bird SBE19plus Data File:
* FileName = C:\Users\Kim.Powell\Desktop\Not Processed\2018\2018_01-XX_TRANSECT_4141\2018_01-18_TRANSECT_STATION_cast137.hex
* Software Version 1.59
* Temperature SN =  4141
* Conductivity SN =  4141
* System UpLoad Time = Feb 16 2018 08:51:19
** 2018_01-17
** Station: KB09
** Start Time: 11:19
** Depth (m): 70.1
** Comment: CTD incorrectly recorded date as May 22
** Comment:
# nquan = 17
# nvalues = 669                         
# units = specified
# name 0 = scan: Scan Count
# name 1 = timeJ: Julian Days
# name 2 = timeH: Time, Elapsed [hours]
# name 3 = timeM: Time, Elapsed [minutes]
# name 4 = timeS: Time, Elapsed [seconds]
# name 5 = density00: Density [density, kg/m^3]
# name 6 = specc: Specific Conductance [uS/cm]
# name 7 = sal00: Salinity, Practical [PSU]
# name 8 = depSM: Depth [salt water, m], lat = 59.00
# name 9 = oxsolML/L: Oxygen Saturation, Garcia & Gordon [ml/l]
# name 10 = potemp090C: Potential Temperature [ITS-90, deg C]
# name 11 = tv290C: Temperature [ITS-90, deg C]
# name 12 = sigma-é00: Density [sigma-theta, kg/m^3]
# name 13 = n2satML/L: Nitrogen Saturation [ml/l]
# name 14 = par: PAR/Irradiance, Biospherical/Licor
# name 15 = prdM: Pressure, Strain Gauge [db]
# name 16 = flag:  0.000e+00
# span 0 =          1,        669       
# span 1 = 142.472118, 142.474051       
# span 2 =    0.00000,    0.04639       
# span 3 =     0.0000,     2.7833       
# span 4 =      0.000,    167.000       
# span 5 =  1001.0734,  1025.1176       
# span 6 =   2617.589,  50513.403       
# span 7 =     1.3810,    31.4740       
# span 8 =     -0.225,     66.119       
# span 9 =    7.13218,    8.94149       
# span 10 =     4.6360,     5.6380      
# span 11 =     4.6297,     5.6431      
# span 12 =     1.0745,    24.8134      
# span 13 =   12.79201,   16.24252      
# span 14 = 3.6382e-02, 1.3207e+02      
# span 15 =     -0.227,     66.753      
# span 16 = 0.0000e+00, 0.0000e+00      
# interval = seconds: 0.25
# start_time = May 22 2017 11:19:51 [Instrument's time stamp, header]
# bad_flag = -9.990e-29
*END*
          1 142.472118    0.00000     0.0000      0.000  1001.0734   2617.589     1.3810     -0.225    8.94149     4.6360     4.6297     1.0745   16.24252 1.2358e+02     -0.227 0.0000e+00
          2 142.472121    0.00007     0.0042      0.250  1001.3406   3170.470     1.7184     -0.222    8.92217     4.6427     4.6320     1.3417   16.20517 1.2106e+02     -0.224 0.0000e+00
          3 142.472124    0.00014     0.0083      0.500  1001.7999   4125.926     2.2983     -0.217    8.88892     4.6540     4.6360     1.8009   16.14088 1.1807e+02     -0.219 0.0000e+00
          4 142.472127    0.00021     0.0125      0.750  1002.5852   5767.170     3.2896     -0.209    8.83200     4.6729     4.6427     2.5863   16.03079 1.1613e+02     -0.211 0.0000e+00
          5 142.472130    0.00028     0.0167      1.000  1003.9152   8554.081     4.9679     -0.195    8.73555     4.7042     4.6540     3.9161   15.84420 1.1682e+02     -0.197 0.0000e+00
          6 142.472133    0.00035     0.0208      1.250  1006.1505  13245.125     7.7887     -0.172    8.57336     4.7503     4.6729     6.1514   15.53043 1.2048e+02     -0.174 0.0000e+00
          7 142.472135    0.00042     0.0250      1.500  1009.2820  19774.583    11.7417     -0.139    8.34634     4.8047     4.7042     9.2827   15.09171 1.2555e+02     -0.141 0.0000e+00
          8 142.472138    0.00049     0.0292      1.750  1012.6866  26750.930    16.0431     -0.102    8.10059     4.8571     4.7503    12.6871   14.61802 1.2983e+02     -0.103 0.0000e+00
          9 142.472141    0.00056     0.0333      2.000  1015.6046  32631.366    19.7332     -0.064    7.88995     4.9014     4.8047    15.6049   14.21331 1.3207e+02     -0.065 0.0000e+00
         10 142.472144    0.00063     0.0375      2.250  1017.7738  36955.488    22.4783     -0.021    7.73278     4.9371     4.8571    17.7739   13.91218 1.3096e+02     -0.021 0.0000e+00
         11 142.472147    0.00069     0.0417      2.500  1019.6826  40691.065    24.8943      0.045    7.59760     4.9659     4.9014    19.6824   13.65351 1.2508e+02      0.046 0.0000e+00
         12 142.472150    0.00076     0.0458      2.750  1021.4493  44097.777    27.1301      0.143    7.47556     4.9890     4.9371    21.4487   13.42005 1.1382e+02      0.145 0.0000e+00
         13 142.472153    0.00083     0.0500      3.000  1022.7064  46508.318    28.7213      0.269    7.38867     5.0065     4.9659    22.7052   13.25407 9.6892e+01      0.271 0.0000e+00
         14 142.472156    0.00090     0.0542      3.250  1023.4627  47957.153    29.6789      0.407    7.33537     5.0179     4.9890    23.4608   13.15251 7.8083e+01      0.411 0.0000e+00
         15 142.472159    0.00097     0.0583      3.500  1023.9106  48814.757    30.2462      0.541    7.30313     5.0235     5.0065    23.9080   13.09123 6.4308e+01      0.545 0.0000e+00
         16 142.472161    0.00104     0.0625      3.750  1024.1743  49319.755    30.5802      0.649    7.28392     5.0242     5.0179    24.1712   13.05479 5.6981e+01      0.654 0.0000e+00
         17 142.472164    0.00111     0.0667      4.000  1024.3300  49618.184    30.7772      0.721    7.27279     5.0224     5.0235    24.3266   13.03361 5.3420e+01      0.727 0.0000e+00
         18 142.472167    0.00118     0.0708      4.250  1024.4227  49796.246    30.8941      0.759    7.26662     5.0201     5.0243    24.4191   13.02175 5.1994e+01      0.766 0.0000e+00
         19 142.472170    0.00125     0.0750      4.500  1024.4781  49903.023    30.9638      0.776    7.26334     5.0191     5.0224    24.4744   13.01536 5.1994e+01      0.783 0.0000e+00
         20 142.472173    0.00132     0.0792      4.750  1024.5112  49966.973    31.0053      0.783    7.26159     5.0201     5.0201    24.5075   13.01188 5.2475e+01      0.790 0.0000e+00
         21 142.472176    0.00139     0.0833      5.000  1024.5294  50002.247    31.0281      0.788    7.26058     5.0230     5.0191    24.5257   13.00988 5.2357e+01      0.795 0.0000e+00
         22 142.472179    0.00146     0.0875      5.250  1024.5401  50022.820    31.0417      0.793    7.25969     5.0267     5.0202    24.5364   13.00821 5.1715e+01      0.801 0.0000e+00
         23 142.472182    0.00153     0.0917      5.500  1024.5501  50041.429    31.0547      0.793    7.25853     5.0304     5.0231    24.5463   13.00611 5.1390e+01      0.801 0.0000e+00
         24 142.472185    0.00160     0.0958      5.750  1024.5585  50057.013    31.0659      0.780    7.25732     5.0337     5.0268    24.5548   13.00396 5.1832e+01      0.787 0.0000e+00
         25 142.472187    0.00167     0.1000      6.000  1024.5664  50071.613    31.0766      0.753    7.25616     5.0369     5.0305    24.5629   13.00190 5.2990e+01      0.760 0.0000e+00
         26 142.472190    0.00174     0.1042      6.250  1024.5756  50088.574    31.0889      0.723    7.25498     5.0402     5.0338    24.5722   12.99979 5.4774e+01      0.730 0.0000e+00
         27 142.472193    0.00181     0.1083      6.500  1024.5831  50102.172    31.0988      0.701    7.25393     5.0434     5.0370    24.5797   12.99793 5.6675e+01      0.707 0.0000e+00
         28 142.472196    0.00187     0.1125      6.750  1024.5873  50109.676    31.1046      0.692    7.25307     5.0461     5.0403    24.5840   12.99644 5.7760e+01      0.698 0.0000e+00
         29 142.472199    0.00194     0.1167      7.000  1024.5886  50111.803    31.1067      0.699    7.25242     5.0482     5.0434    24.5853   12.99534 5.7866e+01      0.706 0.0000e+00
         30 142.472202    0.00201     0.1208      7.250  1024.5874  50109.109    31.1054      0.715    7.25201     5.0497     5.0462    24.5840   12.99468 5.7532e+01      0.722 0.0000e+00
         31 142.472205    0.00208     0.1250      7.500  1024.5844  50103.186    31.1018      0.730    7.25182     5.0507     5.0483    24.5809   12.99441 5.7206e+01      0.737 0.0000e+00
         32 142.472208    0.00215     0.1292      7.750  1024.5816  50097.816    31.0984      0.734    7.25173     5.0515     5.0498    24.5781   12.99429 5.7183e+01      0.741 0.0000e+00
         33 142.472211    0.00222     0.1333      8.000  1024.5813  50097.267    31.0983      0.725    7.25156     5.0520     5.0508    24.5779   12.99402 5.7861e+01      0.732 0.0000e+00
         34 142.472214    0.00229     0.1375      8.250  1024.5834  50101.144    31.1011      0.709    7.25129     5.0524     5.0515    24.5800   12.99355 5.9135e+01      0.715 0.0000e+00
         35 142.472216    0.00236     0.1417      8.500  1024.5858  50105.780    31.1044      0.693    7.25104     5.0527     5.0520    24.5826   12.99309 6.0312e+01      0.699 0.0000e+00
         36 142.472219    0.00243     0.1458      8.750  1024.5876  50109.038    31.1067      0.685    7.25086     5.0530     5.0524    24.5844   12.99276 6.1012e+01      0.692 0.0000e+00
         37 142.472222    0.00250     0.1500      9.000  1024.5885  50110.635    31.1079      0.688    7.25075     5.0533     5.0527    24.5852   12.99255 6.0898e+01      0.695 0.0000e+00
         38 142.472225    0.00257     0.1542      9.250  1024.5887  50111.004    31.1082      0.699    7.25068     5.0535     5.0530    24.5855   12.99243 5.9947e+01      0.706 0.0000e+00
         39 142.472228    0.00264     0.1583      9.500  1024.5887  50110.801    31.1081      0.713    7.25063     5.0537     5.0533    24.5854   12.99236 5.8782e+01      0.720 0.0000e+00
         40 142.472231    0.00271     0.1625      9.750  1024.5887  50110.610    31.1080      0.723    7.25059     5.0539     5.0536    24.5853   12.99230 5.8049e+01      0.730 0.0000e+00
         41 142.472234    0.00278     0.1667     10.000  1024.5887  50110.639    31.1081      0.724    7.25056     5.0540     5.0538    24.5853   12.99223 5.7937e+01      0.731 0.0000e+00
         42 142.472237    0.00285     0.1708     10.250  1024.5888  50110.832    31.1083      0.716    7.25052     5.0541     5.0539    24.5854   12.99217 5.8148e+01      0.723 0.0000e+00
         43 142.472240    0.00292     0.1750     10.500  1024.5890  50111.368    31.1087      0.700    7.25048     5.0542     5.0541    24.5857   12.99209 5.8504e+01      0.706 0.0000e+00
         44 142.472242    0.00299     0.1792     10.750  1024.5895  50112.408    31.1094      0.682    7.25042     5.0542     5.0542    24.5863   12.99199 5.8897e+01      0.688 0.0000e+00
         45 142.472245    0.00306     0.1833     11.000  1024.5901  50113.490    31.1102      0.672    7.25037     5.0543     5.0543    24.5869   12.99190 5.8959e+01      0.678 0.0000e+00
         46 142.472248    0.00313     0.1875     11.250  1024.5903  50113.854    31.1104      0.674    7.25035     5.0543     5.0543    24.5871   12.99187 5.8432e+01      0.681 0.0000e+00
         47 142.472251    0.00319     0.1917     11.500  1024.5899  50113.039    31.1099      0.688    7.25038     5.0542     5.0544    24.5867   12.99192 5.7313e+01      0.695 0.0000e+00
         48 142.472254    0.00326     0.1958     11.750  1024.5889  50111.000    31.1084      0.706    7.25045     5.0541     5.0544    24.5856   12.99205 5.5984e+01      0.713 0.0000e+00
         49 142.472257    0.00333     0.2000     12.000  1024.5874  50108.207    31.1065      0.718    7.25055     5.0540     5.0543    24.5840   12.99224 5.4983e+01      0.725 0.0000e+00
         50 142.472260    0.00340     0.2042     12.250  1024.5861  50105.886    31.1049      0.718    7.25065     5.0539     5.0542    24.5828   12.99242 5.4655e+01      0.724 0.0000e+00
         51 142.472263    0.00347     0.2083     12.500  1024.5861  50105.991    31.1049      0.705    7.25067     5.0538     5.0540    24.5828   12.99246 5.5223e+01      0.712 0.0000e+00
         52 142.472266    0.00354     0.2125     12.750  1024.5877  50109.004    31.1070      0.687    7.25059     5.0539     5.0539    24.5844   12.99230 5.5998e+01      0.694 0.0000e+00
         53 142.472269    0.00361     0.2167     13.000  1024.5896  50112.670    31.1095      0.674    7.25047     5.0539     5.0539    24.5864   12.99208 5.6093e+01      0.680 0.0000e+00
         54 142.472271    0.00368     0.2208     13.250  1024.5908  50114.843    31.1110      0.670    7.25040     5.0540     5.0539    24.5876   12.99193 5.5807e+01      0.677 0.0000e+00
         55 142.472274    0.00375     0.2250     13.500  1024.5909  50115.010    31.1111      0.677    7.25038     5.0540     5.0539    24.5877   12.99191 5.5415e+01      0.684 0.0000e+00
         56 142.472277    0.00382     0.2292     13.750  1024.5902  50113.526    31.1101      0.690    7.25042     5.0540     5.0540    24.5869   12.99198 5.4929e+01      0.697 0.0000e+00
         57 142.472280    0.00389     0.2333     14.000  1024.5890  50111.335    31.1086      0.701    7.25048     5.0540     5.0541    24.5857   12.99211 5.4656e+01      0.708 0.0000e+00
         58 142.472283    0.00396     0.2375     14.250  1024.5881  50109.686    31.1075      0.707    7.25054     5.0541     5.0541    24.5848   12.99221 5.4709e+01      0.714 0.0000e+00
         59 142.472286    0.00403     0.2417     14.500  1024.5882  50109.795    31.1076      0.706    7.25053     5.0542     5.0541    24.5849   12.99220 5.4915e+01      0.713 0.0000e+00
         60 142.472289    0.00410     0.2458     14.750  1024.5892  50111.612    31.1088      0.700    7.25046     5.0543     5.0541    24.5859   12.99207 5.5099e+01      0.707 0.0000e+00
         61 142.472292    0.00417     0.2500     15.000  1024.5902  50113.539    31.1102      0.694    7.25037     5.0544     5.0543    24.5869   12.99191 5.5207e+01      0.700 0.0000e+00
         62 142.472295    0.00424     0.2542     15.250  1024.5907  50114.548    31.1109      0.688    7.25032     5.0545     5.0544    24.5875   12.99181 5.5082e+01      0.694 0.0000e+00
         63 142.472297    0.00431     0.2583     15.500  1024.5908  50114.774    31.1111      0.684    7.25030     5.0545     5.0545    24.5876   12.99177 5.4664e+01      0.691 0.0000e+00
         64 142.472300    0.00438     0.2625     15.750  1024.5907  50114.518    31.1109      0.684    7.25029     5.0545     5.0545    24.5875   12.99176 5.4180e+01      0.691 0.0000e+00
         65 142.472303    0.00444     0.2667     16.000  1024.5904  50113.863    31.1105      0.688    7.25030     5.0545     5.0546    24.5871   12.99179 5.3973e+01      0.695 0.0000e+00
         66 142.472306    0.00451     0.2708     16.250  1024.5898  50112.697    31.1097      0.694    7.25034     5.0544     5.0546    24.5865   12.99186 5.4042e+01      0.700 0.0000e+00
         67 142.472309    0.00458     0.2750     16.500  1024.5889  50111.071    31.1086      0.698    7.25040     5.0544     5.0545    24.5856   12.99198 5.4055e+01      0.704 0.0000e+00
         68 142.472312    0.00465     0.2792     16.750  1024.5881  50109.530    31.1075      0.697    7.25047     5.0544     5.0545    24.5847   12.99210 5.4060e+01      0.704 0.0000e+00
         69 142.472315    0.00472     0.2833     17.000  1024.5878  50109.046    31.1072      0.693    7.25049     5.0544     5.0544    24.5845   12.99214 5.4227e+01      0.700 0.0000e+00
         70 142.472318    0.00479     0.2875     17.250  1024.5882  50109.786    31.1077      0.689    7.25047     5.0543     5.0544    24.5849   12.99210 5.4367e+01      0.696 0.0000e+00
         71 142.472321    0.00486     0.2917     17.500  1024.5885  50110.358    31.1081      0.688    7.25045     5.0541     5.0544    24.5852   12.99207 5.4038e+01      0.694 0.0000e+00
         72 142.472323    0.00493     0.2958     17.750  1024.5879  50109.270    31.1073      0.691    7.25050     5.0539     5.0543    24.5846   12.99215 5.3326e+01      0.697 0.0000e+00
         73 142.472326    0.00500     0.3000     18.000  1024.5861  50105.958    31.1050      0.696    7.25064     5.0536     5.0542    24.5828   12.99241 5.3071e+01      0.702 0.0000e+00
         74 142.472329    0.00507     0.3042     18.250  1024.5831  50100.485    31.1012      0.699    7.25087     5.0533     5.0539    24.5798   12.99284 5.3404e+01      0.705 0.0000e+00
         75 142.472332    0.00514     0.3083     18.500  1024.5798  50094.437    31.0969      0.699    7.25113     5.0531     5.0536    24.5765   12.99332 5.3623e+01      0.705 0.0000e+00
         76 142.472335    0.00521     0.3125     18.750  1024.5781  50091.447    31.0948      0.694    7.25128     5.0530     5.0533    24.5749   12.99360 5.3478e+01      0.700 0.0000e+00
         77 142.472338    0.00528     0.3167     19.000  1024.5791  50093.301    31.0961      0.687    7.25125     5.0531     5.0532    24.5759   12.99354 5.3256e+01      0.693 0.0000e+00
         78 142.472341    0.00535     0.3208     19.250  1024.5813  50097.421    31.0989      0.683    7.25112     5.0531     5.0531    24.5781   12.99329 5.3227e+01      0.689 0.0000e+00
         79 142.472344    0.00542     0.3250     19.500  1024.5828  50100.162    31.1008      0.686    7.25103     5.0529     5.0531    24.5796   12.99311 5.3339e+01      0.692 0.0000e+00
         80 142.472347    0.00549     0.3292     19.750  1024.5824  50099.312    31.1002      0.693    7.25106     5.0527     5.0531    24.5792   12.99317 5.3334e+01      0.699 0.0000e+00
         81 142.472350    0.00556     0.3333     20.000  1024.5795  50094.051    31.0966      0.700    7.25125     5.0525     5.0530    24.5763   12.99354 5.3059e+01      0.706 0.0000e+00
         82 142.472352    0.00562     0.3375     20.250  1024.5750  50085.757    31.0908      0.702    7.25156     5.0524     5.0528    24.5718   12.99413 5.2880e+01      0.709 0.0000e+00
         83 142.472355    0.00569     0.3417     20.500  1024.5710  50078.363    31.0857      0.699    7.25185     5.0523     5.0526    24.5678   12.99466 5.3445e+01      0.706 0.0000e+00
         84 142.472358    0.00576     0.3458     20.750  1024.5694  50075.458    31.0837      0.692    7.25197     5.0522     5.0525    24.5662   12.99489 5.4334e+01      0.699 0.0000e+00
         85 142.472361    0.00583     0.3500     21.000  1024.5707  50078.021    31.0854      0.685    7.25191     5.0519     5.0523    24.5675   12.99477 5.4642e+01      0.692 0.0000e+00
