CTD-processing/allCTD/CNV--homogene/2018_05-24_alongbay_skb02_cast093.cnv
* Sea-Bird SBE19plus Data File:
* FileName = C:\Users\Kim.Powell\Desktop\Not Processed\2018\2018_05-24_AlongBay, T9_5028\2018_05-24_TRANSECT_STATION_cast093.hex
* Software Version 1.59
* Temperature SN =  5028
* Conductivity SN =  5028
* System UpLoad Time = May 25 2018 13:30:18
** 2018_05-24
** Station: KB02
** Start Time: 13:06
** Depth (m): 125
** Comment:
** Comment:
# nquan = 17
# nvalues = 903                         
# units = specified
# name 0 = scan: Scan Count
# name 1 = timeJ: Julian Days
# name 2 = timeH: Time, Elapsed [hours]
# name 3 = timeM: Time, Elapsed [minutes]
# name 4 = timeS: Time, Elapsed [seconds]
# name 5 = density00: Density [density, kg/m^3]
# name 6 = specc: Specific Conductance [uS/cm]
# name 7 = sal00: Salinity, Practical [PSU]
# name 8 = depSM: Depth [salt water, m], lat = 59.00
# name 9 = oxsolML/L: Oxygen Saturation, Garcia & Gordon [ml/l]
# name 10 = potemp090C: Potential Temperature [ITS-90, deg C]
# name 11 = tv290C: Temperature [ITS-90, deg C]
# name 12 = sigma-é00: Density [sigma-theta, kg/m^3]
# name 13 = n2satML/L: Nitrogen Saturation [ml/l]
# name 14 = par: PAR/Irradiance, Biospherical/Licor
# name 15 = prdM: Pressure, Strain Gauge [db]
# name 16 = flag:  0.000e+00
# span 0 =          1,        903       
# span 1 = 144.545370, 144.547980       
# span 2 =    0.00000,    0.06264       
# span 3 =     0.0000,     3.7583       
# span 4 =      0.000,    225.500       
# span 5 =  1024.4254,  1025.7025       
# span 6 =  49708.785,  51136.603       
# span 7 =    31.3313,    32.1570       
# span 8 =      0.216,    121.596       
# span 9 =    6.79403,    7.09134       
# span 10 =     5.7555,     7.4436      
# span 11 =     5.7651,     7.7782      
# span 12 =    24.4245,    25.1888      
# span 13 =   12.23477,   12.71906      
# span 14 = 4.3795e-02, 5.6227e+02      
# span 15 =      0.218,    122.780      
# span 16 = 0.0000e+00, 0.0000e+00      
# interval = seconds: 0.25
# start_time = May 24 2018 13:05:20 [Instrument's time stamp, header]
# bad_flag = -9.990e-29
*END*
[from data line 256]
        257 144.546111    0.01778     1.0667     64.000  1024.9496  50660.070    31.8147      0.603    6.93862     6.7186     6.7210    24.9468   12.46785 2.0495e+02      0.608 0.0000e+00
        258 144.546114    0.01785     1.0708     64.250  1024.9497  50660.270    31.8146      0.607    6.93884     6.7177     6.7197    24.9469   12.46821 2.0406e+02      0.613 0.0000e+00
        259 144.546117    0.01792     1.0750     64.500  1024.9499  50660.744    31.8147      0.611    6.93901     6.7176     6.7186    24.9471   12.46848 2.0313e+02      0.617 0.0000e+00
        260 144.546120    0.01799     1.0792     64.750  1024.9513  50663.209    31.8163      0.614    6.93908     6.7189     6.7177    24.9484   12.46858 2.0159e+02      0.620 0.0000e+00
        261 144.546123    0.01806     1.0833     65.000  1024.9535  50667.268    31.8191      0.613    6.93896     6.7215     6.7176    24.9506   12.46836 2.0000e+02      0.619 0.0000e+00
        262 144.546126    0.01812     1.0875     65.250  1024.9552  50670.249    31.8214      0.608    6.93864     6.7242     6.7190    24.9523   12.46781 1.9885e+02      0.614 0.0000e+00
        263 144.546128    0.01819     1.0917     65.500  1024.9547  50669.298    31.8212      0.603    6.93823     6.7256     6.7216    24.9518   12.46713 1.9831e+02      0.608 0.0000e+00
        264 144.546131    0.01826     1.0958     65.750  1024.9519  50664.159    31.8182      0.599    6.93794     6.7246     6.7243    24.9491   12.46668 1.9884e+02      0.604 0.0000e+00
        265 144.546134    0.01833     1.1000     66.000  1024.9480  50657.097    31.8135      0.598    6.93793     6.7217     6.7256    24.9452   12.46673 2.0036e+02      0.603 0.0000e+00
        266 144.546137    0.01840     1.1042     66.250  1024.9451  50651.881    31.8097      0.600    6.93826     6.7180     6.7247    24.9424   12.46731 2.0287e+02      0.605 0.0000e+00
        267 144.546140    0.01847     1.1083     66.500  1024.9448  50651.272    31.8087      0.602    6.93878     6.7151     6.7217    24.9420   12.46819 2.0606e+02      0.607 0.0000e+00
        268 144.546143    0.01854     1.1125     66.750  1024.9469  50655.190    31.8108      0.603    6.93928     6.7140     6.7180    24.9441   12.46899 2.0853e+02      0.608 0.0000e+00
        269 144.546146    0.01861     1.1167     67.000  1024.9502  50661.328    31.8146      0.602    6.93958     6.7148     6.7151    24.9474   12.46943 2.0969e+02      0.607 0.0000e+00
        270 144.546149    0.01868     1.1208     67.250  1024.9528  50666.269    31.8178      0.599    6.93960     6.7163     6.7141    24.9501   12.46943 2.0950e+02      0.604 0.0000e+00
        271 144.546152    0.01875     1.1250     67.500  1024.9536  50667.695    31.8189      0.597    6.93944     6.7177     6.7148    24.9509   12.46914 2.0722e+02      0.602 0.0000e+00
        272 144.546155    0.01882     1.1292     67.750  1024.9528  50666.057    31.8181      0.597    6.93922     6.7181     6.7163    24.9500   12.46880 2.0354e+02      0.602 0.0000e+00
        273 144.546157    0.01889     1.1333     68.000  1024.9511  50662.974    31.8162      0.599    6.93909     6.7175     6.7177    24.9483   12.46860 2.0155e+02      0.605 0.0000e+00
        274 144.546160    0.01896     1.1375     68.250  1024.9494  50659.737    31.8140      0.604    6.93911     6.7161     6.7182    24.9465   12.46867 2.0209e+02      0.610 0.0000e+00
        275 144.546163    0.01903     1.1417     68.500  1024.9483  50657.828    31.8126      0.610    6.93927     6.7144     6.7176    24.9455   12.46896 2.0406e+02      0.616 0.0000e+00
        276 144.546166    0.01910     1.1458     68.750  1024.9484  50657.918    31.8124      0.614    6.93951     6.7131     6.7162    24.9455   12.46935 2.0642e+02      0.620 0.0000e+00
        277 144.546169    0.01917     1.1500     69.000  1024.9493  50659.649    31.8133      0.615    6.93974     6.7127     6.7145    24.9465   12.46971 2.0820e+02      0.621 0.0000e+00
        278 144.546172    0.01924     1.1542     69.250  1024.9509  50662.566    31.8151      0.613    6.93987     6.7133     6.7132    24.9480   12.46990 2.0946e+02      0.619 0.0000e+00
        279 144.546175    0.01931     1.1583     69.500  1024.9524  50665.473    31.8170      0.608    6.93985     6.7146     6.7128    24.9496   12.46985 2.0943e+02      0.614 0.0000e+00
        280 144.546178    0.01938     1.1625     69.750  1024.9532  50666.943    31.8181      0.601    6.93970     6.7161     6.7134    24.9504   12.46960 2.0756e+02      0.607 0.0000e+00
        281 144.546181    0.01944     1.1667     70.000  1024.9529  50666.427    31.8180      0.595    6.93949     6.7168     6.7147    24.9502   12.46925 2.0597e+02      0.600 0.0000e+00
        282 144.546183    0.01951     1.1708     70.250  1024.9516  50663.967    31.8166      0.592    6.93933     6.7163     6.7161    24.9488   12.46899 2.0650e+02      0.597 0.0000e+00
        283 144.546186    0.01958     1.1750     70.500  1024.9495  50660.047    31.8140      0.593    6.93932     6.7142     6.7169    24.9467   12.46902 2.0824e+02      0.598 0.0000e+00
        284 144.546189    0.01965     1.1792     70.750  1024.9471  50655.663    31.8108      0.598    6.93955     6.7108     6.7164    24.9443   12.46944 2.1046e+02      0.603 0.0000e+00
        285 144.546192    0.01972     1.1833     71.000  1024.9454  50652.624    31.8083      0.604    6.94001     6.7070     6.7143    24.9426   12.47021 2.1233e+02      0.610 0.0000e+00
        286 144.546195    0.01979     1.1875     71.250  1024.9455  50652.814    31.8078      0.610    6.94058     6.7038     6.7109    24.9426   12.47116 2.1336e+02      0.616 0.0000e+00
        287 144.546198    0.01986     1.1917     71.500  1024.9472  50656.146    31.8095      0.612    6.94112     6.7019     6.7071    24.9444   12.47204 2.1452e+02      0.618 0.0000e+00
        288 144.546201    0.01993     1.1958     71.750  1024.9496  50660.618    31.8120      0.610    6.94151     6.7011     6.7039    24.9468   12.47266 2.1568e+02      0.616 0.0000e+00
        289 144.546204    0.02000     1.2000     72.000  1024.9514  50663.897    31.8139      0.606    6.94173     6.7006     6.7020    24.9486   12.47300 2.1645e+02      0.612 0.0000e+00
        290 144.546207    0.02007     1.2042     72.250  1024.9517  50664.531    31.8142      0.602    6.94185     6.6997     6.7012    24.9489   12.47318 2.1666e+02      0.608 0.0000e+00
        291 144.546209    0.02014     1.2083     72.500  1024.9508  50662.941    31.8130      0.601    6.94198     6.6979     6.7007    24.9480   12.47342 2.1654e+02      0.607 0.0000e+00
        292 144.546212    0.02021     1.2125     72.750  1024.9497  50660.870    31.8114      0.604    6.94221     6.6957     6.6997    24.9469   12.47381 2.1625e+02      0.609 0.0000e+00
        293 144.546215    0.02028     1.2167     73.000  1024.9492  50659.952    31.8104      0.609    6.94253     6.6934     6.6980    24.9464   12.47435 2.1615e+02      0.615 0.0000e+00
        294 144.546218    0.02035     1.2208     73.250  1024.9497  50660.867    31.8107      0.615    6.94288     6.6917     6.6957    24.9468   12.47494 2.1712e+02      0.621 0.0000e+00
        295 144.546221    0.02042     1.2250     73.500  1024.9510  50663.400    31.8120      0.618    6.94319     6.6912     6.6934    24.9482   12.47543 2.1904e+02      0.624 0.0000e+00
        296 144.546224    0.02049     1.2292     73.750  1024.9531  50667.302    31.8144      0.615    6.94335     6.6924     6.6918    24.9503   12.47566 2.2125e+02      0.621 0.0000e+00
        297 144.546227    0.02056     1.2333     74.000  1024.9557  50672.046    31.8176      0.608    6.94328     6.6949     6.6913    24.9529   12.47551 2.2277e+02      0.613 0.0000e+00
        298 144.546230    0.02063     1.2375     74.250  1024.9575  50675.415    31.8202      0.599    6.94298     6.6972     6.6924    24.9547   12.47498 2.2264e+02      0.604 0.0000e+00
        299 144.546233    0.02069     1.2417     74.500  1024.9564  50673.291    31.8192      0.593    6.94262     6.6971     6.6949    24.9536   12.47440 2.2159e+02      0.598 0.0000e+00
        300 144.546236    0.02076     1.2458     74.750  1024.9519  50665.058    31.8139      0.592    6.94250     6.6943     6.6972    24.9492   12.47426 2.2075e+02      0.597 0.0000e+00
        301 144.546238    0.02083     1.2500     75.000  1024.9477  50657.308    31.8085      0.596    6.94275     6.6903     6.6972    24.9449   12.47475 2.1977e+02      0.602 0.0000e+00
        302 144.546241    0.02090     1.2542     75.250  1024.9467  50655.652    31.8068      0.604    6.94328     6.6867     6.6943    24.9439   12.47565 2.1805e+02      0.610 0.0000e+00
        303 144.546244    0.02097     1.2583     75.500  1024.9485  50658.957    31.8084      0.612    6.94386     6.6844     6.6903    24.9457   12.47659 2.1631e+02      0.618 0.0000e+00
        304 144.546247    0.02104     1.2625     75.750  1024.9512  50663.855    31.8111      0.618    6.94431     6.6836     6.6867    24.9483   12.47729 2.1578e+02      0.623 0.0000e+00
        305 144.546250    0.02111     1.2667     76.000  1024.9537  50668.491    31.8139      0.620    6.94454     6.6840     6.6845    24.9508   12.47764 2.1647e+02      0.625 0.0000e+00
        306 144.546253    0.02118     1.2708     76.250  1024.9557  50672.187    31.8163      0.619    6.94457     6.6854     6.6836    24.9528   12.47766 2.1792e+02      0.625 0.0000e+00
        307 144.546256    0.02125     1.2750     76.500  1024.9571  50674.762    31.8182      0.616    6.94442     6.6876     6.6840    24.9542   12.47738 2.1895e+02      0.622 0.0000e+00
        308 144.546259    0.02132     1.2792     76.750  1024.9580  50676.324    31.8195      0.612    6.94413     6.6903     6.6854    24.9551   12.47688 2.1860e+02      0.618 0.0000e+00
        309 144.546262    0.02139     1.2833     77.000  1024.9582  50676.771    31.8203      0.608    6.94374     6.6931     6.6876    24.9554   12.47623 2.1767e+02      0.614 0.0000e+00
        310 144.546264    0.02146     1.2875     77.250  1024.9578  50675.932    31.8202      0.606    6.94331     6.6956     6.6903    24.9550   12.47553 2.1647e+02      0.611 0.0000e+00
        311 144.546267    0.02153     1.2917     77.500  1024.9567  50673.939    31.8193      0.605    6.94291     6.6976     6.6931    24.9539   12.47487 2.1514e+02      0.610 0.0000e+00
        312 144.546270    0.02160     1.2958     77.750  1024.9553  50671.220    31.8178      0.606    6.94257     6.6987     6.6956    24.9525   12.47433 2.1370e+02      0.611 0.0000e+00
        313 144.546273    0.02167     1.3000     78.000  1024.9537  50668.250    31.8161      0.607    6.94233     6.6990     6.6976    24.9509   12.47396 2.1149e+02      0.612 0.0000e+00
        314 144.546276    0.02174     1.3042     78.250  1024.9522  50665.431    31.8144      0.607    6.94222     6.6984     6.6988    24.9494   12.47380 2.1015e+02      0.613 0.0000e+00
        315 144.546279    0.02181     1.3083     78.500  1024.9510  50663.303    31.8129      0.608    6.94224     6.6972     6.6990    24.9482   12.47385 2.1029e+02      0.613 0.0000e+00
        316 144.546282    0.02187     1.3125     78.750  1024.9504  50662.120    31.8120      0.609    6.94238     6.6957     6.6984    24.9475   12.47409 2.1093e+02      0.614 0.0000e+00
        317 144.546285    0.02194     1.3167     79.000  1024.9503  50661.908    31.8117      0.611    6.94259     6.6942     6.6972    24.9474   12.47445 2.1197e+02      0.616 0.0000e+00
        318 144.546288    0.02201     1.3208     79.250  1024.9508  50662.968    31.8121      0.613    6.94281     6.6933     6.6957    24.9480   12.47481 2.1338e+02      0.619 0.0000e+00
        319 144.546291    0.02208     1.3250     79.500  1024.9520  50665.116    31.8134      0.615    6.94299     6.6932     6.6943    24.9491   12.47508 2.1535e+02      0.621 0.0000e+00
        320 144.546293    0.02215     1.3292     79.750  1024.9533  50667.515    31.8149      0.616    6.94306     6.6939     6.6934    24.9504   12.47519 2.1670e+02      0.622 0.0000e+00
        321 144.546296    0.02222     1.3333     80.000  1024.9544  50669.623    31.8163      0.614    6.94301     6.6951     6.6933    24.9516   12.47509 2.1664e+02      0.620 0.0000e+00
        322 144.546299    0.02229     1.3375     80.250  1024.9549  50670.501    31.8171      0.609    6.94287     6.6959     6.6940    24.9521   12.47485 2.1527e+02      0.615 0.0000e+00
        323 144.546302    0.02236     1.3417     80.500  1024.9539  50668.735    31.8160      0.605    6.94274     6.6955     6.6951    24.9511   12.47463 2.1391e+02      0.611 0.0000e+00
        324 144.546305    0.02243     1.3458     80.750  1024.9517  50664.626    31.8133      0.604    6.94273     6.6935     6.6959    24.9489   12.47465 2.1472e+02      0.609 0.0000e+00
        325 144.546308    0.02250     1.3500     81.000  1024.9491  50659.957    31.8100      0.605    6.94294     6.6901     6.6955    24.9463   12.47505 2.1705e+02      0.611 0.0000e+00
        326 144.546311    0.02257     1.3542     81.250  1024.9473  50656.629    31.8073      0.609    6.94339     6.6860     6.6935    24.9445   12.47582 2.1937e+02      0.615 0.0000e+00
        327 144.546314    0.02264     1.3583     81.500  1024.9470  50656.251    31.8064      0.614    6.94398     6.6822     6.6901    24.9442   12.47681 2.2090e+02      0.620 0.0000e+00
        328 144.546317    0.02271     1.3625     81.750  1024.9485  50658.996    31.8076      0.617    6.94459     6.6796     6.6860    24.9456   12.47780 2.2116e+02      0.623 0.0000e+00
        329 144.546319    0.02278     1.3667     82.000  1024.9510  50663.654    31.8101      0.617    6.94508     6.6785     6.6822    24.9481   12.47858 2.2056e+02      0.623 0.0000e+00
        330 144.546322    0.02285     1.3708     82.250  1024.9539  50668.992    31.8134      0.614    6.94535     6.6790     6.6796    24.9510   12.47899 2.1921e+02      0.620 0.0000e+00
        331 144.546325    0.02292     1.3750     82.500  1024.9563  50673.452    31.8163      0.607    6.94539     6.6803     6.6786    24.9534   12.47901 2.1661e+02      0.613 0.0000e+00
        332 144.546328    0.02299     1.3792     82.750  1024.9573  50675.445    31.8178      0.600    6.94524     6.6819     6.6791    24.9545   12.47876 2.1429e+02      0.606 0.0000e+00
        333 144.546331    0.02306     1.3833     83.000  1024.9574  50675.469    31.8180      0.596    6.94502     6.6833     6.6804    24.9546   12.47837 2.1389e+02      0.602 0.0000e+00
        334 144.546334    0.02313     1.3875     83.250  1024.9570  50674.752    31.8178      0.595    6.94478     6.6844     6.6819    24.9542   12.47798 2.1464e+02      0.601 0.0000e+00
        335 144.546337    0.02319     1.3917     83.500  1024.9561  50672.979    31.8168      0.599    6.94458     6.6849     6.6834    24.9533   12.47768 2.1548e+02      0.604 0.0000e+00
        336 144.546340    0.02326     1.3958     83.750  1024.9547  50670.354    31.8152      0.607    6.94448     6.6847     6.6845    24.9519   12.47753 2.1591e+02      0.612 0.0000e+00
        337 144.546343    0.02333     1.4000     84.000  1024.9537  50668.559    31.8140      0.617    6.94447     6.6846     6.6849    24.9509   12.47752 2.1627e+02      0.623 0.0000e+00
        338 144.546345    0.02340     1.4042     84.250  1024.9538  50668.567    31.8140      0.627    6.94449     6.6850     6.6848    24.9509   12.47756 2.1686e+02      0.633 0.0000e+00
        339 144.546348    0.02347     1.4083     84.500  1024.9546  50670.027    31.8150      0.632    6.94447     6.6862     6.6846    24.9516   12.47751 2.1702e+02      0.638 0.0000e+00
        340 144.546351    0.02354     1.4125     84.750  1024.9558  50672.206    31.8166      0.632    6.94434     6.6885     6.6850    24.9528   12.47727 2.1659e+02      0.637 0.0000e+00
