CTD-processing/allCTD/CNV--homogene/2018_07-24_t9_s08_cast186.cnv
* Sea-Bird SBE19plus Data File:
* FileName = C:\Users\Kim.Powell\Desktop\Not Processed\2018\2018_08-24_T4, T9_5028\2018_07-24_TRANSECT_STATION_cast186.hex
* Software Version 1.59
* Temperature SN =  5028
* Conductivity SN =  5028
* System UpLoad Time = Jul 26 2018 09:37:02
** 2018_07-24
** Station: 9-08
** Start Time: 13:59
** Depth (m): 94
** Comment:
** Comment:
# nquan = 17
# nvalues = 745                         
# units = specified
# name 0 = scan: Scan Count
# name 1 = timeJ: Julian Days
# name 2 = timeH: Time, Elapsed [hours]
# name 3 = timeM: Time, Elapsed [minutes]
# name 4 = timeS: Time, Elapsed [seconds]
# name 5 = density00: Density [density, kg/m^3]
# name 6 = specc: Specific Conductance [uS/cm]
# name 7 = sal00: Salinity, Practical [PSU]
# name 8 = depSM: Depth [salt water, m], lat = 59.00
# name 9 = oxsolML/L: Oxygen Saturation, Garcia & Gordon [ml/l]
# name 10 = potemp090C: Potential Temperature [ITS-90, deg C]
# name 11 = tv290C: Temperature [ITS-90, deg C]
# name 12 = sigma-é00: Density [sigma-theta, kg/m^3]
# name 13 = n2satML/L: Nitrogen Saturation [ml/l]
# name 14 = par: PAR/Irradiance, Biospherical/Licor
# name 15 = prdM: Pressure, Strain Gauge [db]
# name 16 = flag:  0.000e+00
# span 0 =          1,        745       
# span 1 = 205.583194, 205.585347       
# span 2 =    0.00000,    0.05167       
# span 3 =     0.0000,     3.1000       
# span 4 =      0.000,    186.000       
# span 5 =  1018.4140,  1025.0423       
# span 6 =  39473.124,  50115.621       
# span 7 =    24.8090,    31.5693       
# span 8 =      0.314,     91.733       
# span 9 =    6.18334,    6.78882       
# span 10 =     7.7325,    13.5630      
# span 11 =     7.7411,    13.5631      
# span 12 =    18.4114,    24.6183      
# span 13 =   11.27716,   12.22324      
# span 14 = 5.8156e-02, 3.6092e+02      
# span 15 =      0.317,     92.620      
# span 16 = 0.0000e+00, 0.0000e+00      
# interval = seconds: 0.25
# start_time = Jul 24 2018 13:59:48 [Instrument's time stamp, header]
# bad_flag = -9.990e-29
*END*
[from data line 341]
        342 205.584181    0.02368     1.4208     85.250  1020.5063  43235.567    27.3979      0.934    6.20918    12.7255    13.0517    20.5020   11.31190 1.8371e+02      0.943 0.0000e+00
        343 205.584184    0.02375     1.4250     85.500  1020.6843  43527.263    27.5902      1.087    6.22198    12.5602    12.8964    20.6794   11.33095 1.6564e+02      1.097 0.0000e+00
        344 205.584187    0.02382     1.4292     85.750  1020.8464  43786.048    27.7581      1.260    6.23780    12.4136    12.7256    20.8406   11.35530 1.4926e+02      1.272 0.0000e+00
        345 205.584190    0.02389     1.4333     86.000  1020.9887  44010.279    27.9020      1.445    6.25389    12.2891    12.5604    20.9822   11.38037 1.3527e+02      1.459 0.0000e+00
        346 205.584193    0.02396     1.4375     86.250  1021.1109  44201.833    28.0243      1.641    6.26844    12.1828    12.4138    21.1035   11.40313 1.2352e+02      1.657 0.0000e+00
        347 205.584196    0.02403     1.4417     86.500  1021.2155  44365.989    28.1289      1.848    6.28079    12.0871    12.2893    21.2071   11.42244 1.1319e+02      1.866 0.0000e+00
        348 205.584198    0.02410     1.4458     86.750  1021.3075  44511.404    28.2218      2.069    6.29126    11.9933    12.1830    21.2981   11.43875 1.0362e+02      2.089 0.0000e+00
        349 205.584201    0.02417     1.4500     87.000  1021.3919  44645.167    28.3072      2.305    6.30065    11.8927    12.0873    21.3814   11.45336 9.4672e+01      2.327 0.0000e+00
        350 205.584204    0.02424     1.4542     87.250  1021.4739  44775.308    28.3901      2.553    6.30993    11.7750    11.9936    21.4623   11.46779 8.6380e+01      2.577 0.0000e+00
        351 205.584207    0.02431     1.4583     87.500  1021.5615  44914.630    28.4786      2.803    6.31995    11.6312    11.8930    21.5487   11.48341 7.8823e+01      2.830 0.0000e+00
        352 205.584210    0.02438     1.4625     87.750  1021.6649  45080.404    28.5839      3.046    6.33165    11.4639    11.7754    21.6510   11.50159 7.2140e+01      3.075 0.0000e+00
        353 205.584213    0.02444     1.4667     88.000  1021.7938  45288.645    28.7163      3.276    6.34586    11.2931    11.6316    21.7789   11.52363 6.6408e+01      3.307 0.0000e+00
        354 205.584216    0.02451     1.4708     88.250  1021.9447  45533.506    28.8720      3.491    6.36239    11.1413    11.4643    21.9287   11.54923 6.1568e+01      3.524 0.0000e+00
        355 205.584219    0.02458     1.4750     88.500  1022.0975  45782.169    29.0298      3.696    6.37937    11.0184    11.2935    22.0807   11.57556 5.7425e+01      3.731 0.0000e+00
        356 205.584222    0.02465     1.4792     88.750  1022.2337  46004.074    29.1704      3.901    6.39450    10.9206    11.1417    22.2159   11.59901 5.3752e+01      3.939 0.0000e+00
        357 205.584225    0.02472     1.4833     89.000  1022.3472  46189.707    29.2882      4.115    6.40663    10.8357    11.0189    22.3284   11.61773 5.0362e+01      4.154 0.0000e+00
        358 205.584227    0.02479     1.4875     89.250  1022.4427  46346.977    29.3885      4.342    6.41605    10.7494    10.9211    22.4229   11.63219 4.7144e+01      4.383 0.0000e+00
        359 205.584230    0.02486     1.4917     89.500  1022.5304  46492.227    29.4814      4.582    6.42402    10.6508    10.8362    22.5095   11.64430 4.4066e+01      4.625 0.0000e+00
        360 205.584233    0.02493     1.4958     89.750  1022.6189  46639.047    29.5752      4.828    6.43221    10.5388    10.7499    22.5969   11.65677 4.1172e+01      4.873 0.0000e+00
        361 205.584236    0.02500     1.5000     90.000  1022.7120  46792.740    29.6722      5.070    6.44200    10.4214    10.6514    22.6888   11.67185 3.8544e+01      5.118 0.0000e+00
        362 205.584239    0.02507     1.5042     90.250  1022.8086  46951.463    29.7711      5.299    6.45364    10.3097    10.5393    22.7844   11.68997 3.6231e+01      5.349 0.0000e+00
        363 205.584242    0.02514     1.5083     90.500  1022.9033  47106.425    29.8666      5.512    6.46620    10.2097    10.4220    22.8781   11.70966 3.4220e+01      5.564 0.0000e+00
        364 205.584245    0.02521     1.5125     90.750  1022.9887  47245.705    29.9516      5.714    6.47844    10.1198    10.3104    22.9626   11.72894 3.2446e+01      5.768 0.0000e+00
        365 205.584248    0.02528     1.5167     91.000  1023.0608  47362.503    30.0219      5.913    6.48968    10.0342    10.2103    23.0337   11.74674 3.0824e+01      5.968 0.0000e+00
        366 205.584251    0.02535     1.5208     91.250  1023.1214  47459.970    30.0797      6.117    6.50003     9.9459    10.1205    23.0933   11.76321 2.9278e+01      6.175 0.0000e+00
        367 205.584253    0.02542     1.5250     91.500  1023.1774  47549.994    30.1326      6.334    6.51003     9.8487    10.0349    23.1484   11.77915 2.7766e+01      6.394 0.0000e+00
        368 205.584256    0.02549     1.5292     91.750  1023.2385  47649.212    30.1915      6.562    6.52020     9.7415     9.9466    23.2084   11.79530 2.6291e+01      6.624 0.0000e+00
        369 205.584259    0.02556     1.5333     92.000  1023.3175  47780.331    30.2715      6.796    6.53078     9.6310     9.8494    23.2863   11.81187 2.4878e+01      6.860 0.0000e+00
        370 205.584262    0.02562     1.5375     92.250  1023.4179  47949.820    30.3770      7.026    6.54177     9.5254     9.7423    23.3857   11.82880 2.3558e+01      7.092 0.0000e+00
        371 205.584265    0.02569     1.5417     92.500  1023.5253  48132.097    30.4909      7.246    6.55292     9.4290     9.6318    23.4920   11.84590 2.2350e+01      7.315 0.0000e+00
        372 205.584268    0.02576     1.5458     92.750  1023.6272  48305.299    30.5989      7.459    6.56364     9.3437     9.5262    23.5929   11.86237 2.1252e+01      7.530 0.0000e+00
        373 205.584271    0.02583     1.5500     93.000  1023.7215  48466.049    30.6991      7.668    6.57340     9.2713     9.4298    23.6863   11.87731 2.0237e+01      7.741 0.0000e+00
        374 205.584274    0.02590     1.5542     93.250  1023.8070  48611.865    30.7902      7.882    6.58194     9.2136     9.3445    23.7708   11.89036 1.9285e+01      7.956 0.0000e+00
        375 205.584277    0.02597     1.5583     93.500  1023.8806  48737.507    30.8688      8.106    6.58916     9.1707     9.2721    23.8434   11.90137 1.8393e+01      8.183 0.0000e+00
        376 205.584280    0.02604     1.5625     93.750  1023.9410  48840.374    30.9332      8.340    6.59484     9.1404     9.2144    23.9026   11.90999 1.7573e+01      8.420 0.0000e+00
        377 205.584282    0.02611     1.5667     94.000  1023.9893  48922.712    30.9851      8.580    6.59889     9.1194     9.1715    23.9499   11.91608 1.6836e+01      8.662 0.0000e+00
        378 205.584285    0.02618     1.5708     94.250  1024.0279  48988.523    31.0272      8.819    6.60154     9.1047     9.1412    23.9874   11.91995 1.6177e+01      8.902 0.0000e+00
        379 205.584288    0.02625     1.5750     94.500  1024.0589  49041.326    31.0613      9.051    6.60315     9.0938     9.1203    24.0173   11.92221 1.5581e+01      9.137 0.0000e+00
        380 205.584291    0.02632     1.5792     94.750  1024.0843  49084.479    31.0896      9.277    6.60409     9.0847     9.1056    24.0416   11.92343 1.5028e+01      9.365 0.0000e+00
        381 205.584294    0.02639     1.5833     95.000  1024.1066  49122.525    31.1147      9.498    6.60461     9.0755     9.0948    24.0629   11.92398 1.4500e+01      9.588 0.0000e+00
        382 205.584297    0.02646     1.5875     95.250  1024.1297  49162.086    31.1411      9.718    6.60481     9.0645     9.0857    24.0850   11.92400 1.3986e+01      9.810 0.0000e+00
        383 205.584300    0.02653     1.5917     95.500  1024.1571  49209.483    31.1730      9.942    6.60480     9.0513     9.0765    24.1114   11.92359 1.3485e+01     10.036 0.0000e+00
        384 205.584303    0.02660     1.5958     95.750  1024.1884  49263.909    31.2096     10.170    6.60485     9.0367     9.0656    24.1417   11.92321 1.3000e+01     10.266 0.0000e+00
        385 205.584306    0.02667     1.6000     96.000  1024.2206  49319.563    31.2468     10.400    6.60520     9.0219     9.0524    24.1728   11.92335 1.2538e+01     10.498 0.0000e+00
        386 205.584308    0.02674     1.6042     96.250  1024.2519  49373.650    31.2826     10.631    6.60581     9.0077     9.0379    24.2031   11.92392 1.2102e+01     10.731 0.0000e+00
        387 205.584311    0.02681     1.6083     96.500  1024.2805  49422.758    31.3150     10.859    6.60661     8.9954     9.0230    24.2306   11.92486 1.1694e+01     10.962 0.0000e+00
        388 205.584314    0.02688     1.6125     96.750  1024.3039  49462.382    31.3407     11.083    6.60759     8.9858     9.0088    24.2529   11.92618 1.1312e+01     11.188 0.0000e+00
        389 205.584317    0.02694     1.6167     97.000  1024.3215  49491.784    31.3596     11.303    6.60859     8.9786     8.9966    24.2695   11.92759 1.0951e+01     11.411 0.0000e+00
        390 205.584320    0.02701     1.6208     97.250  1024.3343  49512.609    31.3727     11.523    6.60944     8.9733     8.9870    24.2813   11.92884 1.0603e+01     11.632 0.0000e+00
        391 205.584323    0.02708     1.6250     97.500  1024.3435  49527.071    31.3818     11.744    6.61011     8.9694     8.9798    24.2894   11.92984 1.0264e+01     11.855 0.0000e+00
        392 205.584326    0.02715     1.6292     97.750  1024.3502  49537.242    31.3881     11.970    6.61061     8.9664     8.9746    24.2952   11.93060 9.9284e+00     12.083 0.0000e+00
        393 205.584329    0.02722     1.6333     98.000  1024.3554  49544.585    31.3926     12.202    6.61099     8.9640     8.9707    24.2993   11.93118 9.5991e+00     12.318 0.0000e+00
        394 205.584332    0.02729     1.6375     98.250  1024.3597  49550.310    31.3961     12.437    6.61128     8.9618     8.9677    24.3025   11.93161 9.2823e+00     12.555 0.0000e+00
        395 205.584334    0.02736     1.6417     98.500  1024.3637  49555.661    31.3994     12.669    6.61150     8.9597     8.9653    24.3055   11.93192 8.9865e+00     12.789 0.0000e+00
        396 205.584337    0.02743     1.6458     98.750  1024.3681  49561.765    31.4033     12.892    6.61165     8.9574     8.9631    24.3088   11.93213 8.7189e+00     13.014 0.0000e+00
        397 205.584340    0.02750     1.6500     99.000  1024.3734  49569.531    31.4084     13.103    6.61174     8.9546     8.9610    24.3131   11.93222 8.4794e+00     13.227 0.0000e+00
        398 205.584343    0.02757     1.6542     99.250  1024.3798  49579.516    31.4150     13.303    6.61180     8.9510     8.9587    24.3186   11.93223 8.2575e+00     13.429 0.0000e+00
        399 205.584346    0.02764     1.6583     99.500  1024.3870  49590.879    31.4225     13.503    6.61188     8.9462     8.9560    24.3249   11.93227 8.0381e+00     13.631 0.0000e+00
        400 205.584349    0.02771     1.6625     99.750  1024.3941  49601.899    31.4296     13.716    6.61210     8.9404     8.9524    24.3311   11.93256 7.8060e+00     13.845 0.0000e+00
        401 205.584352    0.02778     1.6667    100.000  1024.4012  49612.497    31.4363     13.951    6.61253     8.9344     8.9476    24.3370   11.93318 7.5542e+00     14.083 0.0000e+00
        402 205.584355    0.02785     1.6708    100.250  1024.4083  49623.084    31.4428     14.213    6.61310     8.9288     8.9419    24.3430   11.93404 7.2903e+00     14.347 0.0000e+00
        403 205.584358    0.02792     1.6750    100.500  1024.4149  49632.441    31.4484     14.488    6.61373     8.9236     8.9359    24.3483   11.93503 7.0307e+00     14.625 0.0000e+00
        404 205.584361    0.02799     1.6792    100.750  1024.4199  49639.079    31.4521     14.755    6.61439     8.9181     8.9303    24.3521   11.93607 6.7936e+00     14.895 0.0000e+00
        405 205.584363    0.02806     1.6833    101.000  1024.4230  49642.419    31.4536     14.996    6.61510     8.9121     8.9251    24.3541   11.93722 6.5929e+00     15.138 0.0000e+00
        406 205.584366    0.02813     1.6875    101.250  1024.4249  49643.825    31.4538     15.203    6.61589     8.9058     8.9197    24.3550   11.93854 6.4295e+00     15.347 0.0000e+00
        407 205.584369    0.02819     1.6917    101.500  1024.4270  49645.822    31.4542     15.384    6.61676     8.8997     8.9137    24.3562   11.93998 6.2892e+00     15.530 0.0000e+00
        408 205.584372    0.02826     1.6958    101.750  1024.4295  49648.598    31.4552     15.556    6.61765     8.8940     8.9074    24.3579   11.94143 6.1495e+00     15.703 0.0000e+00
        409 205.584375    0.02833     1.7000    102.000  1024.4317  49650.693    31.4557     15.743    6.61851     8.8882     8.9014    24.3593   11.94286 5.9899e+00     15.893 0.0000e+00
        410 205.584378    0.02840     1.7042    102.250  1024.4337  49652.140    31.4558     15.969    6.61936     8.8823     8.8956    24.3602   11.94426 5.8011e+00     16.120 0.0000e+00
        411 205.584381    0.02847     1.7083    102.500  1024.4359  49653.756    31.4560     16.239    6.62020     8.8761     8.8899    24.3613   11.94565 5.5878e+00     16.392 0.0000e+00
        412 205.584384    0.02854     1.7125    102.750  1024.4383  49655.354    31.4562     16.541    6.62106     8.8693     8.8840    24.3623   11.94707 5.3652e+00     16.697 0.0000e+00
        413 205.584387    0.02861     1.7167    103.000  1024.4405  49656.501    31.4560     16.848    6.62198     8.8617     8.8779    24.3630   11.94859 5.1522e+00     17.007 0.0000e+00
        414 205.584389    0.02868     1.7208    103.250  1024.4429  49658.047    31.4559     17.134    6.62298     8.8539     8.8711    24.3641   11.95025 4.9637e+00     17.296 0.0000e+00
        415 205.584392    0.02875     1.7250    103.500  1024.4462  49661.699    31.4573     17.387    6.62404     8.8468     8.8635    24.3663   11.95198 4.8050e+00     17.552 0.0000e+00
        416 205.584395    0.02882     1.7292    103.750  1024.4511  49668.337    31.4607     17.609    6.62505     8.8411     8.8557    24.3701   11.95360 4.6710e+00     17.776 0.0000e+00
        417 205.584398    0.02889     1.7333    104.000  1024.4574  49677.589    31.4661     17.809    6.62587     8.8374     8.8486    24.3754   11.95490 4.5509e+00     17.978 0.0000e+00
        418 205.584401    0.02896     1.7375    104.250  1024.4645  49688.610    31.4729     18.005    6.62640     8.8356     8.8430    24.3816   11.95570 4.4317e+00     18.176 0.0000e+00
        419 205.584404    0.02903     1.7417    104.500  1024.4720  49700.497    31.4806     18.217    6.62662     8.8354     8.8393    24.3882   11.95597 4.3018e+00     18.390 0.0000e+00
        420 205.584407    0.02910     1.7458    104.750  1024.4794  49711.902    31.4883     18.459    6.62655     8.8364     8.8375    24.3945   11.95576 4.1571e+00     18.634 0.0000e+00
        421 205.584410    0.02917     1.7500    105.000  1024.4859  49721.502    31.4949     18.737    6.62629     8.8382     8.8374    24.3997   11.95525 4.0010e+00     18.915 0.0000e+00
        422 205.584413    0.02924     1.7542    105.250  1024.4912  49728.831    31.5001     19.040    6.62592     8.8403     8.8384    24.4036   11.95457 3.8423e+00     19.221 0.0000e+00
        423 205.584416    0.02931     1.7583    105.500  1024.4951  49733.640    31.5036     19.346    6.62550     8.8423     8.8402    24.4061   11.95384 3.6925e+00     19.529 0.0000e+00
        424 205.584418    0.02937     1.7625    105.750  1024.4974  49735.831    31.5053     19.629    6.62511     8.8437     8.8423    24.4071   11.95317 3.5614e+00     19.816 0.0000e+00
        425 205.584421    0.02944     1.7667    106.000  1024.4986  49736.253    31.5057     19.881    6.62480     8.8445     8.8443    24.4072   11.95265 3.4522e+00     20.070 0.0000e+00
