CTD-processing/allCTD/CNV--homogene/2018_09-17_t7_s20_cast033.cnv
* Sea-Bird SBE19plus Data File:
* FileName = C:\Users\Kim.Powell\Desktop\Not Processed\2018\2018_09-17_AlongBay, T6, T7_5028\2018_09-17_TRANSECT_STATION_cast033.hex
* Software Version 1.59
* Temperature SN =  5028
* Conductivity SN =  5028
* System UpLoad Time = Sep 18 2018 16:10:42
** 2018_09-17
** Station: 7-20
** Start Time: 13:08
** Depth (m): 84
** Comment:
** Comment:
# nquan = 17
# nvalues = 646                         
# units = specified
# name 0 = scan: Scan Count
# name 1 = timeJ: Julian Days
# name 2 = timeH: Time, Elapsed [hours]
# name 3 = timeM: Time, Elapsed [minutes]
# name 4 = timeS: Time, Elapsed [seconds]
# name 5 = density00: Density [density, kg/m^3]
# name 6 = specc: Specific Conductance [uS/cm]
# name 7 = sal00: Salinity, Practical [PSU]
# name 8 = depSM: Depth [salt water, m], lat = 59.00
# name 9 = oxsolML/L: Oxygen Saturation, Garcia & Gordon [ml/l]
# name 10 = potemp090C: Potential Temperature [ITS-90, deg C]
# name 11 = tv290C: Temperature [ITS-90, deg C]
# name 12 = sigma-é00: Density [sigma-theta, kg/m^3]
# name 13 = n2satML/L: Nitrogen Saturation [ml/l]
# name 14 = par: PAR/Irradiance, Biospherical/Licor
# name 15 = prdM: Pressure, Strain Gauge [db]
# name 16 = flag:  0.000e+00
# span 0 =          1,        646       
# span 1 = 260.548229, 260.550095       
# span 2 =    0.00000,    0.04479       
# span 3 =     0.0000,     2.6875       
# span 4 =      0.000,    161.250       
# span 5 =  1022.1966,  1025.0446       
# span 6 =  46016.853,  50210.884       
# span 7 =    29.2155,    31.7188       
# span 8 =      0.386,     82.195       
# span 9 =    6.33054,    6.70718       
# span 10 =     8.2240,    11.4903      
# span 11 =     8.2321,    11.4904      
# span 12 =    22.1933,    24.6657      
# span 13 =   11.48632,   12.08636      
# span 14 = 6.9528e-02, 3.1216e+02      
# span 15 =      0.390,     82.987      
# span 16 = 0.0000e+00, 0.0000e+00      
# interval = seconds: 0.25
# start_time = Sep 17 2018 13:09:27 [Instrument's time stamp, header]
# bad_flag = -9.990e-29
*END*
[from data line 86]
         87 260.548478    0.00597     0.3583     21.500  1022.2035  46028.849    29.2236      0.728    6.34656    11.4721    11.4745    22.2002   11.51882 1.8204e+02      0.735 0.0000e+00
         88 260.548481    0.00604     0.3625     21.750  1022.2014  46024.704    29.2206      0.728    6.34682    11.4704    11.4735    22.1981   11.51929 1.8280e+02      0.735 0.0000e+00
         89 260.548484    0.00611     0.3667     22.000  1022.1994  46020.869    29.2177      0.723    6.34711    11.4680    11.4722    22.1961   11.51980 1.8338e+02      0.730 0.0000e+00
         90 260.548487    0.00618     0.3708     22.250  1022.1986  46019.202    29.2164      0.716    6.34740    11.4653    11.4705    22.1953   11.52029 1.8363e+02      0.722 0.0000e+00
         91 260.548490    0.00625     0.3750     22.500  1022.1996  46020.632    29.2172      0.709    6.34768    11.4628    11.4681    22.1963   11.52076 1.8387e+02      0.715 0.0000e+00
         92 260.548492    0.00632     0.3792     22.750  1022.2023  46025.105    29.2200      0.706    6.34794    11.4612    11.4654    22.1990   11.52116 1.8413e+02      0.712 0.0000e+00
         93 260.548495    0.00639     0.3833     23.000  1022.2058  46031.140    29.2240      0.709    6.34812    11.4603    11.4629    22.2026   11.52139 1.8399e+02      0.715 0.0000e+00
         94 260.548498    0.00646     0.3875     23.250  1022.2089  46036.433    29.2276      0.716    6.34820    11.4600    11.4613    22.2056   11.52149 1.8342e+02      0.723 0.0000e+00
         95 260.548501    0.00653     0.3917     23.500  1022.2103  46038.699    29.2291      0.727    6.34826    11.4593    11.4604    22.2069   11.52156 1.8309e+02      0.733 0.0000e+00
         96 260.548504    0.00660     0.3958     23.750  1022.2094  46036.977    29.2279      0.736    6.34836    11.4577    11.4601    22.2060   11.52174 1.8334e+02      0.743 0.0000e+00
         97 260.548507    0.00667     0.4000     24.000  1022.2073  46032.932    29.2250      0.742    6.34856    11.4546    11.4594    22.2039   11.52211 1.8370e+02      0.749 0.0000e+00
         98 260.548510    0.00674     0.4042     24.250  1022.2056  46029.645    29.2225      0.743    6.34887    11.4496    11.4578    22.2023   11.52267 1.8369e+02      0.750 0.0000e+00
         99 260.548513    0.00681     0.4083     24.500  1022.2057  46029.274    29.2219      0.739    6.34933    11.4432    11.4547    22.2024   11.52342 1.8346e+02      0.746 0.0000e+00
        100 260.548516    0.00688     0.4125     24.750  1022.2081  46032.738    29.2239      0.733    6.34993    11.4371    11.4497    22.2047   11.52441 1.8329e+02      0.740 0.0000e+00
        101 260.548519    0.00694     0.4167     25.000  1022.2124  46039.468    29.2280      0.728    6.35063    11.4325    11.4433    22.2090   11.52552 1.8318e+02      0.735 0.0000e+00
        102 260.548521    0.00701     0.4208     25.250  1022.2173  46047.382    29.2329      0.727    6.35127    11.4297    11.4371    22.2140   11.52652 1.8291e+02      0.734 0.0000e+00
        103 260.548524    0.00708     0.4250     25.500  1022.2215  46054.274    29.2373      0.729    6.35172    11.4283    11.4325    22.2182   11.52721 1.8265e+02      0.736 0.0000e+00
        104 260.548527    0.00715     0.4292     25.750  1022.2242  46058.717    29.2402      0.734    6.35198    11.4274    11.4298    22.2209   11.52761 1.8292e+02      0.741 0.0000e+00
        105 260.548530    0.00722     0.4333     26.000  1022.2251  46060.107    29.2410      0.738    6.35214    11.4265    11.4283    22.2218   11.52787 1.8386e+02      0.745 0.0000e+00
        106 260.548533    0.00729     0.4375     26.250  1022.2245  46058.832    29.2400      0.741    6.35229    11.4250    11.4275    22.2212   11.52814 1.8490e+02      0.748 0.0000e+00
        107 260.548536    0.00736     0.4417     26.500  1022.2233  46056.564    29.2383      0.740    6.35248    11.4226    11.4266    22.2200   11.52847 1.8524e+02      0.747 0.0000e+00
        108 260.548539    0.00743     0.4458     26.750  1022.2228  46055.268    29.2373      0.736    6.35272    11.4190    11.4251    22.2194   11.52889 1.8471e+02      0.743 0.0000e+00
        109 260.548542    0.00750     0.4500     27.000  1022.2234  46055.976    29.2375      0.731    6.35305    11.4148    11.4227    22.2200   11.52943 1.8394e+02      0.738 0.0000e+00
        110 260.548545    0.00757     0.4542     27.250  1022.2252  46058.818    29.2392      0.726    6.35347    11.4108    11.4191    22.2219   11.53010 1.8365e+02      0.733 0.0000e+00
        111 260.548547    0.00764     0.4583     27.500  1022.2280  46063.088    29.2417      0.724    6.35394    11.4077    11.4149    22.2247   11.53085 1.8381e+02      0.731 0.0000e+00
        112 260.548550    0.00771     0.4625     27.750  1022.2308  46067.520    29.2445      0.725    6.35437    11.4056    11.4109    22.2275   11.53154 1.8386e+02      0.732 0.0000e+00
        113 260.548553    0.00778     0.4667     28.000  1022.2330  46071.024    29.2466      0.728    6.35471    11.4041    11.4078    22.2297   11.53207 1.8381e+02      0.735 0.0000e+00
        114 260.548556    0.00785     0.4708     28.250  1022.2343  46073.017    29.2478      0.731    6.35495    11.4030    11.4057    22.2310   11.53247 1.8409e+02      0.738 0.0000e+00
        115 260.548559    0.00792     0.4750     28.500  1022.2348  46073.577    29.2481      0.733    6.35514    11.4020    11.4042    22.2314   11.53278 1.8463e+02      0.740 0.0000e+00
        116 260.548562    0.00799     0.4792     28.750  1022.2347  46073.296    29.2478      0.734    6.35531    11.4010    11.4031    22.2314   11.53306 1.8487e+02      0.741 0.0000e+00
        117 260.548565    0.00806     0.4833     29.000  1022.2346  46072.793    29.2473      0.735    6.35547    11.4001    11.4021    22.2312   11.53333 1.8435e+02      0.742 0.0000e+00
        118 260.548568    0.00813     0.4875     29.250  1022.2344  46072.369    29.2469      0.735    6.35562    11.3994    11.4011    22.2311   11.53358 1.8339e+02      0.742 0.0000e+00
        119 260.548571    0.00819     0.4917     29.500  1022.2343  46072.037    29.2466      0.737    6.35575    11.3989    11.4002    22.2310   11.53380 1.8274e+02      0.744 0.0000e+00
        120 260.548573    0.00826     0.4958     29.750  1022.2343  46071.745    29.2463      0.739    6.35586    11.3985    11.3995    22.2309   11.53398 1.8251e+02      0.746 0.0000e+00
        121 260.548576    0.00833     0.5000     30.000  1022.2342  46071.500    29.2461      0.741    6.35593    11.3981    11.3990    22.2308   11.53411 1.8238e+02      0.748 0.0000e+00
        122 260.548579    0.00840     0.5042     30.250  1022.2342  46071.401    29.2460      0.742    6.35599    11.3976    11.3986    22.2308   11.53421 1.8233e+02      0.749 0.0000e+00
        123 260.548582    0.00847     0.5083     30.500  1022.2343  46071.570    29.2460      0.741    6.35604    11.3969    11.3982    22.2309   11.53429 1.8252e+02      0.748 0.0000e+00
        124 260.548585    0.00854     0.5125     30.750  1022.2346  46072.011    29.2463      0.739    6.35610    11.3961    11.3977    22.2312   11.53439 1.8293e+02      0.746 0.0000e+00
        125 260.548588    0.00861     0.5167     31.000  1022.2349  46072.565    29.2466      0.735    6.35618    11.3952    11.3970    22.2315   11.53452 1.8323e+02      0.742 0.0000e+00
        126 260.548591    0.00868     0.5208     31.250  1022.2353  46073.071    29.2469      0.732    6.35628    11.3943    11.3962    22.2319   11.53469 1.8325e+02      0.739 0.0000e+00
        127 260.548594    0.00875     0.5250     31.500  1022.2356  46073.487    29.2471      0.730    6.35640    11.3935    11.3953    22.2322   11.53488 1.8316e+02      0.737 0.0000e+00
        128 260.548597    0.00882     0.5292     31.750  1022.2358  46073.801    29.2472      0.729    6.35652    11.3927    11.3944    22.2325   11.53507 1.8301e+02      0.736 0.0000e+00
        129 260.548600    0.00889     0.5333     32.000  1022.2360  46074.006    29.2473      0.730    6.35663    11.3921    11.3936    22.2327   11.53525 1.8267e+02      0.737 0.0000e+00
        130 260.548602    0.00896     0.5375     32.250  1022.2361  46074.119    29.2473      0.731    6.35672    11.3915    11.3928    22.2328   11.53541 1.8235e+02      0.738 0.0000e+00
        131 260.548605    0.00903     0.5417     32.500  1022.2362  46074.162    29.2473      0.731    6.35681    11.3910    11.3922    22.2329   11.53555 1.8244e+02      0.738 0.0000e+00
        132 260.548608    0.00910     0.5458     32.750  1022.2363  46074.201    29.2472      0.731    6.35689    11.3904    11.3916    22.2330   11.53568 1.8286e+02      0.738 0.0000e+00
        133 260.548611    0.00917     0.5500     33.000  1022.2364  46074.290    29.2472      0.730    6.35696    11.3899    11.3911    22.2331   11.53581 1.8332e+02      0.736 0.0000e+00
        134 260.548614    0.00924     0.5542     33.250  1022.2365  46074.431    29.2473      0.728    6.35704    11.3894    11.3905    22.2332   11.53593 1.8363e+02      0.734 0.0000e+00
        135 260.548617    0.00931     0.5583     33.500  1022.2367  46074.635    29.2474      0.727    6.35711    11.3891    11.3900    22.2334   11.53605 1.8367e+02      0.733 0.0000e+00
        136 260.548620    0.00937     0.5625     33.750  1022.2369  46074.930    29.2476      0.727    6.35716    11.3890    11.3895    22.2336   11.53614 1.8328e+02      0.734 0.0000e+00
        137 260.548623    0.00944     0.5667     34.000  1022.2372  46075.333    29.2478      0.729    6.35720    11.3890    11.3892    22.2339   11.53619 1.8247e+02      0.736 0.0000e+00
        138 260.548626    0.00951     0.5708     34.250  1022.2375  46075.753    29.2481      0.734    6.35721    11.3890    11.3891    22.2341   11.53620 1.8160e+02      0.741 0.0000e+00
        139 260.548628    0.00958     0.5750     34.500  1022.2376  46075.949    29.2482      0.741    6.35720    11.3889    11.3891    22.2342   11.53619 1.8109e+02      0.748 0.0000e+00
        140 260.548631    0.00965     0.5792     34.750  1022.2375  46075.777    29.2481      0.746    6.35720    11.3886    11.3891    22.2341   11.53619 1.8101e+02      0.753 0.0000e+00
        141 260.548634    0.00972     0.5833     35.000  1022.2373  46075.485    29.2479      0.749    6.35722    11.3878    11.3890    22.2339   11.53623 1.8117e+02      0.756 0.0000e+00
        142 260.548637    0.00979     0.5875     35.250  1022.2374  46075.632    29.2479      0.748    6.35727    11.3866    11.3887    22.2341   11.53630 1.8135e+02      0.755 0.0000e+00
        143 260.548640    0.00986     0.5917     35.500  1022.2380  46076.582    29.2485      0.745    6.35735    11.3846    11.3879    22.2346   11.53642 1.8149e+02      0.752 0.0000e+00
        144 260.548643    0.00993     0.5958     35.750  1022.2391  46078.300    29.2496      0.740    6.35748    11.3820    11.3867    22.2357   11.53662 1.8160e+02      0.747 0.0000e+00
        145 260.548646    0.01000     0.6000     36.000  1022.2406  46080.777    29.2512      0.735    6.35768    11.3791    11.3847    22.2372   11.53695 1.8157e+02      0.742 0.0000e+00
        146 260.548649    0.01007     0.6042     36.250  1022.2426  46083.981    29.2532      0.732    6.35795    11.3761    11.3821    22.2392   11.53738 1.8126e+02      0.738 0.0000e+00
        147 260.548652    0.01014     0.6083     36.500  1022.2448  46087.596    29.2554      0.730    6.35826    11.3734    11.3792    22.2415   11.53786 1.8086e+02      0.737 0.0000e+00
        148 260.548655    0.01021     0.6125     36.750  1022.2471  46091.189    29.2576      0.730    6.35857    11.3711    11.3762    22.2437   11.53835 1.8077e+02      0.736 0.0000e+00
        149 260.548657    0.01028     0.6167     37.000  1022.2491  46094.398    29.2596      0.729    6.35886    11.3693    11.3735    22.2457   11.53881 1.8139e+02      0.736 0.0000e+00
        150 260.548660    0.01035     0.6208     37.250  1022.2508  46097.058    29.2613      0.729    6.35911    11.3677    11.3712    22.2474   11.53920 1.8252e+02      0.736 0.0000e+00
        151 260.548663    0.01042     0.6250     37.500  1022.2521  46099.264    29.2626      0.727    6.35931    11.3664    11.3694    22.2488   11.53952 1.8346e+02      0.734 0.0000e+00
        152 260.548666    0.01049     0.6292     37.750  1022.2533  46101.248    29.2639      0.723    6.35947    11.3652    11.3678    22.2500   11.53977 1.8393e+02      0.730 0.0000e+00
        153 260.548669    0.01056     0.6333     38.000  1022.2545  46103.181    29.2651      0.719    6.35960    11.3641    11.3665    22.2512   11.53997 1.8388e+02      0.726 0.0000e+00
        154 260.548672    0.01063     0.6375     38.250  1022.2556  46105.091    29.2663      0.715    6.35972    11.3633    11.3653    22.2524   11.54014 1.8327e+02      0.722 0.0000e+00
        155 260.548675    0.01069     0.6417     38.500  1022.2566  46106.749    29.2674      0.714    6.35982    11.3628    11.3642    22.2534   11.54031 1.8234e+02      0.721 0.0000e+00
        156 260.548678    0.01076     0.6458     38.750  1022.2573  46107.743    29.2680      0.715    6.35991    11.3628    11.3634    22.2540   11.54045 1.8140e+02      0.722 0.0000e+00
        157 260.548681    0.01083     0.6500     39.000  1022.2574  46107.928    29.2681      0.720    6.35998    11.3634    11.3629    22.2541   11.54056 1.8073e+02      0.726 0.0000e+00
        158 260.548683    0.01090     0.6542     39.250  1022.2573  46107.550    29.2679      0.727    6.35999    11.3646    11.3629    22.2539   11.54058 1.8035e+02      0.734 0.0000e+00
        159 260.548686    0.01097     0.6583     39.500  1022.2568  46106.718    29.2673      0.735    6.35992    11.3662    11.3635    22.2534   11.54047 1.8016e+02      0.742 0.0000e+00
        160 260.548689    0.01104     0.6625     39.750  1022.2559  46105.247    29.2664      0.741    6.35979    11.3677    11.3647    22.2525   11.54027 1.8026e+02      0.748 0.0000e+00
        161 260.548692    0.01111     0.6667     40.000  1022.2547  46103.265    29.2652      0.745    6.35963    11.3688    11.3663    22.2513   11.54002 1.8058e+02      0.752 0.0000e+00
        162 260.548695    0.01118     0.6708     40.250  1022.2535  46101.361    29.2640      0.744    6.35947    11.3694    11.3677    22.2501   11.53978 1.8078e+02      0.751 0.0000e+00
        163 260.548698    0.01125     0.6750     40.500  1022.2526  46099.994    29.2631      0.741    6.35936    11.3697    11.3688    22.2492   11.53959 1.8054e+02      0.748 0.0000e+00
        164 260.548701    0.01132     0.6792     40.750  1022.2521  46099.189    29.2626      0.736    6.35929    11.3696    11.3695    22.2487   11.53948 1.8012e+02      0.743 0.0000e+00
        165 260.548704    0.01139     0.6833     41.000  1022.2519  46098.833    29.2624      0.732    6.35926    11.3696    11.3698    22.2485   11.53945 1.7999e+02      0.739 0.0000e+00
        166 260.548707    0.01146     0.6875     41.250  1022.2519  46098.821    29.2624      0.731    6.35927    11.3697    11.3697    22.2485   11.53946 1.8020e+02      0.738 0.0000e+00
        167 260.548709    0.01153     0.6917     41.500  1022.2519  46098.937    29.2625      0.732    6.35928    11.3700    11.3696    22.2486   11.53947 1.8055e+02      0.739 0.0000e+00
        168 260.548712    0.01160     0.6958     41.750  1022.2520  46098.975    29.2625      0.735    6.35926    11.3703    11.3698    22.2486   11.53944 1.8090e+02      0.742 0.0000e+00
        169 260.548715    0.01167     0.7000     42.000  1022.2519  46098.901    29.2625      0.739    6.35922    11.3703    11.3701    22.2485   11.53937 1.8123e+02      0.746 0.0000e+00
        170 260.548718    0.01174     0.7042     42.250  1022.2519  46098.917    29.2625      0.742    6.35918    11.3697    11.3704    22.2485   11.53930 1.8163e+02      0.749 0.0000e+00
