CTD-processing/allCTD/CNV--homogene/2018_04-23_alongbay_skb05_cast073.cnv
* Sea-Bird SBE19plus Data File:
* FileName = C:\Users\Kim.Powell\Desktop\Not Processed\2018\2018_04-23_AlongBay, T4, T9_5028\2018_04-23_TRANSECT_STATION_cast073.hex
* Software Version 1.59
* Temperature SN =  5028
* Conductivity SN =  5028
* System UpLoad Time = Apr 24 2018 10:07:04
** 2018_04-24
** Station: KB05
** Start Time: 16:48
** Depth (m): NA
** Comment:
** Comment:
# nquan = 17
# nvalues = 1127                        
# units = specified
# name 0 = scan: Scan Count
# name 1 = timeJ: Julian Days
# name 2 = timeH: Time, Elapsed [hours]
# name 3 = timeM: Time, Elapsed [minutes]
# name 4 = timeS: Time, Elapsed [seconds]
# name 5 = density00: Density [density, kg/m^3]
# name 6 = specc: Specific Conductance [uS/cm]
# name 7 = sal00: Salinity, Practical [PSU]
# name 8 = depSM: Depth [salt water, m], lat = 59.00
# name 9 = oxsolML/L: Oxygen Saturation, Garcia & Gordon [ml/l]
# name 10 = potemp090C: Potential Temperature [ITS-90, deg C]
# name 11 = tv290C: Temperature [ITS-90, deg C]
# name 12 = sigma-é00: Density [sigma-theta, kg/m^3]
# name 13 = n2satML/L: Nitrogen Saturation [ml/l]
# name 14 = par: PAR/Irradiance, Biospherical/Licor
# name 15 = prdM: Pressure, Strain Gauge [db]
# name 16 = flag:  0.000e+00
# span 0 =          1,       1127       
# span 1 = 113.700486, 113.703744       
# span 2 =    0.00000,    0.07819       
# span 3 =     0.0000,     4.6917       
# span 4 =      0.000,    281.500       
# span 5 =  1024.7517,  1025.9854       
# span 6 =  50397.116,  51427.674       
# span 7 =    31.3388,    31.8045       
# span 8 =      0.268,    167.822       
# span 9 =    7.20982,    7.31626       
# span 10 =     4.4763,     5.2095      
# span 11 =     4.4856,     5.2149      
# span 12 =    24.7505,    25.1969      
# span 13 =   12.92115,   13.09177      
# span 14 = 3.7976e-02, 1.1219e+02      
# span 15 =      0.271,    169.475      
# span 16 = 0.0000e+00, 0.0000e+00      
# interval = seconds: 0.25
# start_time = Apr 23 2018 16:48:42 [Instrument's time stamp, header]
# bad_flag = -9.990e-29
*END*
[from data line 86]
         87 113.700735    0.00597     0.3583     21.500  1024.8115  50503.788    31.4079      0.911    7.21144     5.1972     5.1962    24.8072   12.92376 6.3317e+01      0.920 0.0000e+00
         88 113.700738    0.00604     0.3625     21.750  1024.8163  50512.620    31.4139      0.918    7.21119     5.2001     5.1960    24.8120   12.92328 6.3740e+01      0.926 0.0000e+00
         89 113.700741    0.00611     0.3667     22.000  1024.8188  50517.191    31.4173      0.905    7.21081     5.2038     5.1972    24.8146   12.92260 6.4202e+01      0.913 0.0000e+00
         90 113.700744    0.00618     0.3708     22.250  1024.8171  50513.903    31.4157      0.878    7.21039     5.2069     5.2001    24.8130   12.92193 6.4510e+01      0.886 0.0000e+00
         91 113.700747    0.00625     0.3750     22.500  1024.8119  50504.143    31.4098      0.849    7.21003     5.2081     5.2039    24.8079   12.92141 6.4582e+01      0.857 0.0000e+00
         92 113.700749    0.00632     0.3792     22.750  1024.8061  50493.440    31.4031      0.831    7.20982     5.2070     5.2070    24.8022   12.92115 6.4196e+01      0.839 0.0000e+00
         93 113.700752    0.00639     0.3833     23.000  1024.8025  50486.568    31.3986      0.831    7.20984     5.2044     5.2082    24.7986   12.92124 6.3271e+01      0.839 0.0000e+00
         94 113.700755    0.00646     0.3875     23.250  1024.8018  50485.423    31.3976      0.847    7.21008     5.2015     5.2071    24.7979   12.92165 6.2215e+01      0.855 0.0000e+00
         95 113.700758    0.00653     0.3917     23.500  1024.8046  50490.602    31.4006      0.868    7.21039     5.1997     5.2044    24.8005   12.92212 6.1739e+01      0.876 0.0000e+00
         96 113.700761    0.00660     0.3958     23.750  1024.8100  50500.694    31.4069      0.882    7.21057     5.1995     5.2016    24.8059   12.92234 6.2100e+01      0.891 0.0000e+00
         97 113.700764    0.00667     0.4000     24.000  1024.8156  50511.090    31.4137      0.883    7.21056     5.2010     5.1997    24.8114   12.92224 6.2692e+01      0.892 0.0000e+00
         98 113.700767    0.00674     0.4042     24.250  1024.8183  50516.300    31.4172      0.872    7.21043     5.2034     5.1995    24.8142   12.92197 6.2874e+01      0.880 0.0000e+00
         99 113.700770    0.00681     0.4083     24.500  1024.8169  50513.619    31.4157      0.856    7.21023     5.2053     5.2010    24.8129   12.92167 6.2475e+01      0.864 0.0000e+00
        100 113.700773    0.00688     0.4125     24.750  1024.8125  50505.488    31.4106      0.845    7.21006     5.2057     5.2034    24.8086   12.92145 6.1712e+01      0.853 0.0000e+00
        101 113.700775    0.00694     0.4167     25.000  1024.8084  50497.770    31.4057      0.845    7.20998     5.2046     5.2053    24.8045   12.92138 6.1135e+01      0.854 0.0000e+00
        102 113.700778    0.00701     0.4208     25.250  1024.8068  50494.663    31.4036      0.855    7.21002     5.2029     5.2057    24.8028   12.92146 6.0921e+01      0.863 0.0000e+00
        103 113.700781    0.00708     0.4250     25.500  1024.8078  50496.587    31.4047      0.866    7.21014     5.2011     5.2047    24.8038   12.92165 6.1009e+01      0.874 0.0000e+00
        104 113.700784    0.00715     0.4292     25.750  1024.8104  50501.412    31.4077      0.872    7.21030     5.1997     5.2029    24.8063   12.92188 6.1455e+01      0.881 0.0000e+00
        105 113.700787    0.00722     0.4333     26.000  1024.8127  50505.872    31.4104      0.872    7.21048     5.1987     5.2011    24.8087   12.92214 6.2024e+01      0.881 0.0000e+00
        106 113.700790    0.00729     0.4375     26.250  1024.8136  50507.709    31.4114      0.869    7.21067     5.1980     5.1997    24.8096   12.92245 6.2309e+01      0.878 0.0000e+00
        107 113.700793    0.00736     0.4417     26.500  1024.8133  50507.240    31.4108      0.868    7.21086     5.1975     5.1988    24.8093   12.92276 6.2151e+01      0.877 0.0000e+00
        108 113.700796    0.00743     0.4458     26.750  1024.8129  50506.534    31.4102      0.869    7.21100     5.1971     5.1981    24.8089   12.92301 6.1803e+01      0.877 0.0000e+00
        109 113.700799    0.00750     0.4500     27.000  1024.8133  50507.358    31.4107      0.868    7.21107     5.1967     5.1976    24.8093   12.92312 6.1685e+01      0.877 0.0000e+00
        110 113.700802    0.00757     0.4542     27.250  1024.8146  50509.829    31.4123      0.862    7.21107     5.1966     5.1971    24.8106   12.92310 6.2060e+01      0.871 0.0000e+00
        111 113.700804    0.00764     0.4583     27.500  1024.8159  50512.338    31.4140      0.850    7.21105     5.1966     5.1968    24.8119   12.92304 6.2926e+01      0.858 0.0000e+00
        112 113.700807    0.00771     0.4625     27.750  1024.8160  50512.652    31.4141      0.835    7.21106     5.1965     5.1967    24.8121   12.92307 6.3823e+01      0.843 0.0000e+00
        113 113.700810    0.00778     0.4667     28.000  1024.8143  50509.593    31.4120      0.822    7.21117     5.1962     5.1967    24.8104   12.92327 6.3979e+01      0.830 0.0000e+00
        114 113.700813    0.00785     0.4708     28.250  1024.8114  50504.297    31.4084      0.820    7.21135     5.1951     5.1966    24.8076   12.92361 6.3324e+01      0.828 0.0000e+00
        115 113.700816    0.00792     0.4750     28.500  1024.8088  50499.537    31.4050      0.833    7.21158     5.1936     5.1962    24.8049   12.92403 6.2502e+01      0.841 0.0000e+00
        116 113.700819    0.00799     0.4792     28.750  1024.8080  50497.894    31.4037      0.857    7.21182     5.1920     5.1952    24.8040   12.92445 6.1660e+01      0.865 0.0000e+00
        117 113.700822    0.00806     0.4833     29.000  1024.8097  50500.940    31.4054      0.883    7.21201     5.1912     5.1937    24.8055   12.92473 6.0708e+01      0.891 0.0000e+00
        118 113.700825    0.00813     0.4875     29.250  1024.8138  50508.578    31.4103      0.900    7.21203     5.1914     5.1921    24.8096   12.92471 6.0122e+01      0.909 0.0000e+00
        119 113.700828    0.00819     0.4917     29.500  1024.8189  50517.915    31.4166      0.902    7.21188     5.1929     5.1912    24.8146   12.92438 6.0380e+01      0.910 0.0000e+00
        120 113.700830    0.00826     0.4958     29.750  1024.8221  50524.009    31.4208      0.887    7.21164     5.1952     5.1915    24.8180   12.92393 6.1227e+01      0.895 0.0000e+00
        121 113.700833    0.00833     0.5000     30.000  1024.8217  50523.282    31.4206      0.863    7.21139     5.1973     5.1930    24.8177   12.92352 6.2023e+01      0.871 0.0000e+00
        122 113.700836    0.00840     0.5042     30.250  1024.8178  50516.111    31.4162      0.839    7.21121     5.1983     5.1953    24.8139   12.92328 6.2241e+01      0.847 0.0000e+00
        123 113.700839    0.00847     0.5083     30.500  1024.8126  50506.407    31.4100      0.826    7.21115     5.1980     5.1974    24.8088   12.92325 6.1771e+01      0.834 0.0000e+00
        124 113.700842    0.00854     0.5125     30.750  1024.8085  50498.750    31.4050      0.826    7.21121     5.1965     5.1984    24.8046   12.92342 6.1110e+01      0.834 0.0000e+00
        125 113.700845    0.00861     0.5167     31.000  1024.8068  50495.459    31.4026      0.839    7.21139     5.1947     5.1980    24.8028   12.92374 6.0565e+01      0.847 0.0000e+00
        126 113.700848    0.00868     0.5208     31.250  1024.8074  50496.684    31.4031      0.858    7.21161     5.1933     5.1966    24.8034   12.92410 5.9931e+01      0.866 0.0000e+00
        127 113.700851    0.00875     0.5250     31.500  1024.8103  50502.048    31.4064      0.876    7.21176     5.1926     5.1948    24.8062   12.92431 5.9303e+01      0.884 0.0000e+00
        128 113.700854    0.00882     0.5292     31.750  1024.8148  50510.367    31.4118      0.885    7.21175     5.1929     5.1933    24.8107   12.92423 5.9061e+01      0.893 0.0000e+00
        129 113.700856    0.00889     0.5333     32.000  1024.8192  50518.601    31.4173      0.883    7.21161     5.1944     5.1926    24.8151   12.92392 5.9246e+01      0.891 0.0000e+00
        130 113.700859    0.00896     0.5375     32.250  1024.8215  50522.840    31.4203      0.870    7.21140     5.1963     5.1930    24.8174   12.92353 5.9633e+01      0.878 0.0000e+00
        131 113.700862    0.00903     0.5417     32.500  1024.8203  50520.714    31.4192      0.853    7.21120     5.1979     5.1944    24.8164   12.92323 6.0186e+01      0.861 0.0000e+00
        132 113.700865    0.00910     0.5458     32.750  1024.8164  50513.312    31.4145      0.840    7.21109     5.1984     5.1964    24.8125   12.92310 6.0866e+01      0.848 0.0000e+00
        133 113.700868    0.00917     0.5500     33.000  1024.8117  50504.630    31.4089      0.837    7.21109     5.1978     5.1980    24.8078   12.92318 6.1098e+01      0.845 0.0000e+00
        134 113.700871    0.00924     0.5542     33.250  1024.8084  50498.432    31.4047      0.847    7.21121     5.1964     5.1985    24.8045   12.92341 6.0509e+01      0.855 0.0000e+00
        135 113.700874    0.00931     0.5583     33.500  1024.8073  50496.359    31.4032      0.867    7.21139     5.1949     5.1979    24.8033   12.92374 5.9755e+01      0.875 0.0000e+00
        136 113.700877    0.00937     0.5625     33.750  1024.8087  50498.815    31.4046      0.890    7.21157     5.1941     5.1965    24.8045   12.92401 5.9597e+01      0.898 0.0000e+00
        137 113.700880    0.00944     0.5667     34.000  1024.8122  50505.282    31.4087      0.906    7.21162     5.1943     5.1950    24.8080   12.92404 6.0039e+01      0.914 0.0000e+00
        138 113.700883    0.00951     0.5708     34.250  1024.8165  50513.241    31.4140      0.908    7.21151     5.1958     5.1941    24.8123   12.92379 6.0656e+01      0.917 0.0000e+00
        139 113.700885    0.00958     0.5750     34.500  1024.8194  50518.544    31.4177      0.896    7.21129     5.1982     5.1944    24.8152   12.92339 6.1103e+01      0.904 0.0000e+00
        140 113.700888    0.00965     0.5792     34.750  1024.8190  50517.897    31.4176      0.874    7.21104     5.2004     5.1959    24.8149   12.92297 6.1107e+01      0.882 0.0000e+00
        141 113.700891    0.00972     0.5833     35.000  1024.8154  50511.249    31.4135      0.852    7.21083     5.2015     5.1983    24.8114   12.92267 6.0668e+01      0.860 0.0000e+00
        142 113.700894    0.00979     0.5875     35.250  1024.8105  50502.057    31.4076      0.840    7.21073     5.2012     5.2005    24.8066   12.92259 6.0231e+01      0.848 0.0000e+00
        143 113.700897    0.00986     0.5917     35.500  1024.8065  50494.587    31.4027      0.845    7.21077     5.1997     5.2016    24.8026   12.92272 5.9866e+01      0.853 0.0000e+00
        144 113.700900    0.00993     0.5958     35.750  1024.8047  50491.214    31.4003      0.863    7.21094     5.1976     5.2013    24.8007   12.92302 5.9378e+01      0.871 0.0000e+00
        145 113.700903    0.01000     0.6000     36.000  1024.8056  50492.842    31.4011      0.887    7.21117     5.1960     5.1998    24.8015   12.92339 5.9006e+01      0.895 0.0000e+00
        146 113.700906    0.01007     0.6042     36.250  1024.8091  50499.289    31.4051      0.906    7.21133     5.1953     5.1977    24.8048   12.92361 5.8969e+01      0.915 0.0000e+00
        147 113.700909    0.01014     0.6083     36.500  1024.8138  50508.067    31.4108      0.912    7.21134     5.1960     5.1961    24.8095   12.92356 5.9121e+01      0.921 0.0000e+00
        148 113.700911    0.01021     0.6125     36.750  1024.8174  50514.753    31.4153      0.904    7.21123     5.1977     5.1954    24.8132   12.92332 5.9279e+01      0.913 0.0000e+00
        149 113.700914    0.01028     0.6167     37.000  1024.8179  50515.872    31.4162      0.887    7.21107     5.1993     5.1961    24.8138   12.92304 5.9545e+01      0.895 0.0000e+00
        150 113.700917    0.01035     0.6208     37.250  1024.8154  50511.183    31.4133      0.868    7.21092     5.2001     5.1977    24.8114   12.92284 6.0037e+01      0.876 0.0000e+00
        151 113.700920    0.01042     0.6250     37.500  1024.8113  50503.629    31.4085      0.857    7.21087     5.1996     5.1994    24.8073   12.92281 6.0429e+01      0.865 0.0000e+00
        152 113.700923    0.01049     0.6292     37.750  1024.8080  50497.356    31.4043      0.858    7.21094     5.1981     5.2002    24.8040   12.92297 6.0355e+01      0.866 0.0000e+00
        153 113.700926    0.01056     0.6333     38.000  1024.8066  50494.815    31.4025      0.870    7.21110     5.1962     5.1997    24.8026   12.92328 6.0039e+01      0.878 0.0000e+00
        154 113.700929    0.01063     0.6375     38.250  1024.8074  50496.276    31.4032      0.886    7.21132     5.1945     5.1982    24.8033   12.92364 5.9954e+01      0.894 0.0000e+00
        155 113.700932    0.01069     0.6417     38.500  1024.8101  50501.207    31.4062      0.899    7.21151     5.1935     5.1963    24.8059   12.92390 6.0273e+01      0.908 0.0000e+00
        156 113.700935    0.01076     0.6458     38.750  1024.8137  50507.952    31.4104      0.904    7.21160     5.1932     5.1946    24.8094   12.92399 6.0834e+01      0.913 0.0000e+00
        157 113.700937    0.01083     0.6500     39.000  1024.8166  50513.512    31.4140      0.899    7.21161     5.1937     5.1935    24.8124   12.92397 6.1318e+01      0.908 0.0000e+00
        158 113.700940    0.01090     0.6542     39.250  1024.8175  50515.277    31.4152      0.888    7.21160     5.1945     5.1933    24.8133   12.92393 6.1558e+01      0.897 0.0000e+00
        159 113.700943    0.01097     0.6583     39.500  1024.8160  50512.605    31.4135      0.877    7.21159     5.1948     5.1938    24.8119   12.92394 6.1576e+01      0.886 0.0000e+00
        160 113.700946    0.01104     0.6625     39.750  1024.8131  50507.278    31.4100      0.871    7.21163     5.1944     5.1945    24.8091   12.92405 6.1472e+01      0.880 0.0000e+00
        161 113.700949    0.01111     0.6667     40.000  1024.8104  50502.256    31.4066      0.872    7.21174     5.1935     5.1949    24.8064   12.92428 6.1332e+01      0.880 0.0000e+00
        162 113.700952    0.01118     0.6708     40.250  1024.8089  50499.472    31.4046      0.877    7.21190     5.1923     5.1945    24.8048   12.92456 6.1111e+01      0.886 0.0000e+00
        163 113.700955    0.01125     0.6750     40.500  1024.8088  50499.246    31.4042      0.885    7.21208     5.1911     5.1936    24.8046   12.92486 6.0770e+01      0.893 0.0000e+00
        164 113.700958    0.01132     0.6792     40.750  1024.8098  50501.087    31.4052      0.891    7.21224     5.1901     5.1924    24.8056   12.92512 6.0537e+01      0.900 0.0000e+00
        165 113.700961    0.01139     0.6833     41.000  1024.8115  50504.265    31.4072      0.895    7.21235     5.1893     5.1912    24.8072   12.92528 6.0692e+01      0.903 0.0000e+00
        166 113.700964    0.01146     0.6875     41.250  1024.8134  50507.880    31.4094      0.895    7.21241     5.1888     5.1902    24.8091   12.92535 6.1179e+01      0.903 0.0000e+00
        167 113.700966    0.01153     0.6917     41.500  1024.8150  50510.962    31.4114      0.891    7.21245     5.1884     5.1894    24.8108   12.92538 6.1615e+01      0.900 0.0000e+00
        168 113.700969    0.01160     0.6958     41.750  1024.8159  50512.802    31.4125      0.885    7.21249     5.1881     5.1888    24.8117   12.92544 6.1746e+01      0.894 0.0000e+00
        169 113.700972    0.01167     0.7000     42.000  1024.8160  50513.040    31.4126      0.879    7.21255     5.1879     5.1884    24.8118   12.92554 6.1655e+01      0.888 0.0000e+00
        170 113.700975    0.01174     0.7042     42.250  1024.8152  50511.624    31.4116      0.875    7.21264     5.1877     5.1882    24.8110   12.92570 6.1415e+01      0.883 0.0000e+00
