CTD-processing/allCTD/CNV--homogene/2018_05-24_t9_s09_cast103.cnv
* Sea-Bird SBE19plus Data File:
* FileName = C:\Users\Kim.Powell\Desktop\Not Processed\2018\2018_05-24_AlongBay, T9_5028\2018_05-24_TRANSECT_STATION_cast103.hex
* Software Version 1.59
* Temperature SN =  5028
* Conductivity SN =  5028
* System UpLoad Time = May 25 2018 13:41:32
** 2018_05-24
** Station: 9-09
** Start Time: 15:27
** Depth (m): 83
** Comment:
** Comment:
# nquan = 17
# nvalues = 643                         
# units = specified
# name 0 = scan: Scan Count
# name 1 = timeJ: Julian Days
# name 2 = timeH: Time, Elapsed [hours]
# name 3 = timeM: Time, Elapsed [minutes]
# name 4 = timeS: Time, Elapsed [seconds]
# name 5 = density00: Density [density, kg/m^3]
# name 6 = specc: Specific Conductance [uS/cm]
# name 7 = sal00: Salinity, Practical [PSU]
# name 8 = depSM: Depth [salt water, m], lat = 59.00
# name 9 = oxsolML/L: Oxygen Saturation, Garcia & Gordon [ml/l]
# name 10 = potemp090C: Potential Temperature [ITS-90, deg C]
# name 11 = tv290C: Temperature [ITS-90, deg C]
# name 12 = sigma-é00: Density [sigma-theta, kg/m^3]
# name 13 = n2satML/L: Nitrogen Saturation [ml/l]
# name 14 = par: PAR/Irradiance, Biospherical/Licor
# name 15 = prdM: Pressure, Strain Gauge [db]
# name 16 = flag:  0.000e+00
# span 0 =          1,        643       
# span 1 = 144.643414, 144.645272       
# span 2 =    0.00000,    0.04458       
# span 3 =     0.0000,     2.6750       
# span 4 =      0.000,    160.500       
# span 5 =  1023.4193,  1025.4868       
# span 6 =  47879.962,  51059.720       
# span 7 =    30.1324,    31.8518       
# span 8 =      0.702,     81.916       
# span 9 =    6.76468,    7.12461       
# span 10 =     5.6356,     8.2734      
# span 11 =     5.6372,     8.2738      
# span 12 =    23.4158,    25.1042      
# span 13 =   12.19946,   12.77729      
# span 14 = 4.4190e-02, 2.8212e+02      
# span 15 =      0.709,     82.706      
# span 16 = 0.0000e+00, 0.0000e+00      
# interval = seconds: 0.25
# start_time = May 24 2018 15:26:31 [Instrument's time stamp, header]
# bad_flag = -9.990e-29
*END*
[from data line 256]
        257 144.644155    0.01778     1.0667     64.000  1023.7966  48549.149    30.5077      0.734    6.84698     7.6740     7.6713    23.7932   12.33263 2.4603e+02      0.741 0.0000e+00
        258 144.644158    0.01785     1.0708     64.250  1023.7958  48547.564    30.5068      0.736    6.84681     7.6747     7.6727    23.7923   12.33236 2.4620e+02      0.743 0.0000e+00
        259 144.644161    0.01792     1.0750     64.500  1023.7948  48545.812    30.5058      0.739    6.84664     7.6740     7.6740    23.7914   12.33209 2.4579e+02      0.746 0.0000e+00
        260 144.644164    0.01799     1.0792     64.750  1023.7944  48544.969    30.5053      0.742    6.84655     7.6716     7.6747    23.7909   12.33195 2.4506e+02      0.749 0.0000e+00
        261 144.644167    0.01806     1.0833     65.000  1023.7950  48546.128    30.5060      0.744    6.84664     7.6685     7.6740    23.7915   12.33209 2.4392e+02      0.751 0.0000e+00
        262 144.644170    0.01812     1.0875     65.250  1023.7968  48549.269    30.5078      0.745    6.84692     7.6653     7.6717    23.7933   12.33253 2.4317e+02      0.752 0.0000e+00
        263 144.644172    0.01819     1.0917     65.500  1023.7991  48553.423    30.5102      0.745    6.84730     7.6623     7.6686    23.7956   12.33313 2.4217e+02      0.752 0.0000e+00
        264 144.644175    0.01826     1.0958     65.750  1023.8015  48557.862    30.5128      0.744    6.84768     7.6597     7.6654    23.7981   12.33373 2.4037e+02      0.751 0.0000e+00
        265 144.644178    0.01833     1.1000     66.000  1023.8039  48562.166    30.5153      0.741    6.84804     7.6578     7.6624    23.8005   12.33430 2.3995e+02      0.748 0.0000e+00
        266 144.644181    0.01840     1.1042     66.250  1023.8059  48565.766    30.5174      0.737    6.84836     7.6567     7.6598    23.8025   12.33479 2.4160e+02      0.744 0.0000e+00
        267 144.644184    0.01847     1.1083     66.500  1023.8073  48568.239    30.5188      0.734    6.84858     7.6561     7.6579    23.8038   12.33515 2.4327e+02      0.741 0.0000e+00
        268 144.644187    0.01854     1.1125     66.750  1023.8080  48569.642    30.5196      0.732    6.84872     7.6558     7.6568    23.8046   12.33537 2.4439e+02      0.739 0.0000e+00
        269 144.644190    0.01861     1.1167     67.000  1023.8084  48570.260    30.5199      0.733    6.84881     7.6556     7.6561    23.8049   12.33550 2.4620e+02      0.740 0.0000e+00
        270 144.644193    0.01868     1.1208     67.250  1023.8084  48570.370    30.5200      0.736    6.84885     7.6556     7.6558    23.8050   12.33558 2.4791e+02      0.743 0.0000e+00
        271 144.644196    0.01875     1.1250     67.500  1023.8084  48570.253    30.5199      0.741    6.84888     7.6557     7.6557    23.8049   12.33563 2.4861e+02      0.748 0.0000e+00
        272 144.644198    0.01882     1.1292     67.750  1023.8083  48570.034    30.5197      0.747    6.84890     7.6563     7.6557    23.8048   12.33566 2.4941e+02      0.754 0.0000e+00
        273 144.644201    0.01889     1.1333     68.000  1023.8080  48569.478    30.5193      0.749    6.84890     7.6574     7.6558    23.8045   12.33567 2.4958e+02      0.756 0.0000e+00
        274 144.644204    0.01896     1.1375     68.250  1023.8073  48568.200    30.5185      0.747    6.84885     7.6588     7.6563    23.8038   12.33559 2.4839e+02      0.754 0.0000e+00
        275 144.644207    0.01903     1.1417     68.500  1023.8062  48566.221    30.5173      0.740    6.84873     7.6602     7.6574    23.8027   12.33541 2.4687e+02      0.747 0.0000e+00
        276 144.644210    0.01910     1.1458     68.750  1023.8049  48564.018    30.5160      0.733    6.84857     7.6613     7.6588    23.8015   12.33516 2.4602e+02      0.740 0.0000e+00
        277 144.644213    0.01917     1.1500     69.000  1023.8038  48562.049    30.5149      0.729    6.84840     7.6620     7.6602    23.8004   12.33489 2.4653e+02      0.735 0.0000e+00
        278 144.644216    0.01924     1.1542     69.250  1023.8030  48560.540    30.5140      0.729    6.84826     7.6623     7.6614    23.7996   12.33467 2.4721e+02      0.736 0.0000e+00
        279 144.644219    0.01931     1.1583     69.500  1023.8024  48559.543    30.5134      0.735    6.84817     7.6621     7.6621    23.7990   12.33453 2.4707e+02      0.742 0.0000e+00
        280 144.644222    0.01938     1.1625     69.750  1023.8022  48559.092    30.5132      0.743    6.84813     7.6612     7.6624    23.7988   12.33448 2.4750e+02      0.750 0.0000e+00
        281 144.644225    0.01944     1.1667     70.000  1023.8024  48559.376    30.5133      0.749    6.84817     7.6598     7.6621    23.7989   12.33453 2.4900e+02      0.756 0.0000e+00
        282 144.644227    0.01951     1.1708     70.250  1023.8031  48560.638    30.5140      0.751    6.84828     7.6583     7.6612    23.7996   12.33470 2.5012e+02      0.758 0.0000e+00
        283 144.644230    0.01958     1.1750     70.500  1023.8042  48562.653    30.5152      0.750    6.84845     7.6572     7.6598    23.8008   12.33497 2.4959e+02      0.757 0.0000e+00
        284 144.644233    0.01965     1.1792     70.750  1023.8053  48564.659    30.5164      0.748    6.84862     7.6565     7.6584    23.8019   12.33524 2.4731e+02      0.755 0.0000e+00
        285 144.644236    0.01972     1.1833     71.000  1023.8062  48566.128    30.5172      0.752    6.84875     7.6556     7.6573    23.8027   12.33544 2.4428e+02      0.759 0.0000e+00
        286 144.644239    0.01979     1.1875     71.250  1023.8068  48567.250    30.5179      0.763    6.84883     7.6540     7.6566    23.8033   12.33557 2.4206e+02      0.770 0.0000e+00
        287 144.644242    0.01986     1.1917     71.500  1023.8077  48568.637    30.5187      0.783    6.84894     7.6515     7.6557    23.8040   12.33574 2.4127e+02      0.790 0.0000e+00
        288 144.644245    0.01993     1.1958     71.750  1023.8090  48570.810    30.5200      0.814    6.84912     7.6475     7.6541    23.8052   12.33603 2.3894e+02      0.822 0.0000e+00
        289 144.644248    0.02000     1.2000     72.000  1023.8112  48574.276    30.5220      0.861    6.84943     7.6411     7.6516    23.8071   12.33651 2.3082e+02      0.869 0.0000e+00
        290 144.644251    0.02007     1.2042     72.250  1023.8146  48579.810    30.5251      0.937    6.84991     7.6308     7.6476    23.8102   12.33727 2.1547e+02      0.946 0.0000e+00
        291 144.644253    0.02014     1.2083     72.500  1023.8199  48588.562    30.5302      1.057    6.85069     7.6154     7.6412    23.8150   12.33850 1.9461e+02      1.068 0.0000e+00
        292 144.644256    0.02021     1.2125     72.750  1023.8281  48602.031    30.5378      1.223    6.85196     7.5953     7.6310    23.8224   12.34050 1.7197e+02      1.235 0.0000e+00
        293 144.644259    0.02028     1.2167     73.000  1023.8394  48620.928    30.5484      1.421    6.85390     7.5722     7.6156    23.8328   12.34357 1.5044e+02      1.435 0.0000e+00
        294 144.644262    0.02035     1.2208     73.250  1023.8529  48643.545    30.5609      1.637    6.85650     7.5475     7.5954    23.8453   12.34773 1.3130e+02      1.653 0.0000e+00
        295 144.644265    0.02042     1.2250     73.500  1023.8666  48666.528    30.5731      1.860    6.85957     7.5213     7.5724    23.8580   12.35266 1.1500e+02      1.879 0.0000e+00
        296 144.644268    0.02049     1.2292     73.750  1023.8797  48688.245    30.5841      2.089    6.86297     7.4935     7.5477    23.8700   12.35813 1.0115e+02      2.109 0.0000e+00
        297 144.644271    0.02056     1.2333     74.000  1023.8920  48708.540    30.5939      2.322    6.86665     7.4635     7.5215    23.8812   12.36411 8.9133e+01      2.345 0.0000e+00
        298 144.644274    0.02063     1.2375     74.250  1023.9026  48725.563    30.6012      2.563    6.87069     7.4284     7.4938    23.8907   12.37070 7.8626e+01      2.587 0.0000e+00
        299 144.644277    0.02069     1.2417     74.500  1023.9097  48736.262    30.6036      2.809    6.87533     7.3853     7.4637    23.8966   12.37834 6.9479e+01      2.836 0.0000e+00
        300 144.644280    0.02076     1.2458     74.750  1023.9147  48743.238    30.6027      3.057    6.88092     7.3346     7.4286    23.9005   12.38760 6.1536e+01      3.086 0.0000e+00
        301 144.644282    0.02083     1.2500     75.000  1023.9235  48756.975    30.6051      3.302    6.88762     7.2786     7.3856    23.9081   12.39865 5.4647e+01      3.333 0.0000e+00
        302 144.644285    0.02090     1.2542     75.250  1023.9379  48781.067    30.6134      3.543    6.89529     7.2186     7.3349    23.9214   12.41124 4.8687e+01      3.576 0.0000e+00
        303 144.644288    0.02097     1.2583     75.500  1023.9549  48810.162    30.6243      3.778    6.90369     7.1563     7.2789    23.9373   12.42500 4.3528e+01      3.813 0.0000e+00
        304 144.644291    0.02104     1.2625     75.750  1023.9755  48845.915    30.6391      4.009    6.91256     7.0937     7.2190    23.9568   12.43949 3.9035e+01      4.047 0.0000e+00
        305 144.644294    0.02111     1.2667     76.000  1024.0002  48889.393    30.6588      4.239    6.92160     7.0313     7.1566    23.9805   12.45421 3.5085e+01      4.279 0.0000e+00
        306 144.644297    0.02118     1.2708     76.250  1024.0256  48934.247    30.6793      4.468    6.93066     6.9702     7.0941    24.0048   12.46894 3.1586e+01      4.509 0.0000e+00
        307 144.644300    0.02125     1.2750     76.500  1024.0525  48982.155    30.7019      4.696    6.93963     6.9149     7.0317    24.0306   12.48348 2.8466e+01      4.740 0.0000e+00
        308 144.644303    0.02132     1.2792     76.750  1024.0835  49037.663    30.7299      4.924    6.94814     6.8687     6.9707    24.0606   12.49721 2.5676e+01      4.970 0.0000e+00
        309 144.644306    0.02139     1.2833     77.000  1024.1154  49094.905    30.7600      5.152    6.95566     6.8318     6.9153    24.0914   12.50926 2.3180e+01      5.200 0.0000e+00
        310 144.644308    0.02146     1.2875     77.250  1024.1435  49145.144    30.7869      5.380    6.96186     6.8018     6.8692    24.1185   12.51917 2.0946e+01      5.430 0.0000e+00
        311 144.644311    0.02153     1.2917     77.500  1024.1661  49185.278    30.8082      5.606    6.96683     6.7755     6.8323    24.1400   12.52712 1.8953e+01      5.659 0.0000e+00
        312 144.644314    0.02160     1.2958     77.750  1024.1840  49216.831    30.8248      5.830    6.97091     6.7503     6.8023    24.1569   12.53367 1.7194e+01      5.885 0.0000e+00
        313 144.644317    0.02167     1.3000     78.000  1024.1989  49242.875    30.8382      6.050    6.97453     6.7249     6.7761    24.1708   12.53949 1.5657e+01      6.107 0.0000e+00
        314 144.644320    0.02174     1.3042     78.250  1024.2131  49267.738    30.8509      6.263    6.97802     6.7002     6.7509    24.1840   12.54510 1.4318e+01      6.323 0.0000e+00
        315 144.644323    0.02181     1.3083     78.500  1024.2286  49294.945    30.8652      6.474    6.98148     6.6784     6.7255    24.1985   12.55064 1.3141e+01      6.535 0.0000e+00
        316 144.644326    0.02187     1.3125     78.750  1024.2449  49323.703    30.8807      6.687    6.98476     6.6604     6.7009    24.2138   12.55587 1.2052e+01      6.750 0.0000e+00
        317 144.644329    0.02194     1.3167     79.000  1024.2603  49350.670    30.8954      6.908    6.98763     6.6456     6.6790    24.2281   12.56042 1.0983e+01      6.974 0.0000e+00
        318 144.644332    0.02201     1.3208     79.250  1024.2732  49372.990    30.9076      7.140    6.98999     6.6321     6.6610    24.2399   12.56418 9.9475e+00      7.208 0.0000e+00
        319 144.644334    0.02208     1.3250     79.500  1024.2834  49390.207    30.9168      7.380    6.99197     6.6178     6.6462    24.2490   12.56734 8.9852e+00      7.450 0.0000e+00
        320 144.644337    0.02215     1.3292     79.750  1024.2921  49404.500    30.9242      7.623    6.99382     6.6003     6.6328    24.2565   12.57031 8.1173e+00      7.696 0.0000e+00
        321 144.644340    0.02222     1.3333     80.000  1024.3002  49417.949    30.9308      7.863    6.99584     6.5771     6.6185    24.2636   12.57355 7.3520e+00      7.938 0.0000e+00
        322 144.644343    0.02229     1.3375     80.250  1024.3094  49433.504    30.9384      8.098    6.99834     6.5482     6.6010    24.2717   12.57759 6.6793e+00      8.174 0.0000e+00
        323 144.644346    0.02236     1.3417     80.500  1024.3230  49457.309    30.9506      8.328    7.00156     6.5176     6.5778    24.2842   12.58277 6.0804e+00      8.407 0.0000e+00
        324 144.644349    0.02243     1.3458     80.750  1024.3428  49492.695    30.9698      8.561    7.00539     6.4894     6.5489    24.3029   12.58886 5.5352e+00      8.642 0.0000e+00
        325 144.644352    0.02250     1.3500     81.000  1024.3662  49534.637    30.9932      8.800    7.00931     6.4657     6.5183    24.3252   12.59504 5.0295e+00      8.884 0.0000e+00
        326 144.644355    0.02257     1.3542     81.250  1024.3890  49575.404    31.0162      9.049    7.01284     6.4467     6.4901    24.3468   12.60059 4.5594e+00      9.134 0.0000e+00
        327 144.644358    0.02264     1.3583     81.500  1024.4088  49610.603    31.0361      9.303    7.01579     6.4319     6.4664    24.3654   12.60521 4.1281e+00      9.391 0.0000e+00
        328 144.644361    0.02271     1.3625     81.750  1024.4251  49639.089    31.0523      9.559    7.01814     6.4203     6.4475    24.3805   12.60890 3.7382e+00      9.649 0.0000e+00
        329 144.644363    0.02278     1.3667     82.000  1024.4381  49661.463    31.0650      9.813    7.01998     6.4113     6.4327    24.3924   12.61178 3.3903e+00      9.905 0.0000e+00
        330 144.644366    0.02285     1.3708     82.250  1024.4483  49678.630    31.0747     10.063    7.02143     6.4038     6.4211    24.4014   12.61404 3.0809e+00     10.158 0.0000e+00
        331 144.644369    0.02292     1.3750     82.500  1024.4562  49691.464    31.0818     10.310    7.02257     6.3968     6.4121    24.4082   12.61584 2.8029e+00     10.407 0.0000e+00
        332 144.644372    0.02299     1.3792     82.750  1024.4626  49701.456    31.0872     10.556    7.02354     6.3897     6.4046    24.4134   12.61738 2.5509e+00     10.655 0.0000e+00
        333 144.644375    0.02306     1.3833     83.000  1024.4683  49710.392    31.0920     10.802    7.02447     6.3826     6.3976    24.4180   12.61886 2.3216e+00     10.904 0.0000e+00
        334 144.644378    0.02313     1.3875     83.250  1024.4740  49719.074    31.0966     11.050    7.02541     6.3751     6.3906    24.4225   12.62035 2.1127e+00     11.154 0.0000e+00
        335 144.644381    0.02319     1.3917     83.500  1024.4793  49727.236    31.1008     11.297    7.02638     6.3668     6.3835    24.4267   12.62191 1.9244e+00     11.404 0.0000e+00
        336 144.644384    0.02326     1.3958     83.750  1024.4844  49734.933    31.1046     11.541    7.02743     6.3569     6.3760    24.4306   12.62358 1.7563e+00     11.650 0.0000e+00
        337 144.644387    0.02333     1.4000     84.000  1024.4895  49742.799    31.1084     11.782    7.02862     6.3447     6.3677    24.4346   12.62551 1.6054e+00     11.894 0.0000e+00
        338 144.644389    0.02340     1.4042     84.250  1024.4952  49751.613    31.1125     12.022    7.03006     6.3302     6.3578    24.4391   12.62783 1.4675e+00     12.136 0.0000e+00
        339 144.644392    0.02347     1.4083     84.500  1024.5020  49762.626    31.1178     12.267    7.03180     6.3136     6.3457    24.4448   12.63065 1.3388e+00     12.383 0.0000e+00
        340 144.644395    0.02354     1.4125     84.750  1024.5103  49776.596    31.1247     12.520    7.03388     6.2950     6.3312    24.4520   12.63399 1.2176e+00     12.639 0.0000e+00
