CTD-processing/allCTD/CNV--homogene/2018_03-02_t9_s07_cast017.cnv
* Sea-Bird SBE19plus Data File:
* FileName = C:\Users\Kim.Powell\Desktop\Not Processed\2018\2018_03-02_AlongBay,T9_5028\2018_03-02_TRANSECT_STATION_cast017.hex
* Software Version 1.59
* Temperature SN =  5028
* Conductivity SN =  5028
* System UpLoad Time = Mar 05 2018 11:37:42
** 2018_03-02
** Station: 9-07
** Start Time: 14:47
** Depth (m): 105.2
** Comment:**CTD time 1 hour off
** Comment:
# nquan = 17
# nvalues = 1011                        
# units = specified
# name 0 = scan: Scan Count
# name 1 = timeJ: Julian Days
# name 2 = timeH: Time, Elapsed [hours]
# name 3 = timeM: Time, Elapsed [minutes]
# name 4 = timeS: Time, Elapsed [seconds]
# name 5 = density00: Density [density, kg/m^3]
# name 6 = specc: Specific Conductance [uS/cm]
# name 7 = sal00: Salinity, Practical [PSU]
# name 8 = depSM: Depth [salt water, m], lat = 59.00
# name 9 = oxsolML/L: Oxygen Saturation, Garcia & Gordon [ml/l]
# name 10 = potemp090C: Potential Temperature [ITS-90, deg C]
# name 11 = tv290C: Temperature [ITS-90, deg C]
# name 12 = sigma-é00: Density [sigma-theta, kg/m^3]
# name 13 = n2satML/L: Nitrogen Saturation [ml/l]
# name 14 = par: PAR/Irradiance, Biospherical/Licor
# name 15 = prdM: Pressure, Strain Gauge [db]
# name 16 = flag:  0.000e+00
# span 0 =          1,       1011       
# span 1 =  61.657812,  61.660735       
# span 2 =    0.00000,    0.07014       
# span 3 =     0.0000,     4.2083       
# span 4 =      0.000,    252.500       
# span 5 =  1024.7129,  1025.6736       
# span 6 =  50817.292,  52042.739       
# span 7 =    30.9639,    31.7356       
# span 8 =      0.476,    101.651       
# span 9 =    7.41341,    7.82782       
# span 10 =     2.0679,     3.9540      
# span 11 =     1.8139,     3.9605      
# span 12 =    24.7079,    25.2617      
# span 13 =   13.25297,   13.93833      
# span 14 = 3.7976e-02, 8.7651e+01      
# span 15 =      0.481,    102.636      
# span 16 = 0.0000e+00, 0.0000e+00      
# interval = seconds: 0.25
# start_time = Mar 02 2018 15:47:15 [Instrument's time stamp, header]
# bad_flag = -9.990e-29
*END*
[from data line 341]
        342  61.658799    0.02368     1.4208     85.250  1025.0084  51342.189    31.3447      1.071    7.69521     2.5593     2.5593    25.0033   13.72308 7.0579e+01      1.081 0.0000e+00
        343  61.658802    0.02375     1.4250     85.500  1025.0084  51342.353    31.3448      1.070    7.69521     2.5592     2.5593    25.0034   13.72307 7.0294e+01      1.080 0.0000e+00
        344  61.658805    0.02382     1.4292     85.750  1025.0084  51342.248    31.3447      1.065    7.69520     2.5591     2.5593    25.0033   13.72307 6.9615e+01      1.075 0.0000e+00
        345  61.658808    0.02389     1.4333     86.000  1025.0082  51342.002    31.3446      1.056    7.69522     2.5589     2.5593    25.0031   13.72310 6.9354e+01      1.066 0.0000e+00
        346  61.658811    0.02396     1.4375     86.250  1025.0080  51341.807    31.3444      1.047    7.69525     2.5587     2.5592    25.0030   13.72316 6.9668e+01      1.057 0.0000e+00
        347  61.658814    0.02403     1.4417     86.500  1025.0081  51342.030    31.3445      1.038    7.69529     2.5586     2.5589    25.0031   13.72322 7.0075e+01      1.048 0.0000e+00
        348  61.658817    0.02410     1.4458     86.750  1025.0083  51342.496    31.3448      1.033    7.69532     2.5587     2.5587    25.0033   13.72326 7.0575e+01      1.043 0.0000e+00
        349  61.658819    0.02417     1.4500     87.000  1025.0084  51342.795    31.3450      1.033    7.69532     2.5589     2.5587    25.0035   13.72326 7.1426e+01      1.043 0.0000e+00
        350  61.658822    0.02424     1.4542     87.250  1025.0087  51343.169    31.3452      1.039    7.69529     2.5592     2.5588    25.0037   13.72320 7.2123e+01      1.049 0.0000e+00
        351  61.658825    0.02431     1.4583     87.500  1025.0089  51343.509    31.3455      1.048    7.69523     2.5596     2.5590    25.0039   13.72310 7.2042e+01      1.058 0.0000e+00
        352  61.658828    0.02438     1.4625     87.750  1025.0090  51343.423    31.3455      1.059    7.69516     2.5598     2.5593    25.0039   13.72300 7.1250e+01      1.069 0.0000e+00
        353  61.658831    0.02444     1.4667     88.000  1025.0089  51343.203    31.3455      1.065    7.69510     2.5600     2.5596    25.0038   13.72290 7.0194e+01      1.075 0.0000e+00
        354  61.658834    0.02451     1.4708     88.250  1025.0089  51343.020    31.3454      1.065    7.69506     2.5601     2.5599    25.0038   13.72283 6.9345e+01      1.075 0.0000e+00
        355  61.658837    0.02458     1.4750     88.500  1025.0088  51342.866    31.3454      1.058    7.69503     2.5602     2.5601    25.0037   13.72278 6.8873e+01      1.068 0.0000e+00
        356  61.658840    0.02465     1.4792     88.750  1025.0088  51342.926    31.3455      1.049    7.69501     2.5603     2.5602    25.0038   13.72274 6.8796e+01      1.060 0.0000e+00
        357  61.658843    0.02472     1.4833     89.000  1025.0089  51343.240    31.3457      1.044    7.69498     2.5605     2.5602    25.0040   13.72269 6.9006e+01      1.055 0.0000e+00
        358  61.658845    0.02479     1.4875     89.250  1025.0092  51343.678    31.3460      1.047    7.69494     2.5609     2.5604    25.0042   13.72262 6.9135e+01      1.057 0.0000e+00
        359  61.658848    0.02486     1.4917     89.500  1025.0095  51344.033    31.3463      1.057    7.69488     2.5613     2.5606    25.0044   13.72251 6.8988e+01      1.067 0.0000e+00
        360  61.658851    0.02493     1.4958     89.750  1025.0094  51343.816    31.3463      1.069    7.69481     2.5615     2.5609    25.0043   13.72241 6.8724e+01      1.079 0.0000e+00
        361  61.658854    0.02500     1.5000     90.000  1025.0090  51342.844    31.3457      1.078    7.69477     2.5615     2.5613    25.0039   13.72234 6.8710e+01      1.088 0.0000e+00
        362  61.658857    0.02507     1.5042     90.250  1025.0087  51342.121    31.3453      1.077    7.69475     2.5614     2.5616    25.0035   13.72232 6.9293e+01      1.088 0.0000e+00
        363  61.658860    0.02514     1.5083     90.500  1025.0087  51342.287    31.3454      1.067    7.69474     2.5614     2.5616    25.0036   13.72230 7.0270e+01      1.077 0.0000e+00
        364  61.658863    0.02521     1.5125     90.750  1025.0089  51342.766    31.3457      1.051    7.69473     2.5615     2.5615    25.0039   13.72229 7.0859e+01      1.061 0.0000e+00
        365  61.658866    0.02528     1.5167     91.000  1025.0090  51343.230    31.3460      1.036    7.69472     2.5617     2.5615    25.0041   13.72225 7.0920e+01      1.046 0.0000e+00
        366  61.658869    0.02535     1.5208     91.250  1025.0093  51343.690    31.3464      1.029    7.69468     2.5619     2.5616    25.0044   13.72219 7.1015e+01      1.038 0.0000e+00
        367  61.658872    0.02542     1.5250     91.500  1025.0093  51343.627    31.3464      1.033    7.69465     2.5618     2.5618    25.0044   13.72213 7.1054e+01      1.043 0.0000e+00
        368  61.658874    0.02549     1.5292     91.750  1025.0084  51341.791    31.3452      1.046    7.69467     2.5609     2.5620    25.0034   13.72218 7.0568e+01      1.056 0.0000e+00
        369  61.658877    0.02556     1.5333     92.000  1025.0064  51337.991    31.3426      1.062    7.69483     2.5593     2.5619    25.0014   13.72249 6.9742e+01      1.073 0.0000e+00
        370  61.658880    0.02562     1.5375     92.250  1025.0050  51335.447    31.3406      1.074    7.69511     2.5579     2.5609    24.9999   13.72298 6.9299e+01      1.085 0.0000e+00
        371  61.658883    0.02569     1.5417     92.500  1025.0056  51336.994    31.3413      1.078    7.69538     2.5573     2.5593    25.0005   13.72342 6.9554e+01      1.088 0.0000e+00
        372  61.658886    0.02576     1.5458     92.750  1025.0073  51340.530    31.3433      1.073    7.69554     2.5571     2.5580    25.0022   13.72366 7.0213e+01      1.084 0.0000e+00
        373  61.658889    0.02583     1.5500     93.000  1025.0081  51342.294    31.3443      1.063    7.69561     2.5566     2.5573    25.0031   13.72375 7.0937e+01      1.073 0.0000e+00
        374  61.658892    0.02590     1.5542     93.250  1025.0073  51340.973    31.3433      1.050    7.69569     2.5553     2.5571    25.0023   13.72391 7.1599e+01      1.060 0.0000e+00
        375  61.658895    0.02597     1.5583     93.500  1025.0054  51337.600    31.3409      1.038    7.69591     2.5529     2.5566    25.0004   13.72430 7.2245e+01      1.048 0.0000e+00
        376  61.658898    0.02604     1.5625     93.750  1025.0031  51333.696    31.3379      1.033    7.69633     2.5494     2.5553    24.9981   13.72503 7.2823e+01      1.042 0.0000e+00
        377  61.658900    0.02611     1.5667     94.000  1025.0006  51329.736    31.3346      1.037    7.69697     2.5449     2.5529    24.9957   13.72613 7.3033e+01      1.046 0.0000e+00
        378  61.658903    0.02618     1.5708     94.250  1024.9985  51326.576    31.3315      1.050    7.69781     2.5402     2.5494    24.9935   13.72756 7.2543e+01      1.060 0.0000e+00
        379  61.658906    0.02625     1.5750     94.500  1024.9977  51326.063    31.3299      1.069    7.69874     2.5360     2.5450    24.9926   13.72912 7.1537e+01      1.079 0.0000e+00
        380  61.658909    0.02632     1.5792     94.750  1024.9984  51328.589    31.3303      1.088    7.69963     2.5330     2.5403    24.9932   13.73057 7.0753e+01      1.098 0.0000e+00
        381  61.658912    0.02639     1.5833     95.000  1025.0004  51333.266    31.3323      1.099    7.70034     2.5314     2.5361    24.9951   13.73171 7.0727e+01      1.109 0.0000e+00
        382  61.658915    0.02646     1.5875     95.250  1025.0030  51338.903    31.3353      1.097    7.70077     2.5311     2.5331    24.9978   13.73238 7.1263e+01      1.107 0.0000e+00
        383  61.658918    0.02653     1.5917     95.500  1025.0054  51343.928    31.3382      1.081    7.70093     2.5316     2.5315    25.0003   13.73260 7.1930e+01      1.091 0.0000e+00
        384  61.658921    0.02660     1.5958     95.750  1025.0068  51346.840    31.3401      1.057    7.70088     2.5323     2.5312    25.0018   13.73250 7.2722e+01      1.067 0.0000e+00
        385  61.658924    0.02667     1.6000     96.000  1025.0069  51347.148    31.3405      1.036    7.70077     2.5325     2.5317    25.0020   13.73230 7.3520e+01      1.045 0.0000e+00
        386  61.658927    0.02674     1.6042     96.250  1025.0062  51345.738    31.3397      1.025    7.70068     2.5323     2.5323    25.0013   13.73218 7.3883e+01      1.035 0.0000e+00
        387  61.658929    0.02681     1.6083     96.500  1025.0054  51344.059    31.3387      1.029    7.70068     2.5318     2.5326    25.0005   13.73219 7.3664e+01      1.039 0.0000e+00
        388  61.658932    0.02688     1.6125     96.750  1025.0051  51343.396    31.3382      1.044    7.70075     2.5313     2.5324    25.0001   13.73231 7.3136e+01      1.054 0.0000e+00
        389  61.658935    0.02694     1.6167     97.000  1025.0052  51343.546    31.3381      1.063    7.70085     2.5307     2.5319    25.0001   13.73247 7.2713e+01      1.073 0.0000e+00
        390  61.658938    0.02701     1.6208     97.250  1025.0052  51343.588    31.3380      1.078    7.70096     2.5303     2.5314    25.0000   13.73266 7.2602e+01      1.088 0.0000e+00
        391  61.658941    0.02708     1.6250     97.500  1025.0052  51343.776    31.3380      1.084    7.70106     2.5300     2.5308    25.0001   13.73283 7.2858e+01      1.095 0.0000e+00
        392  61.658944    0.02715     1.6292     97.750  1025.0057  51344.810    31.3386      1.080    7.70112     2.5303     2.5303    25.0005   13.73293 7.3480e+01      1.090 0.0000e+00
        393  61.658947    0.02722     1.6333     98.000  1025.0067  51346.781    31.3398      1.067    7.70110     2.5312     2.5301    25.0016   13.73288 7.4181e+01      1.077 0.0000e+00
        394  61.658950    0.02729     1.6375     98.250  1025.0080  51349.368    31.3416      1.050    7.70096     2.5328     2.5303    25.0030   13.73262 7.4593e+01      1.060 0.0000e+00
        395  61.658953    0.02736     1.6417     98.500  1025.0098  51352.548    31.3440      1.036    7.70066     2.5353     2.5312    25.0049   13.73210 7.4760e+01      1.046 0.0000e+00
        396  61.658955    0.02743     1.6458     98.750  1025.0119  51356.161    31.3469      1.033    7.70020     2.5384     2.5328    25.0070   13.73129 7.4902e+01      1.043 0.0000e+00
        397  61.658958    0.02750     1.6500     99.000  1025.0132  51357.790    31.3487      1.041    7.69962     2.5409     2.5354    25.0083   13.73031 7.4938e+01      1.051 0.0000e+00
        398  61.658961    0.02757     1.6542     99.250  1025.0120  51354.703    31.3474      1.057    7.69910     2.5421     2.5384    25.0070   13.72947 7.4685e+01      1.067 0.0000e+00
        399  61.658964    0.02764     1.6583     99.500  1025.0095  51349.240    31.3444      1.072    7.69877     2.5425     2.5409    25.0044   13.72897 7.4017e+01      1.082 0.0000e+00
        400  61.658967    0.02771     1.6625     99.750  1025.0080  51345.878    31.3425      1.081    7.69863     2.5424     2.5422    25.0028   13.72875 7.3020e+01      1.091 0.0000e+00
        401  61.658970    0.02778     1.6667    100.000  1025.0076  51345.116    31.3421      1.082    7.69859     2.5423     2.5425    25.0024   13.72869 7.2168e+01      1.092 0.0000e+00
        402  61.658973    0.02785     1.6708    100.250  1025.0075  51344.953    31.3420      1.076    7.69860     2.5419     2.5425    25.0023   13.72871 7.1779e+01      1.085 0.0000e+00
        403  61.658976    0.02792     1.6750    100.500  1025.0069  51343.928    31.3412      1.066    7.69866     2.5409     2.5424    25.0018   13.72883 7.1841e+01      1.076 0.0000e+00
        404  61.658979    0.02799     1.6792    100.750  1025.0056  51341.731    31.3396      1.056    7.69882     2.5392     2.5420    25.0006   13.72912 7.2338e+01      1.065 0.0000e+00
        405  61.658981    0.02806     1.6833    101.000  1025.0037  51338.577    31.3373      1.048    7.69913     2.5365     2.5410    24.9988   13.72966 7.2945e+01      1.057 0.0000e+00
        406  61.658984    0.02813     1.6875    101.250  1025.0014  51334.843    31.3343      1.043    7.69963     2.5329     2.5393    24.9965   13.73052 7.3325e+01      1.052 0.0000e+00
        407  61.658987    0.02819     1.6917    101.500  1024.9994  51331.844    31.3315      1.042    7.70030     2.5291     2.5365    24.9945   13.73166 7.3623e+01      1.052 0.0000e+00
        408  61.658990    0.02826     1.6958    101.750  1024.9985  51331.097    31.3300      1.045    7.70106     2.5255     2.5330    24.9936   13.73293 7.3926e+01      1.055 0.0000e+00
        409  61.658993    0.02833     1.7000    102.000  1024.9988  51332.649    31.3300      1.052    7.70181     2.5226     2.5291    24.9938   13.73416 7.4085e+01      1.062 0.0000e+00
        410  61.658996    0.02840     1.7042    102.250  1025.0000  51335.632    31.3311      1.059    7.70245     2.5206     2.5256    24.9949   13.73521 7.4077e+01      1.069 0.0000e+00
        411  61.658999    0.02847     1.7083    102.500  1025.0015  51339.296    31.3327      1.064    7.70292     2.5195     2.5227    24.9965   13.73597 7.3996e+01      1.074 0.0000e+00
        412  61.659002    0.02854     1.7125    102.750  1025.0033  51343.056    31.3347      1.066    7.70321     2.5194     2.5207    24.9982   13.73641 7.3918e+01      1.077 0.0000e+00
        413  61.659005    0.02861     1.7167    103.000  1025.0050  51346.556    31.3368      1.066    7.70330     2.5202     2.5196    25.0000   13.73653 7.3907e+01      1.077 0.0000e+00
        414  61.659008    0.02868     1.7208    103.250  1025.0067  51349.605    31.3388      1.064    7.70320     2.5218     2.5195    25.0016   13.73635 7.3860e+01      1.075 0.0000e+00
        415  61.659010    0.02875     1.7250    103.500  1025.0083  51352.421    31.3409      1.062    7.70294     2.5242     2.5203    25.0032   13.73589 7.3664e+01      1.072 0.0000e+00
        416  61.659013    0.02882     1.7292    103.750  1025.0103  51355.708    31.3435      1.059    7.70251     2.5277     2.5218    25.0052   13.73514 7.3411e+01      1.069 0.0000e+00
        417  61.659016    0.02889     1.7333    104.000  1025.0131  51360.325    31.3473      1.057    7.70184     2.5331     2.5242    25.0080   13.73400 7.3194e+01      1.067 0.0000e+00
        418  61.659019    0.02896     1.7375    104.250  1025.0173  51367.359    31.3530      1.054    7.70085     2.5409     2.5277    25.0123   13.73229 7.3047e+01      1.064 0.0000e+00
        419  61.659022    0.02903     1.7417    104.500  1025.0231  51376.643    31.3607      1.052    7.69941     2.5508     2.5331    25.0181   13.72981 7.3012e+01      1.061 0.0000e+00
        420  61.659025    0.02910     1.7458    104.750  1025.0284  51384.506    31.3681      1.050    7.69752     2.5616     2.5409    25.0234   13.72659 7.3088e+01      1.060 0.0000e+00
        421  61.659028    0.02917     1.7500    105.000  1025.0309  51386.592    31.3723      1.051    7.69538     2.5715     2.5508    25.0259   13.72301 7.3209e+01      1.060 0.0000e+00
        422  61.659031    0.02924     1.7542    105.250  1025.0301  51382.222    31.3723      1.053    7.69331     2.5796     2.5616    25.0251   13.71959 7.3381e+01      1.062 0.0000e+00
        423  61.659034    0.02931     1.7583    105.500  1025.0272  51374.105    31.3695      1.056    7.69154     2.5855     2.5715    25.0222   13.71670 7.3558e+01      1.066 0.0000e+00
        424  61.659036    0.02937     1.7625    105.750  1025.0237  51365.494    31.3659      1.059    7.69017     2.5893     2.5796    25.0187   13.71450 7.3491e+01      1.069 0.0000e+00
        425  61.659039    0.02944     1.7667    106.000  1025.0204  51357.913    31.3624      1.063    7.68922     2.5914     2.5855    25.0154   13.71298 7.3270e+01      1.073 0.0000e+00
