CTD-processing/allCTD/CNV--homogene/2018_08-23_t9_s01_cast208.cnv
* Sea-Bird SBE19plus Data File:
* FileName = C:\Users\Kim.Powell\Desktop\Not Processed\2018\2018_08-23_AlongBay, T9_5028\2018_08-23_TRANSECT_STATION_cast208.hex
* Software Version 1.59
* Temperature SN =  5028
* Conductivity SN =  5028
* System UpLoad Time = Aug 31 2018 10:29:04
** 2018_08-23
** Station: 9-01
** Start Time: 14:14
** Depth (m): 55
** Comment: Turbid
** Comment:
# nquan = 17
# nvalues = 553                         
# units = specified
# name 0 = scan: Scan Count
# name 1 = timeJ: Julian Days
# name 2 = timeH: Time, Elapsed [hours]
# name 3 = timeM: Time, Elapsed [minutes]
# name 4 = timeS: Time, Elapsed [seconds]
# name 5 = density00: Density [density, kg/m^3]
# name 6 = specc: Specific Conductance [uS/cm]
# name 7 = sal00: Salinity, Practical [PSU]
# name 8 = depSM: Depth [salt water, m], lat = 59.00
# name 9 = oxsolML/L: Oxygen Saturation, Garcia & Gordon [ml/l]
# name 10 = potemp090C: Potential Temperature [ITS-90, deg C]
# name 11 = tv290C: Temperature [ITS-90, deg C]
# name 12 = sigma-é00: Density [sigma-theta, kg/m^3]
# name 13 = n2satML/L: Nitrogen Saturation [ml/l]
# name 14 = par: PAR/Irradiance, Biospherical/Licor
# name 15 = prdM: Pressure, Strain Gauge [db]
# name 16 = flag:  0.000e+00
# span 0 =          1,        553       
# span 1 = 235.593611, 235.595208       
# span 2 =    0.00000,    0.03833       
# span 3 =     0.0000,     2.3000       
# span 4 =      0.000,    138.000       
# span 5 =  1000.6950,  1024.0415       
# span 6 =   2796.399,  48797.961       
# span 7 =     1.5005,    31.0230       
# span 8 =     -0.116,     52.386       
# span 9 =    6.36444,    7.51327       
# span 10 =    10.2810,    11.9061      
# span 11 =    10.2869,    11.9062      
# span 12 =     0.6956,    23.8021      
# span 13 =   11.53709,   13.83482      
# span 14 = 6.3221e-02, 2.5437e+02      
# span 15 =     -0.117,     52.886      
# span 16 = 0.0000e+00, 0.0000e+00      
# interval = seconds: 0.25
# start_time = Aug 23 2018 14:14:48 [Instrument's time stamp, header]
# bad_flag = -9.990e-29
*END*
[from data line 256]
        257 235.594352    0.01778     1.0667     64.000  1018.9014  39992.684    25.0509      0.596    6.46117    11.8751    11.8685    18.8986   11.75927 1.6186e+02      0.602 0.0000e+00
        258 235.594355    0.01785     1.0708     64.250  1018.8828  39958.479    25.0275      0.606    6.46170    11.8790    11.8715    18.8800   11.76043 1.6168e+02      0.611 0.0000e+00
        259 235.594358    0.01792     1.0750     64.500  1018.8639  39923.853    25.0039      0.611    6.46216    11.8829    11.8751    18.8611   11.76148 1.6210e+02      0.616 0.0000e+00
        260 235.594361    0.01799     1.0792     64.750  1018.8447  39888.619    24.9799      0.611    6.46259    11.8867    11.8791    18.8419   11.76250 1.6310e+02      0.616 0.0000e+00
        261 235.594363    0.01806     1.0833     65.000  1018.8264  39855.223    24.9571      0.607    6.46297    11.8900    11.8830    18.8236   11.76340 1.6397e+02      0.612 0.0000e+00
        262 235.594366    0.01812     1.0875     65.250  1018.8115  39828.292    24.9388      0.599    6.46318    11.8925    11.8868    18.8088   11.76398 1.6449e+02      0.605 0.0000e+00
        263 235.594369    0.01819     1.0917     65.500  1018.8006  39808.663    24.9255      0.590    6.46327    11.8945    11.8901    18.7979   11.76429 1.6432e+02      0.595 0.0000e+00
        264 235.594372    0.01826     1.0958     65.750  1018.7914  39791.924    24.9142      0.579    6.46339    11.8963    11.8926    18.7887   11.76461 1.6364e+02      0.584 0.0000e+00
        265 235.594375    0.01833     1.1000     66.000  1018.7825  39775.805    24.9032      0.572    6.46356    11.8980    11.8946    18.7799   11.76503 1.6238e+02      0.577 0.0000e+00
        266 235.594378    0.01840     1.1042     66.250  1018.7742  39760.595    24.8929      0.572    6.46373    11.8998    11.8964    18.7716   11.76545 1.6059e+02      0.578 0.0000e+00
        267 235.594381    0.01847     1.1083     66.500  1018.7646  39742.997    24.8809      0.581    6.46399    11.9018    11.8981    18.7620   11.76602 1.5950e+02      0.587 0.0000e+00
        268 235.594384    0.01854     1.1125     66.750  1018.7544  39724.146    24.8680      0.595    6.46426    11.9035    11.8999    18.7517   11.76662 1.5937e+02      0.600 0.0000e+00
        269 235.594387    0.01861     1.1167     67.000  1018.7476  39711.719    24.8596      0.607    6.46433    11.9046    11.9018    18.7449   11.76684 1.6037e+02      0.613 0.0000e+00
        270 235.594389    0.01868     1.1208     67.250  1018.7450  39707.078    24.8565      0.613    6.46422    11.9053    11.9036    18.7422   11.76669 1.6248e+02      0.619 0.0000e+00
        271 235.594392    0.01875     1.1250     67.500  1018.7435  39704.461    24.8548      0.610    6.46413    11.9057    11.9047    18.7407   11.76657 1.6446e+02      0.615 0.0000e+00
        272 235.594395    0.01882     1.1292     67.750  1018.7415  39701.010    24.8525      0.599    6.46413    11.9059    11.9054    18.7388   11.76661 1.6610e+02      0.604 0.0000e+00
        273 235.594398    0.01889     1.1333     68.000  1018.7402  39698.746    24.8509      0.586    6.46414    11.9061    11.9058    18.7375   11.76664 1.6761e+02      0.591 0.0000e+00
        274 235.594401    0.01896     1.1375     68.250  1018.7403  39699.124    24.8512      0.576    6.46409    11.9060    11.9060    18.7377   11.76655 1.6833e+02      0.581 0.0000e+00
        275 235.594404    0.01903     1.1417     68.500  1018.7418  39701.956    24.8532      0.573    6.46399    11.9058    11.9062    18.7392   11.76636 1.6802e+02      0.578 0.0000e+00
        276 235.594407    0.01910     1.1458     68.750  1018.7444  39706.778    24.8565      0.578    6.46386    11.9054    11.9061    18.7417   11.76611 1.6740e+02      0.583 0.0000e+00
        277 235.594410    0.01917     1.1500     69.000  1018.7476  39712.583    24.8605      0.587    6.46373    11.9049    11.9059    18.7449   11.76585 1.6677e+02      0.592 0.0000e+00
        278 235.594413    0.01924     1.1542     69.250  1018.7506  39718.016    24.8642      0.595    6.46364    11.9045    11.9055    18.7478   11.76564 1.6608e+02      0.601 0.0000e+00
        279 235.594416    0.01931     1.1583     69.500  1018.7526  39721.718    24.8667      0.601    6.46360    11.9042    11.9050    18.7499   11.76555 1.6588e+02      0.606 0.0000e+00
        280 235.594418    0.01938     1.1625     69.750  1018.7534  39723.049    24.8676      0.601    6.46363    11.9041    11.9046    18.7506   11.76558 1.6550e+02      0.606 0.0000e+00
        281 235.594421    0.01944     1.1667     70.000  1018.7529  39722.086    24.8669      0.595    6.46369    11.9042    11.9043    18.7501   11.76570 1.6578e+02      0.600 0.0000e+00
        282 235.594424    0.01951     1.1708     70.250  1018.7514  39719.337    24.8650      0.584    6.46378    11.9044    11.9042    18.7487   11.76587 1.6722e+02      0.590 0.0000e+00
        283 235.594427    0.01958     1.1750     70.500  1018.7496  39716.067    24.8628      0.572    6.46386    11.9046    11.9043    18.7469   11.76602 1.6779e+02      0.578 0.0000e+00
        284 235.594430    0.01965     1.1792     70.750  1018.7484  39714.014    24.8614      0.563    6.46389    11.9047    11.9045    18.7458   11.76609 1.6735e+02      0.568 0.0000e+00
        285 235.594433    0.01972     1.1833     71.000  1018.7484  39714.024    24.8614      0.560    6.46386    11.9047    11.9047    18.7458   11.76604 1.6657e+02      0.565 0.0000e+00
        286 235.594436    0.01979     1.1875     71.250  1018.7492  39715.495    24.8624      0.563    6.46380    11.9047    11.9048    18.7466   11.76593 1.6618e+02      0.568 0.0000e+00
        287 235.594439    0.01986     1.1917     71.500  1018.7503  39717.516    24.8638      0.569    6.46374    11.9047    11.9048    18.7477   11.76581 1.6635e+02      0.575 0.0000e+00
        288 235.594442    0.01993     1.1958     71.750  1018.7513  39719.410    24.8651      0.576    6.46369    11.9046    11.9048    18.7487   11.76572 1.6675e+02      0.581 0.0000e+00
        289 235.594444    0.02000     1.2000     72.000  1018.7520  39720.724    24.8660      0.580    6.46367    11.9046    11.9047    18.7494   11.76567 1.6702e+02      0.585 0.0000e+00
        290 235.594447    0.02007     1.2042     72.250  1018.7523  39721.246    24.8664      0.582    6.46366    11.9046    11.9047    18.7497   11.76565 1.6694e+02      0.587 0.0000e+00
        291 235.594450    0.02014     1.2083     72.500  1018.7522  39721.079    24.8663      0.582    6.46367    11.9047    11.9046    18.7496   11.76567 1.6681e+02      0.587 0.0000e+00
        292 235.594453    0.02021     1.2125     72.750  1018.7520  39720.668    24.8660      0.581    6.46368    11.9047    11.9047    18.7494   11.76568 1.6683e+02      0.586 0.0000e+00
        293 235.594456    0.02028     1.2167     73.000  1018.7520  39720.600    24.8660      0.581    6.46367    11.9047    11.9047    18.7493   11.76567 1.6658e+02      0.586 0.0000e+00
        294 235.594459    0.02035     1.2208     73.250  1018.7525  39721.571    24.8666      0.582    6.46364    11.9045    11.9048    18.7498   11.76561 1.6620e+02      0.588 0.0000e+00
        295 235.594462    0.02042     1.2250     73.500  1018.7541  39724.547    24.8687      0.585    6.46356    11.9042    11.9048    18.7514   11.76545 1.6676e+02      0.591 0.0000e+00
        296 235.594465    0.02049     1.2292     73.750  1018.7576  39730.841    24.8730      0.590    6.46340    11.9034    11.9046    18.7548   11.76513 1.6719e+02      0.596 0.0000e+00
        297 235.594468    0.02056     1.2333     74.000  1018.7637  39742.188    24.8809      0.597    6.46313    11.9021    11.9043    18.7610   11.76459 1.6638e+02      0.603 0.0000e+00
        298 235.594470    0.02063     1.2375     74.250  1018.7744  39761.855    24.8945      0.607    6.46268    11.8996    11.9035    18.7716   11.76368 1.6471e+02      0.613 0.0000e+00
        299 235.594473    0.02069     1.2417     74.500  1018.7931  39796.300    24.9183      0.624    6.46191    11.8952    11.9022    18.7903   11.76210 1.6220e+02      0.630 0.0000e+00
        300 235.594476    0.02076     1.2458     74.750  1018.8255  39855.813    24.9593      0.653    6.46059    11.8876    11.8997    18.8225   11.75941 1.5757e+02      0.659 0.0000e+00
        301 235.594479    0.02083     1.2500     75.000  1018.8800  39955.999    25.0284      0.702    6.45839    11.8750    11.8953    18.8768   11.75492 1.4958e+02      0.709 0.0000e+00
        302 235.594482    0.02090     1.2542     75.250  1018.9706  40122.481    25.1433      0.784    6.45477    11.8541    11.8877    18.9670   11.74752 1.3835e+02      0.791 0.0000e+00
        303 235.594485    0.02097     1.2583     75.500  1019.1199  40396.845    25.3325      0.906    6.44883    11.8202    11.8751    19.1158   11.73537 1.2497e+02      0.914 0.0000e+00
        304 235.594488    0.02104     1.2625     75.750  1019.3602  40838.640    25.6373      1.062    6.43935    11.7696    11.8542    19.3554   11.71594 1.1117e+02      1.072 0.0000e+00
        305 235.594491    0.02111     1.2667     76.000  1019.7004  41462.924    26.0679      1.244    6.42656    11.7026    11.8204    19.6947   11.68948 9.8182e+01      1.256 0.0000e+00
        306 235.594494    0.02118     1.2708     76.250  1020.0989  42191.172    26.5699      1.442    6.41320    11.6217    11.7698    20.0923   11.66124 8.6387e+01      1.456 0.0000e+00
        307 235.594497    0.02125     1.2750     76.500  1020.5239  42963.776    27.1022      1.649    6.40088    11.5254    11.7028    20.5163   11.63437 7.5764e+01      1.664 0.0000e+00
        308 235.594499    0.02132     1.2792     76.750  1020.9964  43819.790    27.6925      1.861    6.38813    11.4115    11.6220    20.9879   11.60613 6.6233e+01      1.878 0.0000e+00
        309 235.594502    0.02139     1.2833     77.000  1021.5162  44758.504    28.3401      2.074    6.37519    11.2895    11.5256    21.5067   11.57692 5.7774e+01      2.094 0.0000e+00
        310 235.594505    0.02146     1.2875     77.250  1022.0045  45635.079    28.9431      2.286    6.36643    11.1779    11.4118    21.9941   11.55521 5.0439e+01      2.308 0.0000e+00
        311 235.594508    0.02153     1.2917     77.500  1022.3857  46312.553    29.4060      2.497    6.36444    11.0888    11.2898    22.3744   11.54638 4.4289e+01      2.521 0.0000e+00
        312 235.594511    0.02160     1.2958     77.750  1022.6566  46788.883    29.7289      2.708    6.36667    11.0233    11.1782    22.6442   11.54624 3.9308e+01      2.734 0.0000e+00
        313 235.594514    0.02167     1.3000     78.000  1022.8456  47118.877    29.9514      2.919    6.36987    10.9774    11.0891    22.8323   11.54891 3.5309e+01      2.947 0.0000e+00
        314 235.594517    0.02174     1.3042     78.250  1022.9767  47346.668    30.1045      3.129    6.37265    10.9459    11.0237    22.9625   11.55169 3.2044e+01      3.159 0.0000e+00
        315 235.594520    0.02181     1.3083     78.500  1023.0690  47506.317    30.2119      3.341    6.37460    10.9244    10.9778    23.0538   11.55366 2.9337e+01      3.373 0.0000e+00
        316 235.594523    0.02187     1.3125     78.750  1023.1351  47620.562    30.2888      3.555    6.37581    10.9097    10.9463    23.1189   11.55474 2.7060e+01      3.588 0.0000e+00
        317 235.594525    0.02194     1.3167     79.000  1023.1825  47701.971    30.3438      3.769    6.37653    10.8996    10.9248    23.1653   11.55529 2.5117e+01      3.805 0.0000e+00
        318 235.594528    0.02201     1.3208     79.250  1023.2168  47760.619    30.3834      3.984    6.37694    10.8926    10.9101    23.1986   11.55550 2.3435e+01      4.022 0.0000e+00
        319 235.594531    0.02208     1.3250     79.500  1023.2436  47806.342    30.4145      4.200    6.37707    10.8878    10.9001    23.2245   11.55534 2.1949e+01      4.239 0.0000e+00
        320 235.594534    0.02215     1.3292     79.750  1023.2669  47846.149    30.4417      4.414    6.37691    10.8843    10.8932    23.2468   11.55475 2.0612e+01      4.455 0.0000e+00
        321 235.594537    0.02222     1.3333     80.000  1023.2893  47884.420    30.4681      4.628    6.37650    10.8814    10.8884    23.2682   11.55375 1.9391e+01      4.672 0.0000e+00
        322 235.594540    0.02229     1.3375     80.250  1023.3130  47925.384    30.4965      4.843    6.37583    10.8785    10.8849    23.2909   11.55231 1.8271e+01      4.888 0.0000e+00
        323 235.594543    0.02236     1.3417     80.500  1023.3406  47973.672    30.5302      5.057    6.37486    10.8754    10.8820    23.3176   11.55031 1.7246e+01      5.105 0.0000e+00
        324 235.594546    0.02243     1.3458     80.750  1023.3737  48031.780    30.5708      5.270    6.37360    10.8719    10.8791    23.3496   11.54774 1.6311e+01      5.319 0.0000e+00
        325 235.594549    0.02250     1.3500     81.000  1023.4107  48097.155    30.6166      5.479    6.37217    10.8680    10.8761    23.3857   11.54482 1.5466e+01      5.531 0.0000e+00
        326 235.594552    0.02257     1.3542     81.250  1023.4473  48161.588    30.6616      5.686    6.37082    10.8637    10.8726    23.4214   11.54206 1.4710e+01      5.740 0.0000e+00
        327 235.594554    0.02264     1.3583     81.500  1023.4795  48218.149    30.7010      5.891    6.36976    10.8591    10.8687    23.4527   11.53983 1.4033e+01      5.947 0.0000e+00
        328 235.594557    0.02271     1.3625     81.750  1023.5065  48264.925    30.7335      6.097    6.36903    10.8539    10.8644    23.4787   11.53823 1.3420e+01      6.155 0.0000e+00
        329 235.594560    0.02278     1.3667     82.000  1023.5276  48301.013    30.7584      6.308    6.36866    10.8483    10.8598    23.4989   11.53733 1.2854e+01      6.367 0.0000e+00
        330 235.594563    0.02285     1.3708     82.250  1023.5433  48327.115    30.7762      6.524    6.36864    10.8423    10.8546    23.5136   11.53709 1.2328e+01      6.586 0.0000e+00
        331 235.594566    0.02292     1.3750     82.500  1023.5551  48346.079    30.7888      6.744    6.36890    10.8357    10.8491    23.5244   11.53736 1.1837e+01      6.808 0.0000e+00
        332 235.594569    0.02299     1.3792     82.750  1023.5645  48360.421    30.7982      6.966    6.36934    10.8281    10.8431    23.5327   11.53799 1.1381e+01      7.032 0.0000e+00
        333 235.594572    0.02306     1.3833     83.000  1023.5722  48371.829    30.8054      7.186    6.36995    10.8191    10.8365    23.5395   11.53891 1.0957e+01      7.254 0.0000e+00
        334 235.594575    0.02313     1.3875     83.250  1023.5792  48381.662    30.8114      7.401    6.37075    10.8088    10.8289    23.5454   11.54017 1.0564e+01      7.471 0.0000e+00
        335 235.594578    0.02319     1.3917     83.500  1023.5860  48391.212    30.8170      7.610    6.37176    10.7977    10.8200    23.5513   11.54177 1.0200e+01      7.682 0.0000e+00
        336 235.594580    0.02326     1.3958     83.750  1023.5932  48401.127    30.8228      7.814    6.37293    10.7860    10.8097    23.5576   11.54366 9.8595e+00      7.888 0.0000e+00
        337 235.594583    0.02333     1.4000     84.000  1023.6004  48411.083    30.8285      8.015    6.37423    10.7735    10.7986    23.5639   11.54573 9.5378e+00      8.091 0.0000e+00
        338 235.594586    0.02340     1.4042     84.250  1023.6076  48420.821    30.8340      8.217    6.37561    10.7595    10.7870    23.5701   11.54796 9.2296e+00      8.295 0.0000e+00
        339 235.594589    0.02347     1.4083     84.500  1023.6149  48430.651    30.8394      8.422    6.37711    10.7431    10.7745    23.5765   11.55039 8.9316e+00      8.502 0.0000e+00
        340 235.594592    0.02354     1.4125     84.750  1023.6226  48441.059    30.8451      8.630    6.37881    10.7237    10.7605    23.5833   11.55313 8.6412e+00      8.712 0.0000e+00
