CTD-processing/allCTD/CNV--homogene/2018_09-17_t7_s22_cast035.cnv
* Sea-Bird SBE19plus Data File:
* FileName = C:\Users\Kim.Powell\Desktop\Not Processed\2018\2018_09-17_AlongBay, T6, T7_5028\2018_09-17_TRANSECT_STATION_cast035.hex
* Software Version 1.59
* Temperature SN =  5028
* Conductivity SN =  5028
* System UpLoad Time = Sep 18 2018 16:13:05
** 2018_09-17
** Station: 7-22
** Start Time: 13:25
** Depth (m): 84
** Comment: 2 puffins eating fish
** Comment:
# nquan = 17
# nvalues = 840                         
# units = specified
# name 0 = scan: Scan Count
# name 1 = timeJ: Julian Days
# name 2 = timeH: Time, Elapsed [hours]
# name 3 = timeM: Time, Elapsed [minutes]
# name 4 = timeS: Time, Elapsed [seconds]
# name 5 = density00: Density [density, kg/m^3]
# name 6 = specc: Specific Conductance [uS/cm]
# name 7 = sal00: Salinity, Practical [PSU]
# name 8 = depSM: Depth [salt water, m], lat = 59.00
# name 9 = oxsolML/L: Oxygen Saturation, Garcia & Gordon [ml/l]
# name 10 = potemp090C: Potential Temperature [ITS-90, deg C]
# name 11 = tv290C: Temperature [ITS-90, deg C]
# name 12 = sigma-é00: Density [sigma-theta, kg/m^3]
# name 13 = n2satML/L: Nitrogen Saturation [ml/l]
# name 14 = par: PAR/Irradiance, Biospherical/Licor
# name 15 = prdM: Pressure, Strain Gauge [db]
# name 16 = flag:  0.000e+00
# span 0 =          1,        840       
# span 1 = 260.559861, 260.562289       
# span 2 =    0.00000,    0.05826       
# span 3 =     0.0000,     3.4958       
# span 4 =      0.000,    209.750       
# span 5 =  1007.5500,  1024.9139       
# span 6 =  16623.966,  50013.125       
# span 7 =    10.2559,    31.5960       
# span 8 =      0.075,     77.539       
# span 9 =    6.34806,    7.23034       
# span 10 =     8.3123,    11.4877      
# span 11 =     8.3199,    11.4877      
# span 12 =     7.5497,    24.5566      
# span 13 =   11.52222,   13.24590      
# span 14 = 8.3233e-02, 3.6257e+02      
# span 15 =      0.075,     78.285      
# span 16 = 0.0000e+00, 0.0000e+00      
# interval = seconds: 0.25
# start_time = Sep 17 2018 13:26:12 [Instrument's time stamp, header]
# bad_flag = -9.990e-29
*END*
[from data line 341]
        342 260.560848    0.02368     1.4208     85.250  1022.2556  46104.210    29.2647      0.573    6.36122    11.3554    11.3547    22.2530   11.54267 2.2602e+02      0.579 0.0000e+00
        343 260.560851    0.02375     1.4250     85.500  1022.2555  46104.054    29.2646      0.573    6.36119    11.3562    11.3550    22.2529   11.54262 2.2638e+02      0.579 0.0000e+00
        344 260.560854    0.02382     1.4292     85.750  1022.2551  46103.500    29.2643      0.571    6.36114    11.3574    11.3555    22.2525   11.54254 2.2653e+02      0.577 0.0000e+00
        345 260.560856    0.02389     1.4333     86.000  1022.2545  46102.575    29.2637      0.569    6.36105    11.3587    11.3563    22.2519   11.54240 2.2700e+02      0.574 0.0000e+00
        346 260.560859    0.02396     1.4375     86.250  1022.2537  46101.290    29.2630      0.567    6.36092    11.3597    11.3575    22.2511   11.54219 2.2783e+02      0.572 0.0000e+00
        347 260.560862    0.02403     1.4417     86.500  1022.2527  46099.712    29.2620      0.567    6.36077    11.3596    11.3588    22.2501   11.54196 2.2850e+02      0.572 0.0000e+00
        348 260.560865    0.02410     1.4458     86.750  1022.2519  46098.429    29.2612      0.569    6.36067    11.3582    11.3598    22.2493   11.54181 2.2859e+02      0.575 0.0000e+00
        349 260.560868    0.02417     1.4500     87.000  1022.2519  46098.255    29.2610      0.574    6.36069    11.3560    11.3597    22.2492   11.54184 2.2837e+02      0.580 0.0000e+00
        350 260.560871    0.02424     1.4542     87.250  1022.2528  46099.595    29.2618      0.579    6.36085    11.3538    11.3583    22.2501   11.54208 2.2823e+02      0.585 0.0000e+00
        351 260.560874    0.02431     1.4583     87.500  1022.2543  46102.054    29.2633      0.582    6.36108    11.3525    11.3561    22.2516   11.54246 2.2841e+02      0.588 0.0000e+00
        352 260.560877    0.02438     1.4625     87.750  1022.2559  46104.639    29.2649      0.582    6.36132    11.3523    11.3539    22.2532   11.54283 2.2902e+02      0.588 0.0000e+00
        353 260.560880    0.02444     1.4667     88.000  1022.2570  46106.417    29.2661      0.580    6.36146    11.3533    11.3526    22.2543   11.54306 2.3027e+02      0.586 0.0000e+00
        354 260.560883    0.02451     1.4708     88.250  1022.2573  46106.882    29.2664      0.578    6.36147    11.3547    11.3524    22.2546   11.54306 2.3219e+02      0.584 0.0000e+00
        355 260.560885    0.02458     1.4750     88.500  1022.2567  46106.055    29.2659      0.577    6.36136    11.3556    11.3534    22.2541   11.54289 2.3205e+02      0.582 0.0000e+00
        356 260.560888    0.02465     1.4792     88.750  1022.2558  46104.507    29.2650      0.577    6.36121    11.3552    11.3548    22.2531   11.54265 2.2848e+02      0.583 0.0000e+00
        357 260.560891    0.02472     1.4833     89.000  1022.2550  46103.330    29.2642      0.578    6.36111    11.3536    11.3557    22.2524   11.54250 2.2563e+02      0.583 0.0000e+00
        358 260.560894    0.02479     1.4875     89.250  1022.2552  46103.613    29.2644      0.578    6.36115    11.3513    11.3553    22.2526   11.54256 2.2464e+02      0.584 0.0000e+00
        359 260.560897    0.02486     1.4917     89.500  1022.2564  46105.543    29.2656      0.578    6.36133    11.3493    11.3536    22.2538   11.54285 2.2359e+02      0.583 0.0000e+00
        360 260.560900    0.02493     1.4958     89.750  1022.2582  46108.372    29.2673      0.576    6.36157    11.3479    11.3514    22.2555   11.54322 2.2357e+02      0.582 0.0000e+00
        361 260.560903    0.02500     1.5000     90.000  1022.2598  46111.085    29.2690      0.575    6.36178    11.3473    11.3494    22.2572   11.54354 2.2398e+02      0.581 0.0000e+00
        362 260.560906    0.02507     1.5042     90.250  1022.2609  46112.920    29.2702      0.575    6.36192    11.3470    11.3480    22.2583   11.54376 2.2398e+02      0.580 0.0000e+00
        363 260.560909    0.02514     1.5083     90.500  1022.2614  46113.715    29.2707      0.575    6.36198    11.3467    11.3474    22.2588   11.54387 2.2477e+02      0.581 0.0000e+00
        364 260.560911    0.02521     1.5125     90.750  1022.2616  46113.944    29.2708      0.576    6.36201    11.3460    11.3471    22.2590   11.54391 2.2554e+02      0.582 0.0000e+00
        365 260.560914    0.02528     1.5167     91.000  1022.2618  46114.249    29.2710      0.578    6.36205    11.3453    11.3468    22.2592   11.54398 2.2550e+02      0.583 0.0000e+00
        366 260.560917    0.02535     1.5208     91.250  1022.2622  46114.934    29.2714      0.578    6.36213    11.3450    11.3461    22.2596   11.54409 2.2519e+02      0.584 0.0000e+00
        367 260.560920    0.02542     1.5250     91.500  1022.2628  46115.793    29.2719      0.577    6.36220    11.3455    11.3454    22.2602   11.54421 2.2592e+02      0.582 0.0000e+00
        368 260.560923    0.02549     1.5292     91.750  1022.2631  46116.312    29.2723      0.574    6.36223    11.3470    11.3451    22.2605   11.54426 2.2904e+02      0.579 0.0000e+00
        369 260.560926    0.02556     1.5333     92.000  1022.2628  46115.974    29.2721      0.569    6.36217    11.3491    11.3456    22.2602   11.54416 2.3265e+02      0.574 0.0000e+00
        370 260.560929    0.02562     1.5375     92.250  1022.2618  46114.439    29.2712      0.565    6.36201    11.3513    11.3471    22.2593   11.54390 2.3410e+02      0.570 0.0000e+00
        371 260.560932    0.02569     1.5417     92.500  1022.2602  46111.918    29.2696      0.562    6.36178    11.3528    11.3492    22.2577   11.54354 2.3393e+02      0.568 0.0000e+00
        372 260.560935    0.02576     1.5458     92.750  1022.2585  46109.174    29.2679      0.563    6.36156    11.3536    11.3513    22.2560   11.54319 2.3300e+02      0.568 0.0000e+00
        373 260.560938    0.02583     1.5500     93.000  1022.2572  46106.940    29.2665      0.566    6.36140    11.3537    11.3529    22.2546   11.54295 2.3125e+02      0.571 0.0000e+00
        374 260.560940    0.02590     1.5542     93.250  1022.2564  46105.664    29.2657      0.570    6.36133    11.3534    11.3537    22.2538   11.54284 2.3010e+02      0.575 0.0000e+00
        375 260.560943    0.02597     1.5583     93.500  1022.2562  46105.345    29.2654      0.572    6.36133    11.3535    11.3537    22.2536   11.54284 2.3053e+02      0.577 0.0000e+00
        376 260.560946    0.02604     1.5625     93.750  1022.2564  46105.529    29.2655      0.572    6.36135    11.3540    11.3535    22.2538   11.54288 2.3150e+02      0.577 0.0000e+00
        377 260.560949    0.02611     1.5667     94.000  1022.2564  46105.662    29.2656      0.569    6.36135    11.3550    11.3536    22.2538   11.54286 2.3306e+02      0.574 0.0000e+00
        378 260.560952    0.02618     1.5708     94.250  1022.2562  46105.300    29.2654      0.565    6.36128    11.3560    11.3541    22.2536   11.54275 2.3453e+02      0.570 0.0000e+00
        379 260.560955    0.02625     1.5750     94.500  1022.2555  46104.307    29.2648      0.562    6.36117    11.3567    11.3551    22.2530   11.54258 2.3343e+02      0.567 0.0000e+00
        380 260.560958    0.02632     1.5792     94.750  1022.2547  46103.051    29.2641      0.560    6.36106    11.3568    11.3561    22.2522   11.54241 2.3085e+02      0.565 0.0000e+00
        381 260.560961    0.02639     1.5833     95.000  1022.2542  46102.185    29.2635      0.559    6.36099    11.3563    11.3568    22.2516   11.54231 2.2984e+02      0.564 0.0000e+00
        382 260.560964    0.02646     1.5875     95.250  1022.2541  46102.057    29.2634      0.560    6.36099    11.3554    11.3568    22.2516   11.54230 2.3000e+02      0.565 0.0000e+00
        383 260.560966    0.02653     1.5917     95.500  1022.2545  46102.572    29.2637      0.562    6.36104    11.3542    11.3563    22.2519   11.54239 2.3044e+02      0.567 0.0000e+00
        384 260.560969    0.02660     1.5958     95.750  1022.2551  46103.573    29.2643      0.563    6.36114    11.3529    11.3554    22.2525   11.54254 2.3146e+02      0.568 0.0000e+00
        385 260.560972    0.02667     1.6000     96.000  1022.2560  46104.966    29.2652      0.563    6.36127    11.3518    11.3542    22.2534   11.54275 2.3297e+02      0.568 0.0000e+00
        386 260.560975    0.02674     1.6042     96.250  1022.2570  46106.538    29.2662      0.561    6.36141    11.3511    11.3529    22.2544   11.54297 2.3463e+02      0.567 0.0000e+00
        387 260.560978    0.02681     1.6083     96.500  1022.2577  46107.782    29.2669      0.558    6.36153    11.3508    11.3518    22.2552   11.54316 2.3613e+02      0.563 0.0000e+00
        388 260.560981    0.02688     1.6125     96.750  1022.2581  46108.362    29.2673      0.554    6.36160    11.3506    11.3512    22.2556   11.54327 2.3744e+02      0.559 0.0000e+00
        389 260.560984    0.02694     1.6167     97.000  1022.2582  46108.567    29.2674      0.551    6.36164    11.3503    11.3509    22.2557   11.54333 2.3819e+02      0.556 0.0000e+00
        390 260.560987    0.02701     1.6208     97.250  1022.2583  46108.774    29.2676      0.550    6.36167    11.3499    11.3506    22.2558   11.54337 2.3723e+02      0.556 0.0000e+00
        391 260.560990    0.02708     1.6250     97.500  1022.2585  46109.071    29.2677      0.553    6.36170    11.3490    11.3504    22.2560   11.54342 2.3480e+02      0.558 0.0000e+00
        392 260.560992    0.02715     1.6292     97.750  1022.2589  46109.557    29.2680      0.558    6.36174    11.3475    11.3500    22.2563   11.54350 2.3220e+02      0.563 0.0000e+00
        393 260.560995    0.02722     1.6333     98.000  1022.2595  46110.546    29.2686      0.565    6.36183    11.3453    11.3491    22.2569   11.54363 2.2961e+02      0.570 0.0000e+00
        394 260.560998    0.02729     1.6375     98.250  1022.2607  46112.477    29.2698      0.572    6.36199    11.3426    11.3476    22.2581   11.54389 2.2772e+02      0.577 0.0000e+00
        395 260.561001    0.02736     1.6417     98.500  1022.2626  46115.406    29.2716      0.576    6.36223    11.3399    11.3453    22.2600   11.54426 2.2717e+02      0.581 0.0000e+00
        396 260.561004    0.02743     1.6458     98.750  1022.2647  46118.834    29.2738      0.576    6.36251    11.3378    11.3426    22.2621   11.54470 2.2843e+02      0.582 0.0000e+00
        397 260.561007    0.02750     1.6500     99.000  1022.2667  46122.140    29.2758      0.572    6.36279    11.3367    11.3400    22.2642   11.54514 2.3132e+02      0.578 0.0000e+00
        398 260.561010    0.02757     1.6542     99.250  1022.2683  46124.734    29.2775      0.566    6.36300    11.3363    11.3379    22.2658   11.54548 2.3352e+02      0.571 0.0000e+00
        399 260.561013    0.02764     1.6583     99.500  1022.2692  46126.263    29.2784      0.560    6.36312    11.3359    11.3368    22.2667   11.54565 2.3410e+02      0.565 0.0000e+00
        400 260.561016    0.02771     1.6625     99.750  1022.2697  46127.034    29.2789      0.557    6.36316    11.3352    11.3364    22.2672   11.54572 2.3386e+02      0.563 0.0000e+00
        401 260.561019    0.02778     1.6667    100.000  1022.2701  46127.641    29.2793      0.558    6.36319    11.3341    11.3360    22.2675   11.54577 2.3427e+02      0.564 0.0000e+00
        402 260.561021    0.02785     1.6708    100.250  1022.2706  46128.529    29.2799      0.562    6.36326    11.3327    11.3353    22.2681   11.54587 2.3482e+02      0.568 0.0000e+00
        403 260.561024    0.02792     1.6750    100.500  1022.2715  46129.989    29.2808      0.566    6.36338    11.3314    11.3342    22.2690   11.54605 2.3259e+02      0.572 0.0000e+00
        404 260.561027    0.02799     1.6792    100.750  1022.2727  46131.857    29.2820      0.570    6.36352    11.3306    11.3328    22.2701   11.54628 2.2885e+02      0.575 0.0000e+00
        405 260.561030    0.02806     1.6833    101.000  1022.2738  46133.566    29.2830      0.571    6.36365    11.3305    11.3315    22.2712   11.54649 2.2699e+02      0.576 0.0000e+00
        406 260.561033    0.02813     1.6875    101.250  1022.2744  46134.569    29.2837      0.569    6.36374    11.3310    11.3307    22.2718   11.54662 2.2758e+02      0.575 0.0000e+00
        407 260.561036    0.02819     1.6917    101.500  1022.2744  46134.612    29.2837      0.566    6.36376    11.3321    11.3306    22.2718   11.54665 2.2967e+02      0.571 0.0000e+00
        408 260.561039    0.02826     1.6958    101.750  1022.2739  46133.776    29.2832      0.562    6.36370    11.3335    11.3311    22.2713   11.54657 2.3256e+02      0.567 0.0000e+00
        409 260.561042    0.02833     1.7000    102.000  1022.2730  46132.307    29.2822      0.559    6.36359    11.3344    11.3322    22.2704   11.54639 2.3551e+02      0.565 0.0000e+00
        410 260.561045    0.02840     1.7042    102.250  1022.2720  46130.679    29.2812      0.559    6.36345    11.3347    11.3336    22.2694   11.54617 2.3627e+02      0.564 0.0000e+00
        411 260.561047    0.02847     1.7083    102.500  1022.2713  46129.562    29.2805      0.561    6.36335    11.3345    11.3345    22.2687   11.54601 2.3343e+02      0.567 0.0000e+00
        412 260.561050    0.02854     1.7125    102.750  1022.2711  46129.257    29.2804      0.566    6.36332    11.3342    11.3348    22.2685   11.54597 2.2923e+02      0.571 0.0000e+00
        413 260.561053    0.02861     1.7167    103.000  1022.2713  46129.508    29.2805      0.571    6.36334    11.3340    11.3346    22.2687   11.54600 2.2578e+02      0.576 0.0000e+00
        414 260.561056    0.02868     1.7208    103.250  1022.2715  46129.905    29.2808      0.576    6.36337    11.3341    11.3343    22.2689   11.54605 2.2293e+02      0.581 0.0000e+00
        415 260.561059    0.02875     1.7250    103.500  1022.2717  46130.146    29.2809      0.580    6.36339    11.3343    11.3341    22.2690   11.54607 2.2181e+02      0.585 0.0000e+00
        416 260.561062    0.02882     1.7292    103.750  1022.2717  46130.069    29.2809      0.583    6.36339    11.3348    11.3341    22.2690   11.54607 2.2298e+02      0.588 0.0000e+00
        417 260.561065    0.02889     1.7333    104.000  1022.2714  46129.665    29.2806      0.585    6.36336    11.3355    11.3344    22.2687   11.54604 2.2467e+02      0.590 0.0000e+00
        418 260.561068    0.02896     1.7375    104.250  1022.2710  46128.948    29.2801      0.585    6.36332    11.3363    11.3348    22.2683   11.54597 2.2518e+02      0.591 0.0000e+00
        419 260.561071    0.02903     1.7417    104.500  1022.2704  46127.915    29.2795      0.585    6.36325    11.3372    11.3355    22.2677   11.54586 2.2392e+02      0.590 0.0000e+00
        420 260.561073    0.02910     1.7458    104.750  1022.2696  46126.715    29.2787      0.583    6.36316    11.3380    11.3364    22.2669   11.54572 2.2209e+02      0.589 0.0000e+00
        421 260.561076    0.02917     1.7500    105.000  1022.2689  46125.594    29.2780      0.581    6.36307    11.3387    11.3373    22.2662   11.54557 2.2167e+02      0.587 0.0000e+00
        422 260.561079    0.02924     1.7542    105.250  1022.2683  46124.659    29.2774      0.578    6.36298    11.3395    11.3381    22.2656   11.54544 2.2320e+02      0.584 0.0000e+00
        423 260.561082    0.02931     1.7583    105.500  1022.2678  46123.795    29.2769      0.575    6.36291    11.3404    11.3388    22.2651   11.54533 2.2502e+02      0.580 0.0000e+00
        424 260.561085    0.02937     1.7625    105.750  1022.2672  46122.822    29.2763      0.571    6.36283    11.3416    11.3395    22.2645   11.54520 2.2586e+02      0.577 0.0000e+00
        425 260.561088    0.02944     1.7667    106.000  1022.2664  46121.680    29.2756      0.568    6.36273    11.3429    11.3405    22.2638   11.54504 2.2633e+02      0.573 0.0000e+00
