CTD-processing/allCTD/CNV--homogene/2018_04-23_alongbay_skb03_cast071.cnv
* Sea-Bird SBE19plus Data File:
* FileName = C:\Users\Kim.Powell\Desktop\Not Processed\2018\2018_04-23_AlongBay, T4, T9_5028\2018_04-23_TRANSECT_STATION_cast071.hex
* Software Version 1.59
* Temperature SN =  5028
* Conductivity SN =  5028
* System UpLoad Time = Apr 24 2018 10:04:24
** 2018_04-24
** Station: KB03
** Start Time: 16:15
** Depth (m): 107
** Comment:
** Comment:
# nquan = 17
# nvalues = 749                         
# units = specified
# name 0 = scan: Scan Count
# name 1 = timeJ: Julian Days
# name 2 = timeH: Time, Elapsed [hours]
# name 3 = timeM: Time, Elapsed [minutes]
# name 4 = timeS: Time, Elapsed [seconds]
# name 5 = density00: Density [density, kg/m^3]
# name 6 = specc: Specific Conductance [uS/cm]
# name 7 = sal00: Salinity, Practical [PSU]
# name 8 = depSM: Depth [salt water, m], lat = 59.00
# name 9 = oxsolML/L: Oxygen Saturation, Garcia & Gordon [ml/l]
# name 10 = potemp090C: Potential Temperature [ITS-90, deg C]
# name 11 = tv290C: Temperature [ITS-90, deg C]
# name 12 = sigma-é00: Density [sigma-theta, kg/m^3]
# name 13 = n2satML/L: Nitrogen Saturation [ml/l]
# name 14 = par: PAR/Irradiance, Biospherical/Licor
# name 15 = prdM: Pressure, Strain Gauge [db]
# name 16 = flag:  0.000e+00
# span 0 =          1,        749       
# span 1 = 113.676782, 113.678947       
# span 2 =    0.00000,    0.05194       
# span 3 =     0.0000,     3.1167       
# span 4 =      0.000,    187.000       
# span 5 =  1001.0413,  1025.6709       
# span 6 =   2678.939,  51360.241       
# span 7 =     1.3492,    31.7955       
# span 8 =     -0.189,    103.026       
# span 9 =    7.19837,    8.81454       
# span 10 =     4.5012,     5.1847      
# span 11 =     4.5083,     5.1847      
# span 12 =     1.0422,    25.1869      
# span 13 =   12.89735,   16.02922      
# span 14 = 3.7976e-02, 2.6016e+02      
# span 15 =     -0.190,    104.024      
# span 16 = 0.0000e+00, 0.0000e+00      
# interval = seconds: 0.25
# start_time = Apr 23 2018 16:14:34 [Instrument's time stamp, header]
# bad_flag = -9.990e-29
*END*
[from data line 426]
        427 113.678015    0.02958     1.7750    106.500  1025.3450  51245.805    31.7920     38.399    7.27827     4.7005     4.7040    25.1646   13.02916 1.0730e-01     38.764 0.0000e+00
        428 113.678018    0.02965     1.7792    106.750  1025.3462  51246.427    31.7922     38.610    7.27833     4.7003     4.7035    25.1648   13.02926 1.0457e-01     38.977 0.0000e+00
        429 113.678021    0.02972     1.7833    107.000  1025.3474  51246.974    31.7924     38.817    7.27837     4.7002     4.7032    25.1650   13.02932 1.0198e-01     39.186 0.0000e+00
        430 113.678024    0.02979     1.7875    107.250  1025.3485  51247.393    31.7926     39.021    7.27840     4.7002     4.7031    25.1651   13.02936 9.9510e-02     39.393 0.0000e+00
        431 113.678027    0.02986     1.7917    107.500  1025.3495  51247.698    31.7927     39.223    7.27841     4.7001     4.7030    25.1652   13.02938 9.7154e-02     39.597 0.0000e+00
        432 113.678030    0.02993     1.7958    107.750  1025.3505  51247.944    31.7927     39.423    7.27841     4.7001     4.7029    25.1653   13.02939 9.4921e-02     39.799 0.0000e+00
        433 113.678032    0.03000     1.8000    108.000  1025.3515  51248.174    31.7928     39.618    7.27841     4.7001     4.7029    25.1653   13.02939 9.2833e-02     39.996 0.0000e+00
        434 113.678035    0.03007     1.8042    108.250  1025.3524  51248.364    31.7928     39.806    7.27841     4.7001     4.7029    25.1653   13.02938 9.0881e-02     40.185 0.0000e+00
        435 113.678038    0.03014     1.8083    108.500  1025.3533  51248.520    31.7928     39.990    7.27841     4.7001     4.7029    25.1653   13.02938 8.9032e-02     40.371 0.0000e+00
        436 113.678041    0.03021     1.8125    108.750  1025.3541  51248.670    31.7929     40.177    7.27841     4.7001     4.7029    25.1654   13.02938 8.7230e-02     40.560 0.0000e+00
        437 113.678044    0.03028     1.8167    109.000  1025.3550  51248.792    31.7929     40.373    7.27840     4.7002     4.7030    25.1654   13.02937 8.5391e-02     40.757 0.0000e+00
        438 113.678047    0.03035     1.8208    109.250  1025.3560  51248.882    31.7928     40.583    7.27840     4.7002     4.7030    25.1653   13.02937 8.3475e-02     40.969 0.0000e+00
        439 113.678050    0.03042     1.8250    109.500  1025.3570  51248.969    31.7928     40.806    7.27840     4.7001     4.7031    25.1653   13.02936 8.1515e-02     41.195 0.0000e+00
        440 113.678053    0.03049     1.8292    109.750  1025.3581  51249.065    31.7927     41.037    7.27840     4.7001     4.7031    25.1652   13.02936 7.9583e-02     41.428 0.0000e+00
        441 113.678056    0.03056     1.8333    110.000  1025.3591  51249.161    31.7927     41.268    7.27840     4.7000     4.7030    25.1652   13.02937 7.7756e-02     41.661 0.0000e+00
        442 113.678058    0.03062     1.8375    110.250  1025.3601  51249.261    31.7926     41.490    7.27841     4.6999     4.7030    25.1651   13.02939 7.6089e-02     41.886 0.0000e+00
        443 113.678061    0.03069     1.8417    110.500  1025.3611  51249.394    31.7926     41.699    7.27842     4.6998     4.7029    25.1651   13.02940 7.4601e-02     42.097 0.0000e+00
        444 113.678064    0.03076     1.8458    110.750  1025.3620  51249.519    31.7926     41.893    7.27844     4.6997     4.7028    25.1651   13.02943 7.3271e-02     42.292 0.0000e+00
        445 113.678067    0.03083     1.8500    111.000  1025.3628  51249.611    31.7925     42.073    7.27845     4.6997     4.7028    25.1651   13.02945 7.2064e-02     42.475 0.0000e+00
        446 113.678070    0.03090     1.8542    111.250  1025.3637  51249.768    31.7925     42.249    7.27846     4.6996     4.7027    25.1651   13.02947 7.0922e-02     42.652 0.0000e+00
        447 113.678073    0.03097     1.8583    111.500  1025.3646  51250.001    31.7926     42.428    7.27847     4.6997     4.7026    25.1652   13.02949 6.9779e-02     42.833 0.0000e+00
        448 113.678076    0.03104     1.8625    111.750  1025.3655  51250.230    31.7926     42.619    7.27847     4.6997     4.7026    25.1652   13.02949 6.8599e-02     43.025 0.0000e+00
        449 113.678079    0.03111     1.8667    112.000  1025.3665  51250.441    31.7927     42.819    7.27846     4.6998     4.7027    25.1653   13.02948 6.7406e-02     43.227 0.0000e+00
        450 113.678082    0.03118     1.8708    112.250  1025.3674  51250.624    31.7927     43.022    7.27845     4.6998     4.7027    25.1653   13.02946 6.6255e-02     43.433 0.0000e+00
        451 113.678084    0.03125     1.8750    112.500  1025.3684  51250.755    31.7927     43.221    7.27844     4.6999     4.7028    25.1653   13.02944 6.5182e-02     43.634 0.0000e+00
        452 113.678087    0.03132     1.8792    112.750  1025.3692  51250.818    31.7926     43.413    7.27843     4.6999     4.7028    25.1653   13.02943 6.4195e-02     43.828 0.0000e+00
        453 113.678090    0.03139     1.8833    113.000  1025.3701  51250.872    31.7926     43.601    7.27843     4.6999     4.7029    25.1652   13.02941 6.3267e-02     44.017 0.0000e+00
        454 113.678093    0.03146     1.8875    113.250  1025.3709  51250.986    31.7926     43.790    7.27842     4.6999     4.7029    25.1652   13.02940 6.2348e-02     44.209 0.0000e+00
        455 113.678096    0.03153     1.8917    113.500  1025.3719  51251.091    31.7926     43.990    7.27841     4.6999     4.7030    25.1652   13.02939 6.1400e-02     44.411 0.0000e+00
        456 113.678099    0.03160     1.8958    113.750  1025.3728  51251.179    31.7925     44.205    7.27841     4.6999     4.7030    25.1651   13.02939 6.0421e-02     44.627 0.0000e+00
        457 113.678102    0.03167     1.9000    114.000  1025.3739  51251.336    31.7925     44.431    7.27841     4.6999     4.7030    25.1651   13.02938 5.9443e-02     44.856 0.0000e+00
        458 113.678105    0.03174     1.9042    114.250  1025.3750  51251.539    31.7926     44.659    7.27841     4.6999     4.7030    25.1652   13.02938 5.8511e-02     45.086 0.0000e+00
        459 113.678108    0.03181     1.9083    114.500  1025.3760  51251.733    31.7926     44.877    7.27841     4.6998     4.7030    25.1652   13.02938 5.7666e-02     45.305 0.0000e+00
        460 113.678111    0.03188     1.9125    114.750  1025.3770  51251.905    31.7926     45.074    7.27841     4.6998     4.7030    25.1652   13.02938 5.6931e-02     45.504 0.0000e+00
        461 113.678113    0.03194     1.9167    115.000  1025.3778  51252.054    31.7926     45.251    7.27841     4.6998     4.7030    25.1652   13.02938 5.6293e-02     45.683 0.0000e+00
        462 113.678116    0.03201     1.9208    115.250  1025.3786  51252.215    31.7927     45.416    7.27841     4.6999     4.7030    25.1652   13.02938 5.5710e-02     45.850 0.0000e+00
        463 113.678119    0.03208     1.9250    115.500  1025.3795  51252.389    31.7927     45.583    7.27840     4.6999     4.7031    25.1653   13.02936 5.5136e-02     46.018 0.0000e+00
        464 113.678122    0.03215     1.9292    115.750  1025.3803  51252.518    31.7927     45.764    7.27839     4.7000     4.7031    25.1653   13.02935 5.4531e-02     46.200 0.0000e+00
        465 113.678125    0.03222     1.9333    116.000  1025.3812  51252.604    31.7927     45.965    7.27838     4.7000     4.7032    25.1652   13.02933 5.3876e-02     46.404 0.0000e+00
        466 113.678128    0.03229     1.9375    116.250  1025.3822  51252.724    31.7927     46.186    7.27837     4.7001     4.7032    25.1652   13.02931 5.3183e-02     46.627 0.0000e+00
        467 113.678131    0.03236     1.9417    116.500  1025.3833  51252.905    31.7927     46.418    7.27836     4.7002     4.7033    25.1652   13.02929 5.2488e-02     46.861 0.0000e+00
        468 113.678134    0.03243     1.9458    116.750  1025.3844  51253.093    31.7927     46.651    7.27834     4.7003     4.7034    25.1653   13.02927 5.1826e-02     47.096 0.0000e+00
        469 113.678137    0.03250     1.9500    117.000  1025.3855  51253.249    31.7927     46.877    7.27832     4.7004     4.7035    25.1653   13.02923 5.1213e-02     47.325 0.0000e+00
        470 113.678139    0.03257     1.9542    117.250  1025.3865  51253.398    31.7928     47.092    7.27830     4.7006     4.7036    25.1653   13.02920 5.0658e-02     47.542 0.0000e+00
        471 113.678142    0.03264     1.9583    117.500  1025.3875  51253.582    31.7928     47.297    7.27827     4.7008     4.7037    25.1653   13.02916 5.0162e-02     47.749 0.0000e+00
        472 113.678145    0.03271     1.9625    117.750  1025.3884  51253.733    31.7929     47.493    7.27824     4.7009     4.7039    25.1653   13.02910 4.9702e-02     47.947 0.0000e+00
        473 113.678148    0.03278     1.9667    118.000  1025.3893  51253.682    31.7928     47.688    7.27821     4.7010     4.7041    25.1652   13.02905 4.9251e-02     48.144 0.0000e+00
        474 113.678151    0.03285     1.9708    118.250  1025.3900  51253.483    31.7926     47.884    7.27819     4.7010     4.7043    25.1651   13.02902 4.8808e-02     48.341 0.0000e+00
        475 113.678154    0.03292     1.9750    118.500  1025.3908  51253.365    31.7924     48.079    7.27818     4.7010     4.7044    25.1649   13.02901 4.8381e-02     48.539 0.0000e+00
        476 113.678157    0.03299     1.9792    118.750  1025.3917  51253.487    31.7924     48.274    7.27818     4.7010     4.7044    25.1649   13.02900 4.7971e-02     48.735 0.0000e+00
        477 113.678160    0.03306     1.9833    119.000  1025.3927  51253.788    31.7925     48.466    7.27817     4.7011     4.7044    25.1650   13.02899 4.7580e-02     48.929 0.0000e+00
        478 113.678163    0.03313     1.9875    119.250  1025.3937  51253.982    31.7926     48.659    7.27816     4.7011     4.7044    25.1651   13.02898 4.7202e-02     49.124 0.0000e+00
        479 113.678166    0.03319     1.9917    119.500  1025.3945  51253.979    31.7925     48.854    7.27816     4.7011     4.7045    25.1650   13.02897 4.6826e-02     49.321 0.0000e+00
        480 113.678168    0.03326     1.9958    119.750  1025.3953  51253.977    31.7924     49.056    7.27815     4.7010     4.7045    25.1649   13.02897 4.6451e-02     49.525 0.0000e+00
        481 113.678171    0.03333     2.0000    120.000  1025.3963  51254.091    31.7923     49.266    7.27816     4.7010     4.7045    25.1649   13.02897 4.6081e-02     49.737 0.0000e+00
        482 113.678174    0.03340     2.0042    120.250  1025.3974  51254.270    31.7923     49.483    7.27816     4.7009     4.7045    25.1649   13.02897 4.5712e-02     49.957 0.0000e+00
        483 113.678177    0.03347     2.0083    120.500  1025.3984  51254.418    31.7923     49.708    7.27817     4.7009     4.7044    25.1649   13.02898 4.5348e-02     50.184 0.0000e+00
        484 113.678180    0.03354     2.0125    120.750  1025.3994  51254.450    31.7922     49.938    7.27818     4.7007     4.7044    25.1648   13.02900 4.4997e-02     50.416 0.0000e+00
        485 113.678183    0.03361     2.0167    121.000  1025.4004  51254.448    31.7921     50.170    7.27819     4.7006     4.7043    25.1647   13.02903 4.4660e-02     50.650 0.0000e+00
        486 113.678186    0.03368     2.0208    121.250  1025.4015  51254.655    31.7921     50.399    7.27821     4.7005     4.7042    25.1647   13.02907 4.4336e-02     50.882 0.0000e+00
        487 113.678189    0.03375     2.0250    121.500  1025.4027  51255.053    31.7922     50.623    7.27823     4.7005     4.7041    25.1648   13.02909 4.4026e-02     51.108 0.0000e+00
        488 113.678192    0.03382     2.0292    121.750  1025.4038  51255.375    31.7923     50.838    7.27823     4.7005     4.7041    25.1649   13.02909 4.3747e-02     51.325 0.0000e+00
        489 113.678194    0.03389     2.0333    122.000  1025.4048  51255.576    31.7924     51.044    7.27823     4.7005     4.7041    25.1650   13.02909 4.3503e-02     51.533 0.0000e+00
        490 113.678197    0.03396     2.0375    122.250  1025.4057  51255.721    31.7924     51.242    7.27823     4.7005     4.7041    25.1650   13.02908 4.3277e-02     51.733 0.0000e+00
        491 113.678200    0.03403     2.0417    122.500  1025.4066  51255.789    31.7923     51.437    7.27822     4.7004     4.7041    25.1649   13.02908 4.3057e-02     51.929 0.0000e+00
        492 113.678203    0.03410     2.0458    122.750  1025.4074  51255.792    31.7922     51.633    7.27823     4.7003     4.7041    25.1649   13.02909 4.2834e-02     52.127 0.0000e+00
        493 113.678206    0.03417     2.0500    123.000  1025.4083  51255.769    31.7921     51.838    7.27824     4.7001     4.7041    25.1648   13.02912 4.2607e-02     52.334 0.0000e+00
        494 113.678209    0.03424     2.0542    123.250  1025.4093  51255.874    31.7920     52.053    7.27827     4.6998     4.7039    25.1647   13.02917 4.2382e-02     52.551 0.0000e+00
        495 113.678212    0.03431     2.0583    123.500  1025.4104  51256.168    31.7921     52.276    7.27831     4.6996     4.7037    25.1648   13.02922 4.2158e-02     52.776 0.0000e+00
        496 113.678215    0.03438     2.0625    123.750  1025.4115  51256.465    31.7922     52.501    7.27834     4.6994     4.7035    25.1648   13.02928 4.1938e-02     53.003 0.0000e+00
        497 113.678218    0.03444     2.0667    124.000  1025.4126  51256.694    31.7922     52.721    7.27838     4.6993     4.7033    25.1649   13.02934 4.1731e-02     53.225 0.0000e+00
        498 113.678220    0.03451     2.0708    124.250  1025.4136  51256.882    31.7921     52.935    7.27841     4.6991     4.7032    25.1649   13.02939 4.1541e-02     53.441 0.0000e+00
        499 113.678223    0.03458     2.0750    124.500  1025.4146  51257.055    31.7921     53.144    7.27844     4.6989     4.7030    25.1649   13.02943 4.1368e-02     53.653 0.0000e+00
        500 113.678226    0.03465     2.0792    124.750  1025.4156  51257.282    31.7921     53.353    7.27846     4.6987     4.7028    25.1649   13.02948 4.1205e-02     53.864 0.0000e+00
        501 113.678229    0.03472     2.0833    125.000  1025.4166  51257.546    31.7922     53.566    7.27849     4.6985     4.7026    25.1649   13.02953 4.1042e-02     54.078 0.0000e+00
        502 113.678232    0.03479     2.0875    125.250  1025.4177  51257.792    31.7922     53.785    7.27852     4.6983     4.7025    25.1650   13.02958 4.0881e-02     54.299 0.0000e+00
        503 113.678235    0.03486     2.0917    125.500  1025.4188  51258.023    31.7922     54.008    7.27855     4.6982     4.7023    25.1650   13.02962 4.0723e-02     54.525 0.0000e+00
        504 113.678238    0.03493     2.0958    125.750  1025.4199  51258.286    31.7922     54.232    7.27857     4.6981     4.7022    25.1650   13.02966 4.0569e-02     54.751 0.0000e+00
        505 113.678241    0.03500     2.1000    126.000  1025.4210  51258.598    31.7923     54.449    7.27859     4.6980     4.7021    25.1651   13.02969 4.0424e-02     54.970 0.0000e+00
        506 113.678244    0.03507     2.1042    126.250  1025.4220  51258.914    31.7924     54.655    7.27861     4.6979     4.7019    25.1652   13.02971 4.0289e-02     55.178 0.0000e+00
        507 113.678247    0.03514     2.1083    126.500  1025.4230  51259.212    31.7925     54.848    7.27862     4.6979     4.7018    25.1652   13.02973 4.0159e-02     55.373 0.0000e+00
        508 113.678249    0.03521     2.1125    126.750  1025.4239  51259.473    31.7925     55.031    7.27863     4.6979     4.7018    25.1653   13.02975 4.0037e-02     55.558 0.0000e+00
        509 113.678252    0.03528     2.1167    127.000  1025.4248  51259.678    31.7926     55.213    7.27863     4.6979     4.7017    25.1654   13.02975 3.9922e-02     55.742 0.0000e+00
        510 113.678255    0.03535     2.1208    127.250  1025.4257  51259.860    31.7926     55.402    7.27862     4.6980     4.7018    25.1654   13.02974 3.9805e-02     55.933 0.0000e+00
