CTD-processing/allCTD/CNV--homogene/2018_11-08_t9_s07_cast018.cnv
* Sea-Bird SBE19plus Data File:
* FileName = C:\Users\Kim.Powell\Desktop\Not Processed\2018\2018_11-08_AlongBay, T9_4141\2018_11-08_TRANSECT_STATION_cast018.hex
* Software Version 1.59
* Temperature SN =  4141
* Conductivity SN =  4141
* System UpLoad Time = Nov 13 2018 09:25:04
** 2018_11-08
** Station: 9-07
** Start Time: 14:45
** Depth (m): 104
** Comment:
** Comment:
# nquan = 17
# nvalues = 705                         
# units = specified
# name 0 = scan: Scan Count
# name 1 = timeJ: Julian Days
# name 2 = timeH: Time, Elapsed [hours]
# name 3 = timeM: Time, Elapsed [minutes]
# name 4 = timeS: Time, Elapsed [seconds]
# name 5 = density00: Density [density, kg/m^3]
# name 6 = specc: Specific Conductance [uS/cm]
# name 7 = sal00: Salinity, Practical [PSU]
# name 8 = depSM: Depth [salt water, m], lat = 59.00
# name 9 = oxsolML/L: Oxygen Saturation, Garcia & Gordon [ml/l]
# name 10 = potemp090C: Potential Temperature [ITS-90, deg C]
# name 11 = tv290C: Temperature [ITS-90, deg C]
# name 12 = sigma-é00: Density [sigma-theta, kg/m^3]
# name 13 = n2satML/L: Nitrogen Saturation [ml/l]
# name 14 = par: PAR/Irradiance, Biospherical/Licor
# name 15 = prdM: Pressure, Strain Gauge [db]
# name 16 = flag:  0.000e+00
# span 0 =          1,        705       
# span 1 = 312.614664, 312.616701       
# span 2 =    0.00000,    0.04889       
# span 3 =     0.0000,     2.9333       
# span 4 =      0.000,    176.000       
# span 5 =  1023.2109,  1024.3561       
# span 6 =  47468.307,  48822.223       
# span 7 =    29.7253,    30.7834       
# span 8 =      0.686,    101.059       
# span 9 =    6.70369,    6.92991       
# span 10 =     7.3482,     8.5149      
# span 11 =     7.3483,     8.5249      
# span 12 =    23.2067,    23.8905      
# span 13 =   12.09205,   12.47875      
# span 14 = 3.8588e-02, 7.9735e+01      
# span 15 =      0.692,    102.037      
# span 16 = 0.0000e+00, 0.0000e+00      
# interval = seconds: 0.25
# start_time = Nov 08 2018 14:45:07 [Instrument's time stamp, header]
# bad_flag = -9.990e-29
*END*
[from data line 86]
         87 312.614913    0.00597     0.3583     21.500  1023.2890  47610.896    29.8125      0.883    6.92269     7.3882     7.3902    23.2849   12.46665 7.0327e+01      0.892 0.0000e+00
         88 312.614916    0.00604     0.3625     21.750  1023.2903  47613.255    29.8139      0.887    6.92280     7.3876     7.3891    23.2862   12.46681 6.9802e+01      0.896 0.0000e+00
         89 312.614919    0.00611     0.3667     22.000  1023.2914  47615.118    29.8151      0.893    6.92289     7.3871     7.3882    23.2872   12.46694 6.9934e+01      0.901 0.0000e+00
         90 312.614922    0.00618     0.3708     22.250  1023.2910  47614.337    29.8144      0.898    6.92301     7.3863     7.3877    23.2868   12.46715 7.0039e+01      0.907 0.0000e+00
         91 312.614925    0.00625     0.3750     22.500  1023.2892  47610.956    29.8120      0.901    6.92319     7.3846     7.3872    23.2849   12.46749 6.9652e+01      0.910 0.0000e+00
         92 312.614928    0.00632     0.3792     22.750  1023.2873  47607.558    29.8095      0.901    6.92344     7.3819     7.3863    23.2831   12.46793 6.9125e+01      0.909 0.0000e+00
         93 312.614931    0.00639     0.3833     23.000  1023.2867  47606.430    29.8085      0.897    6.92376     7.3785     7.3847    23.2825   12.46847 6.8982e+01      0.905 0.0000e+00
         94 312.614933    0.00646     0.3875     23.250  1023.2876  47608.021    29.8091      0.891    6.92417     7.3751     7.3820    23.2834   12.46913 6.9097e+01      0.900 0.0000e+00
         95 312.614936    0.00653     0.3917     23.500  1023.2895  47611.574    29.8111      0.887    6.92462     7.3723     7.3786    23.2853   12.46986 6.9455e+01      0.895 0.0000e+00
         96 312.614939    0.00660     0.3958     23.750  1023.2917  47615.623    29.8133      0.883    6.92505     7.3700     7.3752    23.2876   12.47054 7.0414e+01      0.892 0.0000e+00
         97 312.614942    0.00667     0.4000     24.000  1023.2934  47618.810    29.8151      0.882    6.92542     7.3683     7.3723    23.2893   12.47114 7.1793e+01      0.890 0.0000e+00
         98 312.614945    0.00674     0.4042     24.250  1023.2944  47620.542    29.8160      0.884    6.92574     7.3671     7.3701    23.2903   12.47165 7.2996e+01      0.892 0.0000e+00
         99 312.614948    0.00681     0.4083     24.500  1023.2945  47620.611    29.8157      0.889    6.92602     7.3661     7.3684    23.2903   12.47212 7.3640e+01      0.897 0.0000e+00
        100 312.614951    0.00688     0.4125     24.750  1023.2936  47618.992    29.8144      0.897    6.92628     7.3652     7.3672    23.2895   12.47256 7.3192e+01      0.905 0.0000e+00
        101 312.614954    0.00694     0.4167     25.000  1023.2923  47616.406    29.8125      0.907    6.92652     7.3643     7.3662    23.2881   12.47298 7.1535e+01      0.916 0.0000e+00
        102 312.614957    0.00701     0.4208     25.250  1023.2911  47614.149    29.8107      0.917    6.92674     7.3634     7.3653    23.2869   12.47338 6.9628e+01      0.925 0.0000e+00
        103 312.614959    0.00708     0.4250     25.500  1023.2905  47612.978    29.8098      0.923    6.92694     7.3629     7.3644    23.2862   12.47371 6.8579e+01      0.932 0.0000e+00
        104 312.614962    0.00715     0.4292     25.750  1023.2904  47612.821    29.8095      0.924    6.92708     7.3627     7.3635    23.2862   12.47395 6.8484e+01      0.933 0.0000e+00
        105 312.614965    0.00722     0.4333     26.000  1023.2906  47613.158    29.8097      0.920    6.92716     7.3628     7.3630    23.2863   12.47409 6.8846e+01      0.929 0.0000e+00
        106 312.614968    0.00729     0.4375     26.250  1023.2905  47613.119    29.8096      0.912    6.92719     7.3631     7.3628    23.2863   12.47414 6.9247e+01      0.921 0.0000e+00
        107 312.614971    0.00736     0.4417     26.500  1023.2898  47611.778    29.8087      0.903    6.92722     7.3632     7.3629    23.2856   12.47419 6.9538e+01      0.912 0.0000e+00
        108 312.614974    0.00743     0.4458     26.750  1023.2882  47608.908    29.8068      0.895    6.92727     7.3631     7.3631    23.2840   12.47430 6.9792e+01      0.903 0.0000e+00
        109 312.614977    0.00750     0.4500     27.000  1023.2862  47605.354    29.8044      0.888    6.92736     7.3628     7.3633    23.2821   12.47447 7.0162e+01      0.897 0.0000e+00
        110 312.614980    0.00757     0.4542     27.250  1023.2845  47602.291    29.8022      0.885    6.92747     7.3622     7.3632    23.2804   12.47468 7.0857e+01      0.893 0.0000e+00
        111 312.614983    0.00764     0.4583     27.500  1023.2835  47600.354    29.8008      0.884    6.92759     7.3615     7.3629    23.2794   12.47490 7.1837e+01      0.892 0.0000e+00
        112 312.614986    0.00771     0.4625     27.750  1023.2831  47599.714    29.8003      0.885    6.92770     7.3608     7.3623    23.2790   12.47510 7.3322e+01      0.893 0.0000e+00
        113 312.614988    0.00778     0.4667     28.000  1023.2834  47600.227    29.8006      0.886    6.92780     7.3602     7.3616    23.2793   12.47526 7.5257e+01      0.895 0.0000e+00
        114 312.614991    0.00785     0.4708     28.250  1023.2841  47601.458    29.8013      0.886    6.92788     7.3597     7.3609    23.2800   12.47538 7.6918e+01      0.895 0.0000e+00
        115 312.614994    0.00792     0.4750     28.500  1023.2851  47603.246    29.8024      0.885    6.92793     7.3596     7.3602    23.2810   12.47545 7.8166e+01      0.893 0.0000e+00
        116 312.614997    0.00799     0.4792     28.750  1023.2865  47605.867    29.8041      0.882    6.92792     7.3599     7.3598    23.2824   12.47541 7.8523e+01      0.890 0.0000e+00
        117 312.615000    0.00806     0.4833     29.000  1023.2883  47609.160    29.8064      0.879    6.92784     7.3609     7.3597    23.2842   12.47524 7.7232e+01      0.887 0.0000e+00
        118 312.615003    0.00813     0.4875     29.250  1023.2897  47611.819    29.8083      0.879    6.92769     7.3624     7.3600    23.2856   12.47499 7.5031e+01      0.887 0.0000e+00
        119 312.615006    0.00819     0.4917     29.500  1023.2898  47612.023    29.8086      0.883    6.92753     7.3640     7.3610    23.2857   12.47471 7.2903e+01      0.891 0.0000e+00
        120 312.615009    0.00826     0.4958     29.750  1023.2881  47608.854    29.8067      0.889    6.92737     7.3651     7.3625    23.2840   12.47447 7.1329e+01      0.897 0.0000e+00
        121 312.615012    0.00833     0.5000     30.000  1023.2852  47603.427    29.8032      0.896    6.92727     7.3653     7.3641    23.2810   12.47436 7.1169e+01      0.905 0.0000e+00
        122 312.615014    0.00840     0.5042     30.250  1023.2825  47598.416    29.7999      0.903    6.92725     7.3648     7.3652    23.2783   12.47437 7.1778e+01      0.911 0.0000e+00
        123 312.615017    0.00847     0.5083     30.500  1023.2810  47595.737    29.7980      0.907    6.92731     7.3638     7.3654    23.2768   12.47448 7.1809e+01      0.916 0.0000e+00
        124 312.615020    0.00854     0.5125     30.750  1023.2809  47595.437    29.7977      0.909    6.92741     7.3625     7.3649    23.2767   12.47464 7.1193e+01      0.917 0.0000e+00
        125 312.615023    0.00861     0.5167     31.000  1023.2815  47596.516    29.7983      0.908    6.92754     7.3608     7.3639    23.2773   12.47485 6.9760e+01      0.916 0.0000e+00
        126 312.615026    0.00868     0.5208     31.250  1023.2822  47597.765    29.7990      0.904    6.92772     7.3588     7.3626    23.2779   12.47514 6.8038e+01      0.912 0.0000e+00
        127 312.615029    0.00875     0.5250     31.500  1023.2826  47598.640    29.7993      0.898    6.92796     7.3566     7.3609    23.2784   12.47554 6.7109e+01      0.906 0.0000e+00
        128 312.615032    0.00882     0.5292     31.750  1023.2831  47599.613    29.7997      0.890    6.92826     7.3546     7.3589    23.2790   12.47604 6.7239e+01      0.898 0.0000e+00
        129 312.615035    0.00889     0.5333     32.000  1023.2839  47601.083    29.8004      0.884    6.92858     7.3529     7.3567    23.2798   12.47656 6.7680e+01      0.892 0.0000e+00
        130 312.615038    0.00896     0.5375     32.250  1023.2847  47602.575    29.8011      0.879    6.92888     7.3517     7.3547    23.2806   12.47704 6.7994e+01      0.887 0.0000e+00
        131 312.615041    0.00903     0.5417     32.500  1023.2852  47603.452    29.8014      0.875    6.92913     7.3506     7.3530    23.2811   12.47744 6.8873e+01      0.884 0.0000e+00
        132 312.615043    0.00910     0.5458     32.750  1023.2854  47603.797    29.8015      0.873    6.92933     7.3497     7.3518    23.2813   12.47778 6.9798e+01      0.881 0.0000e+00
        133 312.615046    0.00917     0.5500     33.000  1023.2856  47604.125    29.8015      0.872    6.92950     7.3490     7.3507    23.2815   12.47805 7.0161e+01      0.880 0.0000e+00
        134 312.615049    0.00924     0.5542     33.250  1023.2858  47604.623    29.8017      0.873    6.92963     7.3486     7.3498    23.2818   12.47827 7.0824e+01      0.881 0.0000e+00
        135 312.615052    0.00931     0.5583     33.500  1023.2861  47605.017    29.8019      0.875    6.92973     7.3484     7.3491    23.2820   12.47843 7.1683e+01      0.883 0.0000e+00
        136 312.615055    0.00937     0.5625     33.750  1023.2861  47604.957    29.8018      0.879    6.92980     7.3482     7.3487    23.2820   12.47855 7.1979e+01      0.887 0.0000e+00
        137 312.615058    0.00944     0.5667     34.000  1023.2858  47604.377    29.8013      0.884    6.92986     7.3482     7.3485    23.2816   12.47865 7.1952e+01      0.893 0.0000e+00
        138 312.615061    0.00951     0.5708     34.250  1023.2854  47603.694    29.8008      0.891    6.92990     7.3482     7.3483    23.2813   12.47872 7.1917e+01      0.900 0.0000e+00
        139 312.615064    0.00958     0.5750     34.500  1023.2855  47603.739    29.8008      0.896    6.92991     7.3484     7.3483    23.2813   12.47875 7.2043e+01      0.904 0.0000e+00
        140 312.615067    0.00965     0.5792     34.750  1023.2862  47605.087    29.8018      0.896    6.92987     7.3493     7.3483    23.2820   12.47867 7.2536e+01      0.905 0.0000e+00
        141 312.615069    0.00972     0.5833     35.000  1023.2876  47607.649    29.8036      0.893    6.92975     7.3512     7.3485    23.2834   12.47845 7.3034e+01      0.901 0.0000e+00
        142 312.615072    0.00979     0.5875     35.250  1023.2895  47611.266    29.8062      0.886    6.92949     7.3548     7.3493    23.2854   12.47799 7.3026e+01      0.894 0.0000e+00
        143 312.615075    0.00986     0.5917     35.500  1023.2916  47615.187    29.8093      0.880    6.92905     7.3604     7.3513    23.2875   12.47722 7.2332e+01      0.889 0.0000e+00
        144 312.615078    0.00993     0.5958     35.750  1023.2924  47616.698    29.8109      0.877    6.92841     7.3677     7.3548    23.2883   12.47613 7.1602e+01      0.886 0.0000e+00
        145 312.615081    0.01000     0.6000     36.000  1023.2901  47612.511    29.8089      0.878    6.92760     7.3749     7.3605    23.2860   12.47481 7.1614e+01      0.886 0.0000e+00
        146 312.615084    0.01007     0.6042     36.250  1023.2844  47602.199    29.8029      0.880    6.92671     7.3806     7.3678    23.2804   12.47342 7.2025e+01      0.889 0.0000e+00
        147 312.615087    0.01014     0.6083     36.500  1023.2773  47589.117    29.7949      0.884    6.92592     7.3846     7.3750    23.2732   12.47221 7.2150e+01      0.893 0.0000e+00
        148 312.615090    0.01021     0.6125     36.750  1023.2709  47577.419    29.7877      0.889    6.92533     7.3873     7.3807    23.2668   12.47133 7.1991e+01      0.897 0.0000e+00
        149 312.615093    0.01028     0.6167     37.000  1023.2663  47568.939    29.7825      0.893    6.92493     7.3890     7.3847    23.2621   12.47073 7.1640e+01      0.901 0.0000e+00
        150 312.615095    0.01035     0.6208     37.250  1023.2634  47563.563    29.7792      0.896    6.92465     7.3901     7.3874    23.2592   12.47031 7.1073e+01      0.904 0.0000e+00
        151 312.615098    0.01042     0.6250     37.500  1023.2618  47560.731    29.7775      0.898    6.92446     7.3911     7.3891    23.2576   12.47001 7.1074e+01      0.906 0.0000e+00
        152 312.615101    0.01049     0.6292     37.750  1023.2611  47559.495    29.7768      0.898    6.92432     7.3923     7.3902    23.2570   12.46979 7.1474e+01      0.906 0.0000e+00
        153 312.615104    0.01056     0.6333     38.000  1023.2608  47558.861    29.7766      0.897    6.92417     7.3939     7.3912    23.2566   12.46955 7.1074e+01      0.905 0.0000e+00
        154 312.615107    0.01063     0.6375     38.250  1023.2606  47558.632    29.7766      0.894    6.92398     7.3965     7.3924    23.2565   12.46924 7.0197e+01      0.903 0.0000e+00
        155 312.615110    0.01069     0.6417     38.500  1023.2608  47559.095    29.7772      0.892    6.92369     7.4008     7.3940    23.2567   12.46875 7.0239e+01      0.901 0.0000e+00
        156 312.615113    0.01076     0.6458     38.750  1023.2611  47559.621    29.7780      0.893    6.92324     7.4070     7.3966    23.2570   12.46799 7.1346e+01      0.902 0.0000e+00
        157 312.615116    0.01083     0.6500     39.000  1023.2601  47557.814    29.7774      0.898    6.92259     7.4144     7.4009    23.2560   12.46692 7.2047e+01      0.907 0.0000e+00
        158 312.615119    0.01090     0.6542     39.250  1023.2564  47550.990    29.7736      0.906    6.92177     7.4211     7.4071    23.2522   12.46561 7.1469e+01      0.915 0.0000e+00
        159 312.615122    0.01097     0.6583     39.500  1023.2499  47539.189    29.7666      0.916    6.92092     7.4260     7.4144    23.2457   12.46429 7.0474e+01      0.924 0.0000e+00
        160 312.615124    0.01104     0.6625     39.750  1023.2428  47526.070    29.7586      0.923    6.92020     7.4287     7.4212    23.2385   12.46321 7.0184e+01      0.931 0.0000e+00
        161 312.615127    0.01111     0.6667     40.000  1023.2373  47515.883    29.7523      0.927    6.91972     7.4294     7.4261    23.2330   12.46248 7.0603e+01      0.935 0.0000e+00
        162 312.615130    0.01118     0.6708     40.250  1023.2344  47510.604    29.7491      0.925    6.91943     7.4288     7.4288    23.2301   12.46206 7.0956e+01      0.934 0.0000e+00
        163 312.615133    0.01125     0.6750     40.500  1023.2343  47510.548    29.7492      0.918    6.91931     7.4283     7.4295    23.2300   12.46186 7.1070e+01      0.927 0.0000e+00
        164 312.615136    0.01132     0.6792     40.750  1023.2366  47514.924    29.7521      0.910    6.91927     7.4291     7.4289    23.2324   12.46175 7.0753e+01      0.918 0.0000e+00
        165 312.615139    0.01139     0.6833     41.000  1023.2400  47521.193    29.7563      0.901    6.91917     7.4316     7.4284    23.2358   12.46152 6.9509e+01      0.910 0.0000e+00
        166 312.615142    0.01146     0.6875     41.250  1023.2425  47525.829    29.7597      0.896    6.91889     7.4354     7.4291    23.2383   12.46103 6.8474e+01      0.904 0.0000e+00
        167 312.615145    0.01153     0.6917     41.500  1023.2425  47525.898    29.7601      0.893    6.91847     7.4393     7.4317    23.2383   12.46032 6.8488e+01      0.901 0.0000e+00
        168 312.615148    0.01160     0.6958     41.750  1023.2395  47520.532    29.7570      0.892    6.91800     7.4423     7.4355    23.2354   12.45959 6.8683e+01      0.901 0.0000e+00
        169 312.615150    0.01167     0.7000     42.000  1023.2349  47511.978    29.7517      0.893    6.91762     7.4442     7.4394    23.2307   12.45903 6.8456e+01      0.902 0.0000e+00
        170 312.615153    0.01174     0.7042     42.250  1023.2306  47504.232    29.7468      0.894    6.91737     7.4451     7.4424    23.2265   12.45867 6.7850e+01      0.903 0.0000e+00
