CTD-processing/allCTD/CNV--homogene/2018_06-25_t4_s08_cast135.cnv
* Sea-Bird SBE19plus Data File:
* FileName = C:\Users\Kim.Powell\Desktop\Not Processed\2018\2018_06-XX\2018_06-XX_TRANSECT_STATION_cast135.hex
* Software Version 1.59
* Temperature SN =  5028
* Conductivity SN =  5028
* System UpLoad Time = Jul 05 2018 09:52:23
** 2018_06-25
** Station: 4-08
** Start Time: 12:46
** Depth (m): 30
** Comment:
** Comment:
# nquan = 17
# nvalues = 534                         
# units = specified
# name 0 = scan: Scan Count
# name 1 = timeJ: Julian Days
# name 2 = timeH: Time, Elapsed [hours]
# name 3 = timeM: Time, Elapsed [minutes]
# name 4 = timeS: Time, Elapsed [seconds]
# name 5 = density00: Density [density, kg/m^3]
# name 6 = specc: Specific Conductance [uS/cm]
# name 7 = sal00: Salinity, Practical [PSU]
# name 8 = depSM: Depth [salt water, m], lat = 59.00
# name 9 = oxsolML/L: Oxygen Saturation, Garcia & Gordon [ml/l]
# name 10 = potemp090C: Potential Temperature [ITS-90, deg C]
# name 11 = tv290C: Temperature [ITS-90, deg C]
# name 12 = sigma-é00: Density [sigma-theta, kg/m^3]
# name 13 = n2satML/L: Nitrogen Saturation [ml/l]
# name 14 = par: PAR/Irradiance, Biospherical/Licor
# name 15 = prdM: Pressure, Strain Gauge [db]
# name 16 = flag:  0.000e+00
# span 0 =          1,        534       
# span 1 = 176.531354, 176.532896       
# span 2 =    0.00000,    0.03701       
# span 3 =     0.0000,     2.2208       
# span 4 =      0.000,    133.250       
# span 5 =  1009.3112,  1024.9170       
# span 6 =  20099.022,  50374.673       
# span 7 =    12.3218,    31.7409       
# span 8 =      0.055,     28.707       
# span 9 =    6.46815,    7.35679       
# span 10 =     7.4930,    10.9849      
# span 11 =     7.4956,    10.9850      
# span 12 =     9.3110,    24.7858      
# span 13 =   11.73660,   13.43064      
# span 14 = 2.9431e-01, 5.0193e+02      
# span 15 =      0.055,     28.980      
# span 16 = 0.0000e+00, 0.0000e+00      
# interval = seconds: 0.25
# start_time = Jun 25 2018 12:45:09 [Instrument's time stamp, header]
# bad_flag = -9.990e-29
*END*
[from data line 426]
        427 176.532587    0.02958     1.7750    106.500  1023.9696  48843.740    30.8246      7.408    6.71675     8.2753     8.4271    23.9354   12.11317 2.2337e+01      7.478 0.0000e+00
        428 176.532590    0.02965     1.7792    106.750  1024.0270  48943.313    30.8835      7.623    6.72494     8.1904     8.3561    23.9919   12.12600 2.1180e+01      7.695 0.0000e+00
        429 176.532593    0.02972     1.7833    107.000  1024.0932  49058.364    30.9519      7.849    6.73412     8.1077     8.2760    24.0569   12.14035 2.0063e+01      7.923 0.0000e+00
        430 176.532595    0.02979     1.7875    107.250  1024.1655  49184.745    31.0273      8.075    6.74373     8.0329     8.1912    24.1282   12.15532 1.9033e+01      8.152 0.0000e+00
        431 176.532598    0.02986     1.7917    107.500  1024.2387  49312.995    31.1042      8.293    6.75297     7.9690     8.1085    24.2004   12.16967 1.8125e+01      8.371 0.0000e+00
        432 176.532601    0.02993     1.7958    107.750  1024.3080  49434.843    31.1777      8.494    6.76117     7.9173     8.0337    24.2687   12.18233 1.7344e+01      8.575 0.0000e+00
        433 176.532604    0.03000     1.8000    108.000  1024.3712  49546.318    31.2456      8.679    6.76797     7.8781     7.9698    24.3310   12.19274 1.6670e+01      8.761 0.0000e+00
        434 176.532607    0.03007     1.8042    108.250  1024.4264  49643.954    31.3057      8.850    6.77325     7.8509     7.9181    24.3855   12.20073 1.6080e+01      8.934 0.0000e+00
        435 176.532610    0.03014     1.8083    108.500  1024.4709  49722.665    31.3545      9.013    6.77710     7.8335     7.8789    24.4293   12.20650 1.5552e+01      9.099 0.0000e+00
        436 176.532613    0.03021     1.8125    108.750  1024.5039  49780.721    31.3907      9.174    6.77969     7.8237     7.8517    24.4615   12.21034 1.5065e+01      9.261 0.0000e+00
        437 176.532616    0.03028     1.8167    109.000  1024.5273  49821.516    31.4164      9.337    6.78121     7.8190     7.8344    24.4841   12.21254 1.4603e+01      9.426 0.0000e+00
        438 176.532619    0.03035     1.8208    109.250  1024.5439  49850.134    31.4348      9.504    6.78191     7.8178     7.8245    24.4999   12.21347 1.4155e+01      9.595 0.0000e+00
        439 176.532622    0.03042     1.8250    109.500  1024.5563  49871.216    31.4487      9.678    6.78201     7.8189     7.8199    24.5115   12.21346 1.3712e+01      9.770 0.0000e+00
        440 176.532624    0.03049     1.8292    109.750  1024.5663  49888.071    31.4602      9.858    6.78168     7.8214     7.8187    24.5207   12.21277 1.3258e+01      9.951 0.0000e+00
        441 176.532627    0.03056     1.8333    110.000  1024.5752  49902.830    31.4706     10.048    6.78105     7.8249     7.8198    24.5287   12.21161 1.2780e+01     10.143 0.0000e+00
        442 176.532630    0.03062     1.8375    110.250  1024.5840  49917.336    31.4811     10.249    6.78019     7.8290     7.8224    24.5366   12.21006 1.2266e+01     10.346 0.0000e+00
        443 176.532633    0.03069     1.8417    110.500  1024.5940  49934.000    31.4932     10.462    6.77912     7.8335     7.8259    24.5456   12.20813 1.1713e+01     10.561 0.0000e+00
        444 176.532636    0.03076     1.8458    110.750  1024.6068  49955.650    31.5089     10.686    6.77778     7.8384     7.8300    24.5574   12.20573 1.1126e+01     10.787 0.0000e+00
        445 176.532639    0.03083     1.8500    111.000  1024.6234  49984.272    31.5295     10.915    6.77617     7.8438     7.8346    24.5730   12.20281 1.0517e+01     11.018 0.0000e+00
        446 176.532642    0.03090     1.8542    111.250  1024.6435  50019.373    31.5547     11.144    6.77431     7.8498     7.8394    24.5921   12.19941 9.9075e+00     11.249 0.0000e+00
        447 176.532645    0.03097     1.8583    111.500  1024.6649  50056.653    31.5816     11.365    6.77228     7.8556     7.8449    24.6124   12.19573 9.3171e+00     11.473 0.0000e+00
        448 176.532648    0.03104     1.8625    111.750  1024.6838  50089.705    31.6056     11.576    6.77029     7.8601     7.8509    24.6304   12.19214 8.7607e+00     11.686 0.0000e+00
        449 176.532650    0.03111     1.8667    112.000  1024.6986  50115.157    31.6242     11.776    6.76857     7.8625     7.8567    24.6442   12.18907 8.2425e+00     11.887 0.0000e+00
        450 176.532653    0.03118     1.8708    112.250  1024.7096  50133.891    31.6380     11.966    6.76728     7.8625     7.8612    24.6543   12.18676 7.7605e+00     12.080 0.0000e+00
        451 176.532656    0.03125     1.8750    112.500  1024.7175  50146.877    31.6474     12.150    6.76649     7.8600     7.8637    24.6613   12.18533 7.3115e+00     12.266 0.0000e+00
        452 176.532659    0.03132     1.8792    112.750  1024.7225  50154.675    31.6527     12.332    6.76624     7.8552     7.8637    24.6656   12.18486 6.8936e+00     12.449 0.0000e+00
        453 176.532662    0.03139     1.8833    113.000  1024.7261  50159.623    31.6557     12.511    6.76650     7.8491     7.8612    24.6683   12.18525 6.5100e+00     12.630 0.0000e+00
        454 176.532665    0.03146     1.8875    113.250  1024.7296  50164.559    31.6583     12.688    6.76712     7.8430     7.8564    24.6710   12.18624 6.1655e+00     12.809 0.0000e+00
        455 176.532668    0.03153     1.8917    113.500  1024.7336  50170.399    31.6613     12.861    6.76791     7.8376     7.8504    24.6742   12.18751 5.8606e+00     12.983 0.0000e+00
        456 176.532671    0.03160     1.8958    113.750  1024.7377  50176.449    31.6645     13.028    6.76871     7.8331     7.8443    24.6776   12.18879 5.5907e+00     13.152 0.0000e+00
        457 176.532674    0.03167     1.9000    114.000  1024.7415  50181.891    31.6674     13.190    6.76941     7.8295     7.8389    24.6806   12.18993 5.3497e+00     13.316 0.0000e+00
        458 176.532677    0.03174     1.9042    114.250  1024.7446  50186.236    31.6696     13.349    6.77000     7.8266     7.8344    24.6830   12.19088 5.1297e+00     13.476 0.0000e+00
        459 176.532679    0.03181     1.9083    114.500  1024.7471  50189.442    31.6712     13.509    6.77049     7.8241     7.8308    24.6847   12.19165 4.9208e+00     13.638 0.0000e+00
        460 176.532682    0.03188     1.9125    114.750  1024.7491  50191.603    31.6722     13.676    6.77089     7.8218     7.8279    24.6859   12.19231 4.7135e+00     13.806 0.0000e+00
        461 176.532685    0.03194     1.9167    115.000  1024.7505  50192.676    31.6724     13.856    6.77125     7.8190     7.8254    24.6864   12.19291 4.5015e+00     13.988 0.0000e+00
        462 176.532688    0.03201     1.9208    115.250  1024.7513  50192.632    31.6719     14.052    6.77164     7.8152     7.8231    24.6864   12.19355 4.2831e+00     14.185 0.0000e+00
        463 176.532691    0.03208     1.9250    115.500  1024.7516  50191.459    31.6706     14.265    6.77212     7.8095     7.8204    24.6857   12.19437 4.0605e+00     14.399 0.0000e+00
        464 176.532694    0.03215     1.9292    115.750  1024.7513  50189.112    31.6682     14.489    6.77281     7.8009     7.8166    24.6844   12.19553 3.8397e+00     14.626 0.0000e+00
        465 176.532697    0.03222     1.9333    116.000  1024.7506  50185.944    31.6650     14.720    6.77383     7.7887     7.8109    24.6826   12.19726 3.6275e+00     14.859 0.0000e+00
        466 176.532700    0.03229     1.9375    116.250  1024.7502  50183.260    31.6616     14.949    6.77530     7.7723     7.8023    24.6812   12.19974 3.4292e+00     15.090 0.0000e+00
        467 176.532703    0.03236     1.9417    116.500  1024.7506  50181.894    31.6586     15.171    6.77732     7.7513     7.7902    24.6805   12.20311 3.2484e+00     15.314 0.0000e+00
        468 176.532705    0.03243     1.9458    116.750  1024.7519  50182.263    31.6561     15.381    6.77995     7.7255     7.7738    24.6808   12.20750 3.0867e+00     15.527 0.0000e+00
        469 176.532708    0.03250     1.9500    117.000  1024.7549  50185.761    31.6550     15.579    6.78325     7.6953     7.7528    24.6829   12.21296 2.9431e+00     15.726 0.0000e+00
        470 176.532711    0.03257     1.9542    117.250  1024.7597  50192.510    31.6554     15.766    6.78721     7.6623     7.7270    24.6868   12.21950 2.8142e+00     15.915 0.0000e+00
        471 176.532714    0.03264     1.9583    117.500  1024.7678  50205.175    31.6592     15.947    6.79171     7.6305     7.6968    24.6940   12.22690 2.6958e+00     16.099 0.0000e+00
        472 176.532717    0.03271     1.9625    117.750  1024.7814  50228.013    31.6697     16.128    6.79635     7.6034     7.6638    24.7068   12.23444 2.5861e+00     16.281 0.0000e+00
        473 176.532720    0.03278     1.9667    118.000  1024.7981  50256.492    31.6842     16.311    6.80062     7.5818     7.6321    24.7227   12.24134 2.4845e+00     16.465 0.0000e+00
        474 176.532723    0.03285     1.9708    118.250  1024.8137  50282.876    31.6981     16.497    6.80421     7.5654     7.6049    24.7373   12.24710 2.3908e+00     16.654 0.0000e+00
        475 176.532726    0.03292     1.9750    118.500  1024.8265  50304.386    31.7094     16.688    6.80704     7.5530     7.5834    24.7492   12.25164 2.3037e+00     16.846 0.0000e+00
        476 176.532729    0.03299     1.9792    118.750  1024.8365  50320.977    31.7182     16.882    6.80921     7.5439     7.5670    24.7584   12.25512 2.2216e+00     17.042 0.0000e+00
        477 176.532731    0.03306     1.9833    119.000  1024.8442  50333.304    31.7247     17.080    6.81084     7.5369     7.5546    24.7652   12.25773 2.1428e+00     17.242 0.0000e+00
        478 176.532734    0.03313     1.9875    119.250  1024.8497  50341.616    31.7289     17.282    6.81208     7.5311     7.5455    24.7697   12.25972 2.0657e+00     17.446 0.0000e+00
        479 176.532737    0.03319     1.9917    119.500  1024.8535  50346.740    31.7312     17.490    6.81306     7.5262     7.5385    24.7725   12.26132 1.9891e+00     17.656 0.0000e+00
        480 176.532740    0.03326     1.9958    119.750  1024.8565  50350.547    31.7328     17.706    6.81388     7.5219     7.5328    24.7746   12.26265 1.9124e+00     17.874 0.0000e+00
        481 176.532743    0.03333     2.0000    120.000  1024.8594  50354.003    31.7343     17.931    6.81458     7.5184     7.5278    24.7764   12.26380 1.8359e+00     18.101 0.0000e+00
        482 176.532746    0.03340     2.0042    120.250  1024.8621  50356.986    31.7356     18.164    6.81518     7.5153     7.5236    24.7780   12.26477 1.7604e+00     18.336 0.0000e+00
        483 176.532749    0.03347     2.0083    120.500  1024.8644  50359.395    31.7365     18.402    6.81569     7.5125     7.5200    24.7793   12.26560 1.6873e+00     18.576 0.0000e+00
        484 176.532752    0.03354     2.0125    120.750  1024.8665  50361.201    31.7372     18.638    6.81613     7.5100     7.5170    24.7802   12.26633 1.6188e+00     18.815 0.0000e+00
        485 176.532755    0.03361     2.0167    121.000  1024.8683  50362.793    31.7377     18.867    6.81653     7.5079     7.5143    24.7810   12.26698 1.5563e+00     19.045 0.0000e+00
        486 176.532758    0.03368     2.0208    121.250  1024.8703  50364.602    31.7385     19.083    6.81688     7.5061     7.5118    24.7819   12.26756 1.5004e+00     19.263 0.0000e+00
        487 176.532760    0.03375     2.0250    121.500  1024.8721  50366.367    31.7393     19.284    6.81718     7.5047     7.5096    24.7828   12.26805 1.4506e+00     19.467 0.0000e+00
        488 176.532763    0.03382     2.0292    121.750  1024.8737  50367.751    31.7398     19.473    6.81743     7.5036     7.5079    24.7835   12.26845 1.4056e+00     19.658 0.0000e+00
        489 176.532766    0.03389     2.0333    122.000  1024.8751  50368.851    31.7403     19.654    6.81763     7.5027     7.5065    24.7841   12.26877 1.3641e+00     19.840 0.0000e+00
        490 176.532769    0.03396     2.0375    122.250  1024.8763  50369.779    31.7407     19.831    6.81778     7.5020     7.5054    24.7845   12.26902 1.3247e+00     20.019 0.0000e+00
        491 176.532772    0.03403     2.0417    122.500  1024.8774  50370.307    31.7408     20.008    6.81791     7.5014     7.5045    24.7848   12.26922 1.2860e+00     20.198 0.0000e+00
        492 176.532775    0.03410     2.0458    122.750  1024.8783  50370.525    31.7408     20.191    6.81801     7.5009     7.5039    24.7848   12.26939 1.2472e+00     20.383 0.0000e+00
        493 176.532778    0.03417     2.0500    123.000  1024.8793  50370.734    31.7408     20.382    6.81811     7.5002     7.5033    24.7849   12.26955 1.2072e+00     20.576 0.0000e+00
        494 176.532781    0.03424     2.0542    123.250  1024.8801  50370.718    31.7406     20.587    6.81820     7.4995     7.5027    24.7848   12.26971 1.1651e+00     20.783 0.0000e+00
        495 176.532784    0.03431     2.0583    123.500  1024.8810  50370.500    31.7402     20.809    6.81831     7.4986     7.5022    24.7846   12.26989 1.1203e+00     21.007 0.0000e+00
        496 176.532786    0.03438     2.0625    123.750  1024.8821  50370.600    31.7400     21.052    6.81843     7.4979     7.5015    24.7846   12.27009 1.0731e+00     21.252 0.0000e+00
        497 176.532789    0.03444     2.0667    124.000  1024.8835  50371.130    31.7402     21.311    6.81855     7.4972     7.5007    24.7848   12.27029 1.0250e+00     21.514 0.0000e+00
        498 176.532792    0.03451     2.0708    124.250  1024.8850  50371.771    31.7404     21.578    6.81866     7.4967     7.4999    24.7851   12.27046 9.7819e-01     21.783 0.0000e+00
        499 176.532795    0.03458     2.0750    124.500  1024.8864  50372.304    31.7405     21.838    6.81875     7.4962     7.4992    24.7853   12.27061 9.3521e-01     22.045 0.0000e+00
        500 176.532798    0.03465     2.0792    124.750  1024.8876  50372.775    31.7406     22.077    6.81883     7.4958     7.4987    24.7855   12.27074 8.9816e-01     22.287 0.0000e+00
        501 176.532801    0.03472     2.0833    125.000  1024.8888  50373.240    31.7408     22.288    6.81889     7.4954     7.4983    24.7856   12.27085 8.6756e-01     22.500 0.0000e+00
        502 176.532804    0.03479     2.0875    125.250  1024.8898  50373.597    31.7409     22.472    6.81895     7.4951     7.4979    24.7858   12.27095 8.4230e-01     22.685 0.0000e+00
        503 176.532807    0.03486     2.0917    125.500  1024.8906  50373.802    31.7409     22.635    6.81900     7.4949     7.4975    24.7858   12.27103 8.2036e-01     22.850 0.0000e+00
        504 176.532810    0.03493     2.0958    125.750  1024.8913  50373.887    31.7408     22.789    6.81905     7.4947     7.4972    24.7858   12.27111 7.9936e-01     23.006 0.0000e+00
        505 176.532813    0.03500     2.1000    126.000  1024.8920  50373.827    31.7407     22.948    6.81910     7.4944     7.4970    24.7857   12.27119 7.7730e-01     23.166 0.0000e+00
        506 176.532815    0.03507     2.1042    126.250  1024.8926  50373.680    31.7405     23.123    6.81914     7.4942     7.4968    24.7856   12.27126 7.5321e-01     23.343 0.0000e+00
        507 176.532818    0.03514     2.1083    126.500  1024.8934  50373.572    31.7403     23.318    6.81917     7.4941     7.4966    24.7854   12.27132 7.2697e-01     23.540 0.0000e+00
        508 176.532821    0.03521     2.1125    126.750  1024.8943  50373.528    31.7401     23.535    6.81921     7.4939     7.4964    24.7853   12.27137 6.9907e-01     23.758 0.0000e+00
        509 176.532824    0.03528     2.1167    127.000  1024.8953  50373.526    31.7400     23.769    6.81923     7.4938     7.4963    24.7853   12.27142 6.7019e-01     23.995 0.0000e+00
        510 176.532827    0.03535     2.1208    127.250  1024.8964  50373.599    31.7399     24.015    6.81926     7.4937     7.4961    24.7852   12.27146 6.4125e-01     24.243 0.0000e+00
