CTD-processing/allCTD/CNV--homogene/2018_03-27_alongbay_skb04_cast037.cnv
* Sea-Bird SBE19plus Data File:
* FileName = P:\My Documents\kasitsna\Research-KBL\Oceanography-AK\CTD-Data-ALL-to-2017-02\2018-CTD-KachemakBay-CookInlet\2018-03-27-CookInlet-AlongBay\2018-03-27-CookInlet-AlongBay-cast037.hex
* Software Version 1.59
* Temperature SN =  5028
* Conductivity SN =  5028
* System UpLoad Time = Mar 28 2018 11:50:39
** Cook Inlet LTM Along-Bay (T7-22 to KB12)
** Date: 2018_03-27
** Station: (eg. 9-01): KB04
** Start time (AKDT): 14:50
** Depth (m): 157
** Comment:  Extended to T7-22 due to calm seas.
** Comment:
# nquan = 17
# nvalues = 1039                        
# units = specified
# name 0 = scan: Scan Count
# name 1 = timeJ: Julian Days
# name 2 = timeH: Time, Elapsed [hours]
# name 3 = timeM: Time, Elapsed [minutes]
# name 4 = timeS: Time, Elapsed [seconds]
# name 5 = density00: Density [density, kg/m^3]
# name 6 = specc: Specific Conductance [uS/cm]
# name 7 = sal00: Salinity, Practical [PSU]
# name 8 = depSM: Depth [salt water, m], lat = 59.00
# name 9 = oxsolML/L: Oxygen Saturation, Garcia & Gordon [ml/l]
# name 10 = potemp090C: Potential Temperature [ITS-90, deg C]
# name 11 = tv290C: Temperature [ITS-90, deg C]
# name 12 = sigma-é00: Density [sigma-theta, kg/m^3]
# name 13 = n2satML/L: Nitrogen Saturation [ml/l]
# name 14 = par: PAR/Irradiance, Biospherical/Licor
# name 15 = prdM: Pressure, Strain Gauge [db]
# name 16 = flag:  0.000e+00
# span 0 =          1,       1039       
# span 1 =  86.618530,  86.621534       
# span 2 =    0.00000,    0.07208       
# span 3 =     0.0000,     4.3250       
# span 4 =      0.000,    259.500       
# span 5 =  1024.9721,  1025.9447       
# span 6 =  50927.143,  51551.951       
# span 7 =    31.4875,    31.7967       
# span 8 =      0.537,    151.067       
# span 9 =    7.35731,    7.42189       
# span 10 =     3.9212,     4.2771      
# span 11 =     3.9212,     4.2771      
# span 12 =    24.9696,    25.2332      
# span 13 =   13.16060,   13.26738      
# span 14 = 3.7976e-02, 4.0611e+02      
# span 15 =      0.542,    152.549      
# span 16 = 0.0000e+00, 0.0000e+00      
# interval = seconds: 0.25
# start_time = Mar 27 2018 14:50:41 [Instrument's time stamp, header]
# bad_flag = -9.990e-29
*END*
[from data line 341]
        342  86.619517    0.02368     1.4208     85.250  1025.2424  51309.730    31.7214     16.719    7.37823     4.1581     4.1596    25.1635   13.19508 2.5552e+01     16.877 0.0000e+00
        343  86.619520    0.02375     1.4250     85.500  1025.2433  51310.012    31.7215     16.908    7.37826     4.1579     4.1594    25.1636   13.19513 2.4965e+01     17.068 0.0000e+00
        344  86.619523    0.02382     1.4292     85.750  1025.2442  51310.241    31.7215     17.087    7.37829     4.1577     4.1592    25.1636   13.19518 2.4418e+01     17.249 0.0000e+00
        345  86.619525    0.02389     1.4333     86.000  1025.2450  51310.364    31.7214     17.261    7.37832     4.1575     4.1590    25.1636   13.19524 2.3891e+01     17.425 0.0000e+00
        346  86.619528    0.02396     1.4375     86.250  1025.2458  51310.421    31.7213     17.437    7.37836     4.1572     4.1588    25.1636   13.19531 2.3366e+01     17.603 0.0000e+00
        347  86.619531    0.02403     1.4417     86.500  1025.2466  51310.526    31.7213     17.619    7.37841     4.1569     4.1586    25.1635   13.19538 2.2835e+01     17.787 0.0000e+00
        348  86.619534    0.02410     1.4458     86.750  1025.2475  51310.761    31.7213     17.809    7.37845     4.1567     4.1584    25.1636   13.19546 2.2297e+01     17.978 0.0000e+00
        349  86.619537    0.02417     1.4500     87.000  1025.2485  51311.053    31.7213     18.007    7.37850     4.1564     4.1581    25.1636   13.19553 2.1755e+01     18.178 0.0000e+00
        350  86.619540    0.02424     1.4542     87.250  1025.2495  51311.336    31.7214     18.208    7.37854     4.1562     4.1579    25.1637   13.19560 2.1218e+01     18.381 0.0000e+00
        351  86.619543    0.02431     1.4583     87.500  1025.2505  51311.580    31.7214     18.412    7.37858     4.1559     4.1576    25.1637   13.19566 2.0693e+01     18.587 0.0000e+00
        352  86.619546    0.02438     1.4625     87.750  1025.2514  51311.683    31.7213     18.614    7.37862     4.1556     4.1574    25.1637   13.19574 2.0187e+01     18.791 0.0000e+00
        353  86.619549    0.02444     1.4667     88.000  1025.2522  51311.590    31.7210     18.816    7.37868     4.1551     4.1571    25.1635   13.19583 1.9697e+01     18.995 0.0000e+00
        354  86.619552    0.02451     1.4708     88.250  1025.2530  51311.447    31.7208     19.017    7.37876     4.1545     4.1568    25.1633   13.19596 1.9220e+01     19.198 0.0000e+00
        355  86.619554    0.02458     1.4750     88.500  1025.2538  51311.426    31.7205     19.219    7.37886     4.1538     4.1563    25.1632   13.19613 1.8754e+01     19.401 0.0000e+00
        356  86.619557    0.02465     1.4792     88.750  1025.2547  51311.611    31.7204     19.420    7.37897     4.1531     4.1557    25.1631   13.19632 1.8300e+01     19.605 0.0000e+00
        357  86.619560    0.02472     1.4833     89.000  1025.2558  51312.109    31.7205     19.622    7.37908     4.1525     4.1551    25.1633   13.19651 1.7858e+01     19.808 0.0000e+00
        358  86.619563    0.02479     1.4875     89.250  1025.2570  51312.900    31.7208     19.823    7.37919     4.1521     4.1544    25.1636   13.19668 1.7427e+01     20.011 0.0000e+00
        359  86.619566    0.02486     1.4917     89.500  1025.2584  51313.831    31.7212     20.023    7.37927     4.1519     4.1539    25.1639   13.19681 1.7012e+01     20.213 0.0000e+00
        360  86.619569    0.02493     1.4958     89.750  1025.2596  51314.699    31.7216     20.220    7.37933     4.1518     4.1534    25.1643   13.19690 1.6615e+01     20.412 0.0000e+00
        361  86.619572    0.02500     1.5000     90.000  1025.2608  51315.326    31.7219     20.413    7.37936     4.1518     4.1532    25.1645   13.19694 1.6235e+01     20.607 0.0000e+00
        362  86.619575    0.02507     1.5042     90.250  1025.2618  51315.717    31.7220     20.604    7.37936     4.1518     4.1531    25.1647   13.19695 1.5866e+01     20.799 0.0000e+00
        363  86.619578    0.02514     1.5083     90.500  1025.2627  51315.948    31.7221     20.793    7.37936     4.1519     4.1531    25.1647   13.19694 1.5502e+01     20.991 0.0000e+00
        364  86.619580    0.02521     1.5125     90.750  1025.2637  51316.123    31.7221     20.984    7.37935     4.1520     4.1531    25.1648   13.19692 1.5144e+01     21.183 0.0000e+00
        365  86.619583    0.02528     1.5167     91.000  1025.2646  51316.313    31.7222     21.177    7.37933     4.1521     4.1532    25.1648   13.19689 1.4790e+01     21.378 0.0000e+00
        366  86.619586    0.02535     1.5208     91.250  1025.2655  51316.418    31.7222     21.371    7.37931     4.1521     4.1534    25.1648   13.19686 1.4440e+01     21.575 0.0000e+00
        367  86.619589    0.02542     1.5250     91.500  1025.2663  51316.359    31.7220     21.567    7.37929     4.1521     4.1535    25.1647   13.19683 1.4098e+01     21.772 0.0000e+00
        368  86.619592    0.02549     1.5292     91.750  1025.2671  51316.284    31.7219     21.761    7.37928     4.1520     4.1536    25.1646   13.19682 1.3766e+01     21.968 0.0000e+00
        369  86.619595    0.02556     1.5333     92.000  1025.2680  51316.291    31.7218     21.953    7.37929     4.1519     4.1536    25.1645   13.19683 1.3445e+01     22.162 0.0000e+00
        370  86.619598    0.02562     1.5375     92.250  1025.2688  51316.314    31.7217     22.143    7.37931     4.1517     4.1535    25.1644   13.19686 1.3135e+01     22.354 0.0000e+00
        371  86.619601    0.02569     1.5417     92.500  1025.2696  51316.330    31.7216     22.332    7.37934     4.1515     4.1534    25.1643   13.19691 1.2835e+01     22.545 0.0000e+00
        372  86.619604    0.02576     1.5458     92.750  1025.2704  51316.389    31.7215     22.521    7.37938     4.1512     4.1532    25.1643   13.19697 1.2540e+01     22.735 0.0000e+00
        373  86.619606    0.02583     1.5500     93.000  1025.2714  51316.642    31.7215     22.711    7.37941     4.1511     4.1529    25.1643   13.19703 1.2249e+01     22.927 0.0000e+00
        374  86.619609    0.02590     1.5542     93.250  1025.2725  51317.140    31.7217     22.904    7.37944     4.1510     4.1527    25.1645   13.19708 1.1960e+01     23.122 0.0000e+00
        375  86.619612    0.02597     1.5583     93.500  1025.2736  51317.710    31.7219     23.101    7.37945     4.1511     4.1526    25.1647   13.19710 1.1674e+01     23.321 0.0000e+00
        376  86.619615    0.02604     1.5625     93.750  1025.2747  51318.163    31.7222     23.301    7.37945     4.1512     4.1525    25.1648   13.19709 1.1393e+01     23.522 0.0000e+00
        377  86.619618    0.02611     1.5667     94.000  1025.2757  51318.398    31.7223     23.501    7.37944     4.1513     4.1526    25.1649   13.19707 1.1118e+01     23.724 0.0000e+00
        378  86.619621    0.02618     1.5708     94.250  1025.2766  51318.447    31.7222     23.701    7.37942     4.1514     4.1527    25.1649   13.19704 1.0851e+01     23.926 0.0000e+00
        379  86.619624    0.02625     1.5750     94.500  1025.2775  51318.444    31.7221     23.900    7.37940     4.1515     4.1529    25.1648   13.19701 1.0594e+01     24.127 0.0000e+00
        380  86.619627    0.02632     1.5792     94.750  1025.2784  51318.463    31.7221     24.096    7.37938     4.1515     4.1530    25.1648   13.19698 1.0347e+01     24.325 0.0000e+00
        381  86.619630    0.02639     1.5833     95.000  1025.2792  51318.504    31.7220     24.289    7.37937     4.1515     4.1531    25.1647   13.19696 1.0109e+01     24.520 0.0000e+00
        382  86.619633    0.02646     1.5875     95.250  1025.2801  51318.576    31.7220     24.481    7.37936     4.1516     4.1531    25.1647   13.19695 9.8785e+00     24.713 0.0000e+00
        383  86.619635    0.02653     1.5917     95.500  1025.2810  51318.675    31.7220     24.673    7.37935     4.1516     4.1532    25.1647   13.19693 9.6504e+00     24.908 0.0000e+00
        384  86.619638    0.02660     1.5958     95.750  1025.2819  51318.778    31.7219     24.868    7.37935     4.1516     4.1532    25.1646   13.19692 9.4243e+00     25.104 0.0000e+00
        385  86.619641    0.02667     1.6000     96.000  1025.2828  51318.903    31.7219     25.066    7.37934     4.1516     4.1532    25.1646   13.19691 9.2004e+00     25.304 0.0000e+00
        386  86.619644    0.02674     1.6042     96.250  1025.2838  51319.067    31.7220     25.267    7.37934     4.1517     4.1533    25.1647   13.19691 8.9787e+00     25.507 0.0000e+00
        387  86.619647    0.02681     1.6083     96.500  1025.2848  51319.203    31.7220     25.471    7.37933     4.1517     4.1533    25.1647   13.19690 8.7606e+00     25.712 0.0000e+00
        388  86.619650    0.02688     1.6125     96.750  1025.2857  51319.247    31.7219     25.675    7.37933     4.1516     4.1533    25.1646   13.19690 8.5477e+00     25.919 0.0000e+00
        389  86.619653    0.02694     1.6167     97.000  1025.2865  51319.242    31.7218     25.880    7.37933     4.1515     4.1533    25.1645   13.19690 8.3404e+00     26.126 0.0000e+00
        390  86.619656    0.02701     1.6208     97.250  1025.2874  51319.237    31.7217     26.085    7.37934     4.1514     4.1533    25.1644   13.19692 8.1372e+00     26.333 0.0000e+00
        391  86.619659    0.02708     1.6250     97.500  1025.2883  51319.209    31.7215     26.290    7.37936     4.1511     4.1532    25.1643   13.19695 7.9380e+00     26.540 0.0000e+00
        392  86.619661    0.02715     1.6292     97.750  1025.2891  51319.134    31.7213     26.495    7.37940     4.1507     4.1531    25.1642   13.19702 7.7444e+00     26.747 0.0000e+00
        393  86.619664    0.02722     1.6333     98.000  1025.2900  51319.171    31.7212     26.700    7.37946     4.1502     4.1528    25.1641   13.19712 7.5577e+00     26.954 0.0000e+00
        394  86.619667    0.02729     1.6375     98.250  1025.2910  51319.460    31.7212     26.903    7.37953     4.1498     4.1524    25.1641   13.19723 7.3780e+00     27.159 0.0000e+00
        395  86.619670    0.02736     1.6417     98.500  1025.2921  51319.914    31.7213     27.103    7.37960     4.1495     4.1520    25.1643   13.19735 7.2056e+00     27.361 0.0000e+00
        396  86.619673    0.02743     1.6458     98.750  1025.2932  51320.446    31.7215     27.300    7.37966     4.1492     4.1516    25.1644   13.19745 7.0410e+00     27.559 0.0000e+00
        397  86.619676    0.02750     1.6500     99.000  1025.2943  51320.984    31.7217     27.493    7.37971     4.1490     4.1512    25.1646   13.19752 6.8829e+00     27.755 0.0000e+00
        398  86.619679    0.02757     1.6542     99.250  1025.2953  51321.468    31.7219     27.685    7.37975     4.1489     4.1510    25.1648   13.19758 6.7287e+00     27.948 0.0000e+00
        399  86.619682    0.02764     1.6583     99.500  1025.2964  51321.909    31.7220     27.876    7.37977     4.1489     4.1509    25.1649   13.19761 6.5772e+00     28.141 0.0000e+00
        400  86.619685    0.02771     1.6625     99.750  1025.2974  51322.313    31.7222     28.069    7.37978     4.1489     4.1508    25.1651   13.19762 6.4277e+00     28.336 0.0000e+00
        401  86.619687    0.02778     1.6667    100.000  1025.2984  51322.621    31.7223     28.264    7.37977     4.1490     4.1507    25.1652   13.19762 6.2795e+00     28.533 0.0000e+00
        402  86.619690    0.02785     1.6708    100.250  1025.2993  51322.758    31.7223     28.462    7.37976     4.1491     4.1508    25.1652   13.19760 6.1328e+00     28.732 0.0000e+00
        403  86.619693    0.02792     1.6750    100.500  1025.3002  51322.776    31.7222     28.661    7.37975     4.1491     4.1509    25.1651   13.19758 5.9890e+00     28.933 0.0000e+00
        404  86.619696    0.02799     1.6792    100.750  1025.3011  51322.797    31.7221     28.859    7.37974     4.1491     4.1510    25.1650   13.19756 5.8501e+00     29.134 0.0000e+00
        405  86.619699    0.02806     1.6833    101.000  1025.3020  51322.860    31.7221     29.055    7.37973     4.1491     4.1511    25.1650   13.19755 5.7169e+00     29.331 0.0000e+00
        406  86.619702    0.02813     1.6875    101.250  1025.3028  51322.912    31.7220     29.248    7.37973     4.1491     4.1511    25.1649   13.19755 5.5880e+00     29.526 0.0000e+00
        407  86.619705    0.02819     1.6917    101.500  1025.3037  51322.949    31.7220     29.440    7.37973     4.1491     4.1511    25.1649   13.19755 5.4619e+00     29.719 0.0000e+00
        408  86.619708    0.02826     1.6958    101.750  1025.3045  51323.054    31.7219     29.632    7.37974     4.1490     4.1510    25.1648   13.19756 5.3374e+00     29.914 0.0000e+00
        409  86.619711    0.02833     1.7000    102.000  1025.3055  51323.219    31.7219     29.827    7.37974     4.1489     4.1510    25.1648   13.19758 5.2140e+00     30.110 0.0000e+00
        410  86.619714    0.02840     1.7042    102.250  1025.3064  51323.409    31.7220     30.024    7.37975     4.1489     4.1509    25.1649   13.19759 5.0919e+00     30.309 0.0000e+00
        411  86.619716    0.02847     1.7083    102.500  1025.3074  51323.627    31.7220     30.223    7.37975     4.1489     4.1509    25.1649   13.19759 4.9724e+00     30.510 0.0000e+00
        412  86.619719    0.02854     1.7125    102.750  1025.3084  51323.828    31.7220     30.422    7.37975     4.1489     4.1509    25.1650   13.19759 4.8564e+00     30.712 0.0000e+00
        413  86.619722    0.02861     1.7167    103.000  1025.3093  51323.976    31.7220     30.620    7.37975     4.1489     4.1509    25.1650   13.19759 4.7448e+00     30.912 0.0000e+00
        414  86.619725    0.02868     1.7208    103.250  1025.3102  51324.112    31.7220     30.816    7.37976     4.1488     4.1509    25.1650   13.19760 4.6374e+00     31.109 0.0000e+00
        415  86.619728    0.02875     1.7250    103.500  1025.3111  51324.259    31.7220     31.010    7.37976     4.1488     4.1509    25.1650   13.19760 4.5330e+00     31.305 0.0000e+00
        416  86.619731    0.02882     1.7292    103.750  1025.3120  51324.400    31.7220     31.204    7.37977     4.1488     4.1508    25.1650   13.19761 4.4305e+00     31.501 0.0000e+00
        417  86.619734    0.02889     1.7333    104.000  1025.3130  51324.535    31.7220     31.401    7.37977     4.1488     4.1508    25.1650   13.19761 4.3287e+00     31.700 0.0000e+00
        418  86.619737    0.02896     1.7375    104.250  1025.3139  51324.678    31.7220     31.600    7.37976     4.1488     4.1509    25.1650   13.19760 4.2283e+00     31.901 0.0000e+00
        419  86.619740    0.02903     1.7417    104.500  1025.3149  51324.859    31.7220     31.802    7.37976     4.1488     4.1509    25.1650   13.19760 4.1299e+00     32.104 0.0000e+00
        420  86.619742    0.02910     1.7458    104.750  1025.3159  51325.065    31.7220     32.004    7.37975     4.1488     4.1509    25.1650   13.19759 4.0342e+00     32.308 0.0000e+00
        421  86.619745    0.02917     1.7500    105.000  1025.3169  51325.266    31.7221     32.204    7.37975     4.1487     4.1509    25.1650   13.19759 3.9417e+00     32.511 0.0000e+00
        422  86.619748    0.02924     1.7542    105.250  1025.3178  51325.461    31.7221     32.402    7.37975     4.1487     4.1509    25.1650   13.19759 3.8526e+00     32.711 0.0000e+00
        423  86.619751    0.02931     1.7583    105.500  1025.3188  51325.641    31.7222     32.597    7.37975     4.1488     4.1509    25.1651   13.19758 3.7663e+00     32.908 0.0000e+00
        424  86.619754    0.02937     1.7625    105.750  1025.3197  51325.777    31.7222     32.792    7.37975     4.1488     4.1509    25.1651   13.19758 3.6820e+00     33.105 0.0000e+00
        425  86.619757    0.02944     1.7667    106.000  1025.3206  51325.846    31.7221     32.987    7.37974     4.1488     4.1509    25.1650   13.19757 3.5990e+00     33.302 0.0000e+00
