CTD-processing/allCTD/CNV--homogene/2018_11-08_t9_s04_cast015.cnv
* Sea-Bird SBE19plus Data File:
* FileName = C:\Users\Kim.Powell\Desktop\Not Processed\2018\2018_11-08_AlongBay, T9_4141\2018_11-08_TRANSECT_STATION_cast015.hex
* Software Version 1.59
* Temperature SN =  4141
* Conductivity SN =  4141
* System UpLoad Time = Nov 13 2018 09:21:11
** 2018_11-08
** Station: 9-04
** Start Time: 14:11
** Depth (m): 99
** Comment:
** Comment:
# nquan = 17
# nvalues = 790                         
# units = specified
# name 0 = scan: Scan Count
# name 1 = timeJ: Julian Days
# name 2 = timeH: Time, Elapsed [hours]
# name 3 = timeM: Time, Elapsed [minutes]
# name 4 = timeS: Time, Elapsed [seconds]
# name 5 = density00: Density [density, kg/m^3]
# name 6 = specc: Specific Conductance [uS/cm]
# name 7 = sal00: Salinity, Practical [PSU]
# name 8 = depSM: Depth [salt water, m], lat = 59.00
# name 9 = oxsolML/L: Oxygen Saturation, Garcia & Gordon [ml/l]
# name 10 = potemp090C: Potential Temperature [ITS-90, deg C]
# name 11 = tv290C: Temperature [ITS-90, deg C]
# name 12 = sigma-é00: Density [sigma-theta, kg/m^3]
# name 13 = n2satML/L: Nitrogen Saturation [ml/l]
# name 14 = par: PAR/Irradiance, Biospherical/Licor
# name 15 = prdM: Pressure, Strain Gauge [db]
# name 16 = flag:  0.000e+00
# span 0 =          1,        790       
# span 1 = 312.591285, 312.593568       
# span 2 =    0.00000,    0.05479       
# span 3 =     0.0000,     3.2875       
# span 4 =      0.000,    197.250       
# span 5 =  1023.3184,  1024.3388       
# span 6 =  47669.230,  48831.481       
# span 7 =    29.8874,    30.7928       
# span 8 =      0.658,     95.869       
# span 9 =    6.70257,    6.88760       
# span 10 =     7.5848,     8.5201      
# span 11 =     7.5848,     8.5296      
# span 12 =    23.3144,    23.8970      
# span 13 =   12.09009,   12.40747      
# span 14 = 3.9863e-02, 4.8488e+01      
# span 15 =      0.664,     96.797      
# span 16 = 0.0000e+00, 0.0000e+00      
# interval = seconds: 0.25
# start_time = Nov 08 2018 14:11:27 [Instrument's time stamp, header]
# bad_flag = -9.990e-29
*END*
[from data line 511]
        512 312.592763    0.03549     2.1292    127.750  1023.8675  48425.168    30.5097     36.414    6.74102     8.3541     8.3573    23.6994   12.15723 5.8143e-02     36.761 0.0000e+00
        513 312.592766    0.03556     2.1333    128.000  1023.8693  48426.277    30.5104     36.701    6.74098     8.3543     8.3574    23.6999   12.15714 5.7178e-02     37.051 0.0000e+00
        514 312.592769    0.03562     2.1375    128.250  1023.8713  48427.469    30.5112     36.996    6.74091     8.3546     8.3576    23.7005   12.15703 5.6237e-02     37.348 0.0000e+00
        515 312.592772    0.03569     2.1417    128.500  1023.8730  48428.364    30.5117     37.294    6.74085     8.3550     8.3579    23.7009   12.15691 5.5330e-02     37.650 0.0000e+00
        516 312.592775    0.03576     2.1458    128.750  1023.8747  48429.060    30.5121     37.592    6.74078     8.3553     8.3583    23.7011   12.15679 5.4480e-02     37.950 0.0000e+00
        517 312.592778    0.03583     2.1500    129.000  1023.8763  48429.846    30.5126     37.882    6.74070     8.3557     8.3586    23.7015   12.15666 5.3683e-02     38.243 0.0000e+00
        518 312.592781    0.03590     2.1542    129.250  1023.8780  48430.774    30.5131     38.155    6.74062     8.3561     8.3589    23.7019   12.15652 5.2957e-02     38.519 0.0000e+00
        519 312.592784    0.03597     2.1583    129.500  1023.8796  48431.783    30.5138     38.401    6.74053     8.3565     8.3593    23.7023   12.15637 5.2340e-02     38.768 0.0000e+00
        520 312.592786    0.03604     2.1625    129.750  1023.8811  48432.760    30.5144     38.616    6.74044     8.3569     8.3598    23.7028   12.15621 5.1805e-02     38.984 0.0000e+00
        521 312.592789    0.03611     2.1667    130.000  1023.8822  48433.488    30.5149     38.798    6.74035     8.3573     8.3602    23.7031   12.15605 5.1329e-02     39.168 0.0000e+00
        522 312.592792    0.03618     2.1708    130.250  1023.8832  48434.008    30.5153     38.953    6.74027     8.3576     8.3607    23.7033   12.15591 5.0918e-02     39.324 0.0000e+00
        523 312.592795    0.03625     2.1750    130.500  1023.8841  48434.547    30.5157     39.094    6.74019     8.3580     8.3610    23.7035   12.15578 5.0549e-02     39.467 0.0000e+00
        524 312.592798    0.03632     2.1792    130.750  1023.8851  48435.260    30.5161     39.238    6.74012     8.3584     8.3614    23.7039   12.15565 5.0189e-02     39.612 0.0000e+00
        525 312.592801    0.03639     2.1833    131.000  1023.8863  48436.226    30.5168     39.399    6.74003     8.3588     8.3618    23.7043   12.15551 4.9836e-02     39.775 0.0000e+00
        526 312.592804    0.03646     2.1875    131.250  1023.8876  48437.191    30.5174     39.584    6.73994     8.3592     8.3622    23.7048   12.15535 4.9509e-02     39.961 0.0000e+00
        527 312.592807    0.03653     2.1917    131.500  1023.8888  48437.909    30.5179     39.790    6.73985     8.3596     8.3626    23.7051   12.15519 4.9192e-02     40.170 0.0000e+00
        528 312.592810    0.03660     2.1958    131.750  1023.8900  48438.379    30.5182     40.011    6.73977     8.3599     8.3630    23.7053   12.15505 4.8847e-02     40.393 0.0000e+00
        529 312.592812    0.03667     2.2000    132.000  1023.8911  48438.604    30.5183     40.241    6.73971     8.3601     8.3634    23.7053   12.15494 4.8459e-02     40.625 0.0000e+00
        530 312.592815    0.03674     2.2042    132.250  1023.8921  48438.679    30.5183     40.475    6.73966     8.3602     8.3638    23.7053   12.15486 4.8053e-02     40.861 0.0000e+00
        531 312.592818    0.03681     2.2083    132.500  1023.8932  48438.762    30.5183     40.714    6.73962     8.3603     8.3640    23.7052   12.15480 4.7675e-02     41.103 0.0000e+00
        532 312.592821    0.03687     2.2125    132.750  1023.8944  48438.944    30.5184     40.961    6.73959     8.3604     8.3642    23.7053   12.15476 4.7322e-02     41.352 0.0000e+00
        533 312.592824    0.03694     2.2167    133.000  1023.8956  48439.212    30.5185     41.217    6.73957     8.3605     8.3643    23.7053   12.15472 4.6971e-02     41.610 0.0000e+00
        534 312.592827    0.03701     2.2208    133.250  1023.8969  48439.423    30.5185     41.479    6.73955     8.3606     8.3644    23.7054   12.15468 4.6649e-02     41.875 0.0000e+00
        535 312.592830    0.03708     2.2250    133.500  1023.8980  48439.492    30.5185     41.743    6.73953     8.3606     8.3646    23.7053   12.15466 4.6361e-02     42.141 0.0000e+00
        536 312.592833    0.03715     2.2292    133.750  1023.8991  48439.499    30.5184     41.998    6.73952     8.3607     8.3647    23.7052   12.15464 4.6081e-02     42.399 0.0000e+00
        537 312.592836    0.03722     2.2333    134.000  1023.9002  48439.553    30.5184     42.238    6.73951     8.3607     8.3647    23.7051   12.15463 4.5802e-02     42.642 0.0000e+00
        538 312.592839    0.03729     2.2375    134.250  1023.9011  48439.605    30.5183     42.459    6.73951     8.3607     8.3648    23.7051   12.15462 4.5528e-02     42.864 0.0000e+00
        539 312.592841    0.03736     2.2417    134.500  1023.9020  48439.627    30.5182     42.661    6.73951     8.3606     8.3648    23.7050   12.15462 4.5269e-02     43.068 0.0000e+00
        540 312.592844    0.03743     2.2458    134.750  1023.9029  48439.714    30.5182     42.850    6.73951     8.3606     8.3648    23.7050   12.15462 4.5035e-02     43.260 0.0000e+00
        541 312.592847    0.03750     2.2500    135.000  1023.9038  48439.864    30.5182     43.036    6.73951     8.3607     8.3648    23.7051   12.15461 4.4831e-02     43.447 0.0000e+00
        542 312.592850    0.03757     2.2542    135.250  1023.9047  48440.107    30.5183     43.227    6.73950     8.3607     8.3649    23.7051   12.15460 4.4659e-02     43.640 0.0000e+00
        543 312.592853    0.03764     2.2583    135.500  1023.9058  48440.490    30.5185     43.429    6.73948     8.3608     8.3649    23.7053   12.15457 4.4504e-02     43.844 0.0000e+00
        544 312.592856    0.03771     2.2625    135.750  1023.9069  48440.946    30.5187     43.644    6.73946     8.3609     8.3650    23.7055   12.15454 4.4350e-02     44.061 0.0000e+00
        545 312.592859    0.03778     2.2667    136.000  1023.9081  48441.352    30.5189     43.868    6.73944     8.3610     8.3651    23.7056   12.15450 4.4200e-02     44.288 0.0000e+00
        546 312.592862    0.03785     2.2708    136.250  1023.9093  48441.641    30.5190     44.097    6.73942     8.3611     8.3652    23.7057   12.15446 4.4059e-02     44.519 0.0000e+00
        547 312.592865    0.03792     2.2750    136.500  1023.9104  48441.854    30.5191     44.326    6.73940     8.3611     8.3653    23.7057   12.15442 4.3916e-02     44.750 0.0000e+00
        548 312.592867    0.03799     2.2792    136.750  1023.9115  48442.018    30.5191     44.554    6.73938     8.3612     8.3654    23.7057   12.15439 4.3754e-02     44.980 0.0000e+00
        549 312.592870    0.03806     2.2833    137.000  1023.9126  48442.213    30.5192     44.785    6.73936     8.3613     8.3655    23.7057   12.15437 4.3575e-02     45.213 0.0000e+00
        550 312.592873    0.03812     2.2875    137.250  1023.9137  48442.492    30.5193     45.026    6.73935     8.3613     8.3656    23.7058   12.15434 4.3398e-02     45.456 0.0000e+00
        551 312.592876    0.03819     2.2917    137.500  1023.9150  48442.804    30.5194     45.284    6.73933     8.3612     8.3656    23.7059   12.15431 4.3272e-02     45.716 0.0000e+00
        552 312.592879    0.03826     2.2958    137.750  1023.9163  48443.124    30.5195     45.556    6.73932     8.3612     8.3657    23.7060   12.15429 4.3187e-02     45.991 0.0000e+00
        553 312.592882    0.03833     2.3000    138.000  1023.9177  48443.473    30.5196     45.836    6.73931     8.3612     8.3657    23.7061   12.15428 4.3082e-02     46.274 0.0000e+00
        554 312.592885    0.03840     2.3042    138.250  1023.9191  48443.818    30.5198     46.112    6.73931     8.3611     8.3657    23.7062   12.15427 4.2960e-02     46.552 0.0000e+00
        555 312.592888    0.03847     2.3083    138.500  1023.9203  48444.102    30.5199     46.372    6.73930     8.3611     8.3657    23.7063   12.15426 4.2834e-02     46.815 0.0000e+00
        556 312.592891    0.03854     2.3125    138.750  1023.9215  48444.326    30.5199     46.612    6.73930     8.3611     8.3656    23.7063   12.15426 4.2698e-02     47.057 0.0000e+00
        557 312.592894    0.03861     2.3167    139.000  1023.9225  48444.519    30.5200     46.831    6.73931     8.3611     8.3656    23.7064   12.15426 4.2569e-02     47.278 0.0000e+00
        558 312.592896    0.03868     2.3208    139.250  1023.9235  48444.720    30.5200     47.033    6.73931     8.3610     8.3656    23.7064   12.15426 4.2451e-02     47.483 0.0000e+00
        559 312.592899    0.03875     2.3250    139.500  1023.9244  48444.907    30.5200     47.221    6.73931     8.3610     8.3656    23.7064   12.15426 4.2348e-02     47.672 0.0000e+00
        560 312.592902    0.03882     2.3292    139.750  1023.9252  48445.038    30.5200     47.395    6.73931     8.3609     8.3656    23.7064   12.15426 4.2266e-02     47.848 0.0000e+00
        561 312.592905    0.03889     2.3333    140.000  1023.9260  48445.158    30.5200     47.554    6.73931     8.3609     8.3656    23.7065   12.15426 4.2181e-02     48.008 0.0000e+00
        562 312.592908    0.03896     2.3375    140.250  1023.9267  48445.329    30.5201     47.697    6.73931     8.3608     8.3655    23.7065   12.15427 4.2081e-02     48.153 0.0000e+00
        563 312.592911    0.03903     2.3417    140.500  1023.9274  48445.527    30.5201     47.830    6.73932     8.3606     8.3655    23.7066   12.15428 4.1981e-02     48.288 0.0000e+00
        564 312.592914    0.03910     2.3458    140.750  1023.9281  48445.745    30.5202     47.963    6.73933     8.3605     8.3654    23.7066   12.15430 4.1895e-02     48.422 0.0000e+00
        565 312.592917    0.03917     2.3500    141.000  1023.9289  48446.001    30.5203     48.106    6.73934     8.3603     8.3653    23.7067   12.15431 4.1823e-02     48.566 0.0000e+00
        566 312.592920    0.03924     2.3542    141.250  1023.9297  48446.281    30.5205     48.269    6.73936     8.3601     8.3652    23.7068   12.15433 4.1752e-02     48.730 0.0000e+00
        567 312.592922    0.03931     2.3583    141.500  1023.9307  48446.602    30.5206     48.456    6.73938     8.3599     8.3650    23.7069   12.15437 4.1674e-02     48.919 0.0000e+00
        568 312.592925    0.03938     2.3625    141.750  1023.9318  48446.959    30.5207     48.669    6.73940     8.3597     8.3648    23.7071   12.15440 4.1601e-02     49.135 0.0000e+00
        569 312.592928    0.03944     2.3667    142.000  1023.9330  48447.330    30.5208     48.909    6.73942     8.3596     8.3647    23.7072   12.15444 4.1535e-02     49.376 0.0000e+00
        570 312.592931    0.03951     2.3708    142.250  1023.9344  48447.707    30.5210     49.173    6.73944     8.3595     8.3645    23.7073   12.15446 4.1481e-02     49.643 0.0000e+00
        571 312.592934    0.03958     2.3750    142.500  1023.9358  48448.095    30.5211     49.460    6.73945     8.3595     8.3644    23.7075   12.15448 4.1483e-02     49.933 0.0000e+00
        572 312.592937    0.03965     2.3792    142.750  1023.9373  48448.414    30.5212     49.761    6.73945     8.3595     8.3644    23.7076   12.15448 4.1531e-02     50.237 0.0000e+00
        573 312.592940    0.03972     2.3833    143.000  1023.9386  48448.561    30.5212     50.064    6.73945     8.3595     8.3644    23.7075   12.15448 4.1541e-02     50.543 0.0000e+00
        574 312.592943    0.03979     2.3875    143.250  1023.9399  48448.611    30.5211     50.353    6.73945     8.3594     8.3644    23.7075   12.15449 4.1487e-02     50.835 0.0000e+00
        575 312.592946    0.03986     2.3917    143.500  1023.9411  48448.720    30.5210     50.612    6.73946     8.3592     8.3643    23.7074   12.15450 4.1404e-02     51.096 0.0000e+00
        576 312.592948    0.03993     2.3958    143.750  1023.9421  48448.896    30.5210     50.831    6.73947     8.3591     8.3643    23.7074   12.15451 4.1309e-02     51.317 0.0000e+00
        577 312.592951    0.04000     2.4000    144.000  1023.9430  48449.072    30.5211     51.009    6.73948     8.3589     8.3642    23.7075   12.15454 4.1205e-02     51.497 0.0000e+00
        578 312.592954    0.04007     2.4042    144.250  1023.9437  48449.258    30.5211     51.156    6.73950     8.3588     8.3640    23.7075   12.15457 4.1104e-02     51.645 0.0000e+00
        579 312.592957    0.04014     2.4083    144.500  1023.9444  48449.447    30.5212     51.285    6.73952     8.3587     8.3639    23.7076   12.15460 4.1016e-02     51.776 0.0000e+00
        580 312.592960    0.04021     2.4125    144.750  1023.9450  48449.621    30.5212     51.415    6.73954     8.3586     8.3638    23.7076   12.15462 4.0947e-02     51.907 0.0000e+00
        581 312.592963    0.04028     2.4167    145.000  1023.9458  48449.828    30.5213     51.563    6.73955     8.3584     8.3637    23.7077   12.15464 4.0899e-02     52.056 0.0000e+00
        582 312.592966    0.04035     2.4208    145.250  1023.9467  48450.137    30.5214     51.741    6.73956     8.3582     8.3636    23.7079   12.15465 4.0878e-02     52.236 0.0000e+00
        583 312.592969    0.04042     2.4250    145.500  1023.9479  48450.547    30.5216     51.951    6.73957     8.3579     8.3635    23.7080   12.15467 4.0900e-02     52.448 0.0000e+00
        584 312.592972    0.04049     2.4292    145.750  1023.9492  48451.133    30.5219     52.187    6.73959     8.3574     8.3633    23.7083   12.15469 4.0940e-02     52.686 0.0000e+00
        585 312.592975    0.04056     2.4333    146.000  1023.9508  48452.012    30.5223     52.435    6.73961     8.3570     8.3630    23.7087   12.15473 4.0970e-02     52.937 0.0000e+00
        586 312.592977    0.04063     2.4375    146.250  1023.9524  48453.029    30.5229     52.683    6.73965     8.3565     8.3626    23.7092   12.15479 4.0982e-02     53.188 0.0000e+00
        587 312.592980    0.04069     2.4417    146.500  1023.9539  48454.009    30.5234     52.920    6.73970     8.3561     8.3621    23.7096   12.15486 4.0943e-02     53.426 0.0000e+00
        588 312.592983    0.04076     2.4458    146.750  1023.9554  48454.940    30.5239     53.140    6.73974     8.3557     8.3617    23.7101   12.15493 4.0856e-02     53.649 0.0000e+00
        589 312.592986    0.04083     2.4500    147.000  1023.9568  48455.808    30.5243     53.348    6.73978     8.3553     8.3613    23.7105   12.15499 4.0766e-02     53.859 0.0000e+00
        590 312.592989    0.04090     2.4542    147.250  1023.9582  48456.734    30.5248     53.551    6.73981     8.3549     8.3609    23.7109   12.15504 4.0690e-02     54.064 0.0000e+00
        591 312.592992    0.04097     2.4583    147.500  1023.9597  48457.904    30.5255     53.760    6.73984     8.3544     8.3606    23.7115   12.15507 4.0633e-02     54.275 0.0000e+00
        592 312.592995    0.04104     2.4625    147.750  1023.9615  48459.421    30.5264     53.983    6.73987     8.3539     8.3601    23.7123   12.15511 4.0601e-02     54.499 0.0000e+00
        593 312.592998    0.04111     2.4667    148.000  1023.9636  48461.349    30.5276     54.221    6.73989     8.3535     8.3596    23.7133   12.15513 4.0584e-02     54.740 0.0000e+00
        594 312.593001    0.04118     2.4708    148.250  1023.9660  48463.735    30.5291     54.473    6.73990     8.3531     8.3591    23.7145   12.15512 4.0555e-02     54.995 0.0000e+00
        595 312.593003    0.04125     2.4750    148.500  1023.9686  48466.516    30.5308     54.735    6.73988     8.3529     8.3588    23.7160   12.15507 4.0513e-02     55.260 0.0000e+00
