CTD-processing/allCTD/CNV--homogene/2018_06-25_t4_s10_cast133.cnv
* Sea-Bird SBE19plus Data File:
* FileName = C:\Users\Kim.Powell\Desktop\Not Processed\2018\2018_06-XX\2018_06-XX_TRANSECT_STATION_cast133.hex
* Software Version 1.59
* Temperature SN =  5028
* Conductivity SN =  5028
* System UpLoad Time = Jul 05 2018 09:50:31
** 2018_06-25
** Station: 4-10
** Start Time: 12:27
** Depth (m): 19
** Comment:
** Comment:
# nquan = 17
# nvalues = 467                         
# units = specified
# name 0 = scan: Scan Count
# name 1 = timeJ: Julian Days
# name 2 = timeH: Time, Elapsed [hours]
# name 3 = timeM: Time, Elapsed [minutes]
# name 4 = timeS: Time, Elapsed [seconds]
# name 5 = density00: Density [density, kg/m^3]
# name 6 = specc: Specific Conductance [uS/cm]
# name 7 = sal00: Salinity, Practical [PSU]
# name 8 = depSM: Depth [salt water, m], lat = 59.00
# name 9 = oxsolML/L: Oxygen Saturation, Garcia & Gordon [ml/l]
# name 10 = potemp090C: Potential Temperature [ITS-90, deg C]
# name 11 = tv290C: Temperature [ITS-90, deg C]
# name 12 = sigma-é00: Density [sigma-theta, kg/m^3]
# name 13 = n2satML/L: Nitrogen Saturation [ml/l]
# name 14 = par: PAR/Irradiance, Biospherical/Licor
# name 15 = prdM: Pressure, Strain Gauge [db]
# name 16 = flag:  0.000e+00
# span 0 =          1,        467       
# span 1 = 176.518611, 176.519959       
# span 2 =    0.00000,    0.03236       
# span 3 =     0.0000,     1.9417       
# span 4 =      0.000,    116.500       
# span 5 =  1021.2109,  1024.8046       
# span 6 =  44143.300,  50245.819       
# span 7 =    27.8697,    31.6728       
# span 8 =      0.509,     19.139       
# span 9 =    6.43710,    6.80363       
# span 10 =     7.6141,    11.1934      
# span 11 =     7.6158,    11.1935      
# span 12 =    21.2062,    24.7161      
# span 13 =   11.68445,   12.24647      
# span 14 = 2.9891e+00, 3.5540e+02      
# span 15 =      0.514,     19.321      
# span 16 = 0.0000e+00, 0.0000e+00      
# interval = seconds: 0.25
# start_time = Jun 25 2018 12:26:48 [Instrument's time stamp, header]
# bad_flag = -9.990e-29
*END*
[from data line 426]
        427 176.519844    0.02958     1.7750    106.500  1024.4409  49656.138    31.3189     10.753    6.76748     7.9445     7.9516    24.3912   12.19103 1.4741e+01     10.855 0.0000e+00
        428 176.519847    0.02965     1.7792    106.750  1024.4445  49661.183    31.3219     10.939    6.76774     7.9395     7.9490    24.3939   12.19142 1.4154e+01     11.043 0.0000e+00
        429 176.519850    0.02972     1.7833    107.000  1024.4498  49669.195    31.3269     11.148    6.76805     7.9319     7.9455    24.3983   12.19188 1.3535e+01     11.254 0.0000e+00
        430 176.519852    0.02979     1.7875    107.250  1024.4579  49681.939    31.3349     11.379    6.76847     7.9204     7.9406    24.4053   12.19246 1.2903e+01     11.487 0.0000e+00
        431 176.519855    0.02986     1.7917    107.500  1024.4697  49701.286    31.3471     11.625    6.76908     7.9034     7.9331    24.4160   12.19332 1.2279e+01     11.735 0.0000e+00
        432 176.519858    0.02993     1.7958    107.750  1024.4864  49729.545    31.3649     11.878    6.77005     7.8805     7.9216    24.4315   12.19472 1.1679e+01     11.990 0.0000e+00
        433 176.519861    0.03000     1.8000    108.000  1024.5089  49768.046    31.3890     12.131    6.77161     7.8545     7.9046    24.4528   12.19701 1.1111e+01     12.245 0.0000e+00
        434 176.519864    0.03007     1.8042    108.250  1024.5356  49814.206    31.4175     12.380    6.77387     7.8298     7.8817    24.4784   12.20039 1.0575e+01     12.497 0.0000e+00
        435 176.519867    0.03014     1.8083    108.500  1024.5632  49861.787    31.4465     12.626    6.77659     7.8090     7.8558    24.5048   12.20452 1.0065e+01     12.745 0.0000e+00
        436 176.519870    0.03021     1.8125    108.750  1024.5881  49904.599    31.4723     12.868    6.77926     7.7931     7.8310    24.5286   12.20861 9.5801e+00     12.990 0.0000e+00
        437 176.519873    0.03028     1.8167    109.000  1024.6084  49939.364    31.4932     13.103    6.78152     7.7816     7.8103    24.5479   12.21210 9.1320e+00     13.227 0.0000e+00
        438 176.519876    0.03035     1.8208    109.250  1024.6241  49965.748    31.5090     13.323    6.78327     7.7736     7.7944    24.5625   12.21481 8.7375e+00     13.449 0.0000e+00
        439 176.519878    0.03042     1.8250    109.500  1024.6356  49984.946    31.5204     13.517    6.78454     7.7684     7.7829    24.5731   12.21676 8.4105e+00     13.645 0.0000e+00
        440 176.519881    0.03049     1.8292    109.750  1024.6439  49998.503    31.5286     13.679    6.78541     7.7652     7.7749    24.5806   12.21809 8.1549e+00     13.809 0.0000e+00
        441 176.519884    0.03056     1.8333    110.000  1024.6496  50007.860    31.5342     13.809    6.78596     7.7633     7.7698    24.5858   12.21894 7.9586e+00     13.940 0.0000e+00
        442 176.519887    0.03062     1.8375    110.250  1024.6535  50013.987    31.5379     13.914    6.78629     7.7615     7.7666    24.5891   12.21944 7.7963e+00     14.046 0.0000e+00
        443 176.519890    0.03069     1.8417    110.500  1024.6558  50017.441    31.5400     14.013    6.78650     7.7590     7.7646    24.5910   12.21976 7.6343e+00     14.145 0.0000e+00
        444 176.519893    0.03076     1.8458    110.750  1024.6574  50019.465    31.5411     14.130    6.78672     7.7548     7.7629    24.5921   12.22010 7.4380e+00     14.263 0.0000e+00
        445 176.519896    0.03083     1.8500    111.000  1024.6596  50022.224    31.5425     14.288    6.78704     7.7483     7.7604    24.5935   12.22062 7.1850e+00     14.423 0.0000e+00
        446 176.519899    0.03090     1.8542    111.250  1024.6637  50027.955    31.5458     14.502    6.78754     7.7388     7.7562    24.5967   12.22142 6.8737e+00     14.640 0.0000e+00
        447 176.519902    0.03097     1.8583    111.500  1024.6707  50038.424    31.5519     14.774    6.78827     7.7251     7.7497    24.6024   12.22255 6.5186e+00     14.914 0.0000e+00
        448 176.519905    0.03104     1.8625    111.750  1024.6814  50055.118    31.5619     15.089    6.78930     7.7073     7.7402    24.6116   12.22413 6.1422e+00     15.232 0.0000e+00
        449 176.519907    0.03111     1.8667    112.000  1024.6959  50078.729    31.5760     15.424    6.79078     7.6872     7.7266    24.6246   12.22640 5.7715e+00     15.571 0.0000e+00
        450 176.519910    0.03118     1.8708    112.250  1024.7135  50107.820    31.5932     15.757    6.79277     7.6681     7.7087    24.6406   12.22948 5.4288e+00     15.907 0.0000e+00
        451 176.519913    0.03125     1.8750    112.500  1024.7321  50138.871    31.6115     16.074    6.79507     7.6521     7.6887    24.6577   12.23304 5.1245e+00     16.227 0.0000e+00
        452 176.519916    0.03132     1.8792    112.750  1024.7494  50167.844    31.6285     16.370    6.79727     7.6400     7.6696    24.6737   12.23648 4.8630e+00     16.525 0.0000e+00
        453 176.519919    0.03139     1.8833    113.000  1024.7640  50192.117    31.6427     16.634    6.79911     7.6315     7.6536    24.6871   12.23935 4.6508e+00     16.792 0.0000e+00
        454 176.519922    0.03146     1.8875    113.250  1024.7754  50210.780    31.6536     16.857    6.80050     7.6260     7.6415    24.6974   12.24151 4.4882e+00     17.017 0.0000e+00
        455 176.519925    0.03153     1.8917    113.500  1024.7834  50223.819    31.6613     17.039    6.80147     7.6225     7.6331    24.7045   12.24302 4.3601e+00     17.201 0.0000e+00
        456 176.519928    0.03160     1.8958    113.750  1024.7885  50231.770    31.6658     17.198    6.80212     7.6201     7.6276    24.7089   12.24403 4.2459e+00     17.361 0.0000e+00
        457 176.519931    0.03167     1.9000    114.000  1024.7915  50235.933    31.6681     17.353    6.80256     7.6182     7.6241    24.7112   12.24474 4.1308e+00     17.517 0.0000e+00
        458 176.519933    0.03174     1.9042    114.250  1024.7935  50238.241    31.6692     17.519    6.80288     7.6169     7.6217    24.7124   12.24526 4.0065e+00     17.685 0.0000e+00
        459 176.519936    0.03181     1.9083    114.500  1024.7952  50239.967    31.6701     17.704    6.80313     7.6160     7.6199    24.7133   12.24566 3.8704e+00     17.872 0.0000e+00
        460 176.519939    0.03188     1.9125    114.750  1024.7968  50241.298    31.6707     17.908    6.80330     7.6154     7.6185    24.7140   12.24594 3.7255e+00     18.078 0.0000e+00
        461 176.519942    0.03194     1.9167    115.000  1024.7983  50242.175    31.6711     18.127    6.80342     7.6149     7.6177    24.7144   12.24613 3.5767e+00     18.299 0.0000e+00
        462 176.519945    0.03201     1.9208    115.250  1024.7996  50242.768    31.6713     18.354    6.80350     7.6146     7.6171    24.7147   12.24627 3.4295e+00     18.528 0.0000e+00
        463 176.519948    0.03208     1.9250    115.500  1024.8008  50243.336    31.6715     18.580    6.80357     7.6143     7.6166    24.7149   12.24637 3.2903e+00     18.756 0.0000e+00
        464 176.519951    0.03215     1.9292    115.750  1024.8021  50243.966    31.6718     18.794    6.80361     7.6141     7.6163    24.7152   12.24644 3.1661e+00     18.972 0.0000e+00
        465 176.519954    0.03222     1.9333    116.000  1024.8033  50244.717    31.6722     18.975    6.80363     7.6141     7.6160    24.7155   12.24647 3.0682e+00     19.155 0.0000e+00
        466 176.519957    0.03229     1.9375    116.250  1024.8042  50245.480    31.6726     19.097    6.80363 -9.990e-29     7.6158    24.7159   12.24646 3.0084e+00     19.278 0.0000e+00
        467 176.519959    0.03236     1.9417    116.500  1024.8046  50245.819    31.6728     19.139    6.80363 -9.990e-29     7.6158    24.7161   12.24645 2.9891e+00     19.321 0.0000e+00
