CTD-processing/allCTD/CNV--homogene/2018_09-13_t9_s02_cast017.cnv
* Sea-Bird SBE19plus Data File:
* FileName = C:\Users\Kim.Powell\Desktop\Not Processed\2018\2018_09-13_T3, T4, T9_5028\2018_09-13_TRANSECT_STATION_cast017.hex
* Software Version 1.59
* Temperature SN =  5028
* Conductivity SN =  5028
* System UpLoad Time = Sep 14 2018 16:03:30
** 2018_09-13
** Station: 9-02
** Start Time: 14:26
** Depth (m): 74
** Comment:
** Comment:
# nquan = 17
# nvalues = 572                         
# units = specified
# name 0 = scan: Scan Count
# name 1 = timeJ: Julian Days
# name 2 = timeH: Time, Elapsed [hours]
# name 3 = timeM: Time, Elapsed [minutes]
# name 4 = timeS: Time, Elapsed [seconds]
# name 5 = density00: Density [density, kg/m^3]
# name 6 = specc: Specific Conductance [uS/cm]
# name 7 = sal00: Salinity, Practical [PSU]
# name 8 = depSM: Depth [salt water, m], lat = 59.00
# name 9 = oxsolML/L: Oxygen Saturation, Garcia & Gordon [ml/l]
# name 10 = potemp090C: Potential Temperature [ITS-90, deg C]
# name 11 = tv290C: Temperature [ITS-90, deg C]
# name 12 = sigma-é00: Density [sigma-theta, kg/m^3]
# name 13 = n2satML/L: Nitrogen Saturation [ml/l]
# name 14 = par: PAR/Irradiance, Biospherical/Licor
# name 15 = prdM: Pressure, Strain Gauge [db]
# name 16 = flag:  0.000e+00
# span 0 =          1,        572       
# span 1 = 256.602488, 256.604141       
# span 2 =    0.00000,    0.03965       
# span 3 =     0.0000,     2.3792       
# span 4 =      0.000,    142.750       
# span 5 =  1022.4899,  1024.2949       
# span 6 =  46563.983,  49036.860       
# span 7 =    29.6052,    31.0956       
# span 8 =      0.577,     71.935       
# span 9 =    6.32429,    6.53413       
# span 10 =     9.5776,    11.4137      
# span 11 =     9.5849,    11.5264      
# span 12 =    22.4873,    23.9727      
# span 13 =   11.47734,   11.80751      
# span 14 = 6.0402e-02, 9.3239e+02      
# span 15 =      0.583,     72.626      
# span 16 = 0.0000e+00, 0.0000e+00      
# interval = seconds: 0.25
# start_time = Sep 13 2018 14:27:35 [Instrument's time stamp, header]
# bad_flag = -9.990e-29
*END*
          1 256.602488    0.00000     0.0000      0.000  1022.4899  46563.983    29.6052      0.577    6.32429    11.3634    11.5264    22.4873   11.47734 5.6785e+01      0.583 0.0000e+00
          2 256.602491    0.00007     0.0042      0.250  1022.5598  46677.460    29.6771      0.605    6.33228    11.2973    11.4462    22.5571   11.48975 5.8239e+01      0.611 0.0000e+00
          3 256.602494    0.00014     0.0083      0.500  1022.6377  46804.987    29.7586      0.629    6.34022    11.2535    11.3635    22.6348   11.50196 5.9884e+01      0.636 0.0000e+00
          4 256.602497    0.00021     0.0125      0.750  1022.7047  46915.790    29.8300      0.640    6.34633    11.2303    11.2974    22.7018   11.51125 6.1576e+01      0.647 0.0000e+00
          5 256.602500    0.00028     0.0167      1.000  1022.7508  46992.513    29.8797      0.637    6.35029    11.2224    11.2536    22.7479   11.51725 6.3160e+01      0.644 0.0000e+00
          6 256.602503    0.00035     0.0208      1.250  1022.7740  47030.862    29.9043      0.626    6.35245    11.2250    11.2304    22.7711   11.52054 6.4176e+01      0.633 0.0000e+00
          7 256.602506    0.00042     0.0250      1.500  1022.7775  47035.991    29.9072      0.617    6.35340    11.2353    11.2225    22.7747   11.52208 6.4005e+01      0.624 0.0000e+00
          8 256.602509    0.00049     0.0292      1.750  1022.7697  47022.118    29.8977      0.618    6.35343    11.2506    11.2251    22.7668   11.52224 6.2993e+01      0.624 0.0000e+00
          9 256.602512    0.00056     0.0333      2.000  1022.7585  47003.352    29.8856      0.628    6.35252    11.2680    11.2354    22.7556   11.52087 6.2337e+01      0.634 0.0000e+00
         10 256.602514    0.00063     0.0375      2.250  1022.7499  46990.111    29.8778      0.639    6.35073    11.2855    11.2507    22.7470   11.51800 6.2347e+01      0.645 0.0000e+00
         11 256.602517    0.00069     0.0417      2.500  1022.7459  46985.629    29.8765      0.642    6.34842    11.3018    11.2681    22.7430   11.51418 6.2652e+01      0.649 0.0000e+00
         12 256.602520    0.00076     0.0458      2.750  1022.7388  46975.797    29.8713      0.635    6.34624    11.3149    11.2855    22.7360   11.51063 6.2571e+01      0.642 0.0000e+00
         13 256.602523    0.00083     0.0500      3.000  1022.7240  46951.683    29.8560      0.622    6.34463    11.3236    11.3019    22.7212   11.50814 6.1151e+01      0.628 0.0000e+00
         14 256.602526    0.00090     0.0542      3.250  1022.7084  46925.395    29.8388      0.612    6.34354    11.3294    11.3150    22.7056   11.50652 5.9474e+01      0.618 0.0000e+00
         15 256.602529    0.00097     0.0583      3.500  1022.6989  46909.613    29.8286      0.613    6.34276    11.3349    11.3237    22.6961   11.50536 5.9631e+01      0.619 0.0000e+00
         16 256.602532    0.00104     0.0625      3.750  1022.6982  46909.144    29.8289      0.624    6.34196    11.3417    11.3295    22.6953   11.50403 6.1210e+01      0.630 0.0000e+00
         17 256.602535    0.00111     0.0667      4.000  1022.7032  46919.143    29.8365      0.636    6.34092    11.3502    11.3350    22.7003   11.50220 6.3031e+01      0.643 0.0000e+00
         18 256.602538    0.00118     0.0708      4.250  1022.7062  46925.803    29.8419      0.642    6.33977    11.3587    11.3418    22.7033   11.50024 6.4853e+01      0.648 0.0000e+00
         19 256.602541    0.00125     0.0750      4.500  1022.7020  46919.651    29.8384      0.636    6.33876    11.3642    11.3503    22.6992   11.49860 6.6309e+01      0.642 0.0000e+00
         20 256.602543    0.00132     0.0792      4.750  1022.6920  46902.911    29.8275      0.621    6.33803    11.3649    11.3588    22.6892   11.49752 6.6860e+01      0.627 0.0000e+00
         21 256.602546    0.00139     0.0833      5.000  1022.6817  46885.205    29.8156      0.606    6.33777    11.3619    11.3643    22.6790   11.49722 6.6197e+01      0.612 0.0000e+00
         22 256.602549    0.00146     0.0875      5.250  1022.6768  46876.302    29.8094      0.599    6.33793    11.3583    11.3649    22.6740   11.49757 6.5011e+01      0.604 0.0000e+00
         23 256.602552    0.00153     0.0917      5.500  1022.6803  46882.318    29.8133      0.601    6.33818    11.3568    11.3620    22.6776   11.49793 6.4371e+01      0.607 0.0000e+00
         24 256.602555    0.00160     0.0958      5.750  1022.6916  46902.151    29.8269      0.609    6.33812    11.3591    11.3583    22.6888   11.49767 6.4288e+01      0.615 0.0000e+00
         25 256.602558    0.00167     0.1000      6.000  1022.7040  46924.519    29.8425      0.616    6.33770    11.3652    11.3568    22.7012   11.49679 6.4534e+01      0.622 0.0000e+00
         26 256.602561    0.00174     0.1042      6.250  1022.7093  46934.621    29.8499      0.618    6.33709    11.3722    11.3592    22.7065   11.49569 6.5115e+01      0.624 0.0000e+00
         27 256.602564    0.00181     0.1083      6.500  1022.7039  46925.876    29.8444      0.613    6.33648    11.3759    11.3653    22.7011   11.49475 6.5620e+01      0.619 0.0000e+00
         28 256.602567    0.00187     0.1125      6.750  1022.6911  46903.814    29.8295      0.605    6.33612    11.3743    11.3723    22.6884   11.49433 6.5931e+01      0.611 0.0000e+00
         29 256.602569    0.00194     0.1167      7.000  1022.6779  46880.245    29.8133      0.599    6.33627    11.3687    11.3760    22.6752   11.49477 6.6338e+01      0.605 0.0000e+00
         30 256.602572    0.00201     0.1208      7.250  1022.6697  46865.170    29.8025      0.597    6.33692    11.3617    11.3744    22.6671   11.49598 6.6557e+01      0.602 0.0000e+00
         31 256.602575    0.00208     0.1250      7.500  1022.6689  46862.591    29.8001      0.598    6.33778    11.3551    11.3688    22.6662   11.49743 6.6487e+01      0.604 0.0000e+00
         32 256.602578    0.00215     0.1292      7.750  1022.6734  46869.624    29.8043      0.601    6.33857    11.3496    11.3617    22.6707   11.49868 6.6537e+01      0.607 0.0000e+00
         33 256.602581    0.00222     0.1333      8.000  1022.6790  46878.648    29.8100      0.604    6.33923    11.3444    11.3552    22.6762   11.49971 6.6803e+01      0.610 0.0000e+00
         34 256.602584    0.00229     0.1375      8.250  1022.6822  46883.565    29.8129      0.606    6.33987    11.3386    11.3497    22.6794   11.50073 6.7126e+01      0.612 0.0000e+00
         35 256.602587    0.00236     0.1417      8.500  1022.6832  46884.373    29.8129      0.608    6.34057    11.3320    11.3444    22.6804   11.50191 6.7356e+01      0.614 0.0000e+00
         36 256.602590    0.00243     0.1458      8.750  1022.6842  46885.239    29.8130      0.610    6.34135    11.3244    11.3387    22.6814   11.50320 6.7387e+01      0.615 0.0000e+00
         37 256.602593    0.00250     0.1500      9.000  1022.6875  46890.183    29.8158      0.611    6.34214    11.3161    11.3320    22.6847   11.50448 6.7226e+01      0.617 0.0000e+00
         38 256.602595    0.00257     0.1542      9.250  1022.6939  46900.590    29.8224      0.610    6.34291    11.3080    11.3244    22.6911   11.50569 6.6991e+01      0.616 0.0000e+00
         39 256.602598    0.00264     0.1583      9.500  1022.7025  46914.962    29.8317      0.608    6.34366    11.3003    11.3162    22.6998   11.50682 6.6811e+01      0.614 0.0000e+00
         40 256.602601    0.00271     0.1625      9.750  1022.7108  46928.646    29.8405      0.603    6.34442    11.2926    11.3080    22.7081   11.50797 6.6650e+01      0.609 0.0000e+00
         41 256.602604    0.00278     0.1667     10.000  1022.7161  46937.063    29.8456      0.597    6.34525    11.2848    11.3004    22.7134   11.50929 6.6597e+01      0.603 0.0000e+00
         42 256.602607    0.00285     0.1708     10.250  1022.7190  46941.159    29.8477      0.594    6.34621    11.2778    11.2927    22.7163   11.51086 6.6838e+01      0.599 0.0000e+00
         43 256.602610    0.00292     0.1750     10.500  1022.7226  46946.255    29.8505      0.596    6.34717    11.2731    11.2849    22.7198   11.51241 6.7104e+01      0.601 0.0000e+00
         44 256.602613    0.00299     0.1792     10.750  1022.7295  46957.727    29.8579      0.604    6.34782    11.2713    11.2779    22.7268   11.51340 6.7329e+01      0.609 0.0000e+00
         45 256.602616    0.00306     0.1833     11.000  1022.7415  46978.670    29.8721      0.614    6.34789    11.2725    11.2732    22.7387   11.51335 6.7718e+01      0.619 0.0000e+00
         46 256.602619    0.00313     0.1875     11.250  1022.7558  47004.472    29.8901      0.621    6.34741    11.2764    11.2714    22.7530   11.51235 6.8197e+01      0.627 0.0000e+00
         47 256.602622    0.00319     0.1917     11.500  1022.7654  47022.235    29.9028      0.622    6.34674    11.2819    11.2726    22.7626   11.51108 6.8498e+01      0.628 0.0000e+00
         48 256.602624    0.00326     0.1958     11.750  1022.7648  47021.823    29.9029      0.617    6.34620    11.2859    11.2765    22.7620   11.51018 6.8598e+01      0.623 0.0000e+00
         49 256.602627    0.00333     0.2000     12.000  1022.7547  47004.438    29.8912      0.610    6.34592    11.2857    11.2820    22.7520   11.50987 6.8707e+01      0.616 0.0000e+00
         50 256.602630    0.00340     0.2042     12.250  1022.7428  46983.445    29.8768      0.604    6.34596    11.2816    11.2859    22.7401   11.51010 6.8661e+01      0.610 0.0000e+00
         51 256.602633    0.00347     0.2083     12.500  1022.7382  46974.899    29.8707      0.603    6.34623    11.2761    11.2857    22.7354   11.51062 6.8412e+01      0.609 0.0000e+00
         52 256.602636    0.00354     0.2125     12.750  1022.7444  46985.628    29.8779      0.606    6.34650    11.2715    11.2816    22.7417   11.51098 6.8309e+01      0.611 0.0000e+00
         53 256.602639    0.00361     0.2167     13.000  1022.7574  47008.385    29.8933      0.609    6.34662    11.2685    11.2762    22.7547   11.51100 6.8330e+01      0.614 0.0000e+00
         54 256.602642    0.00368     0.2208     13.250  1022.7683  47027.436    29.9063      0.611    6.34673    11.2669    11.2715    22.7655   11.51103 6.8223e+01      0.616 0.0000e+00
         55 256.602645    0.00375     0.2250     13.500  1022.7713  47032.356    29.9095      0.612    6.34701    11.2649    11.2686    22.7685   11.51145 6.8137e+01      0.617 0.0000e+00
         56 256.602648    0.00382     0.2292     13.750  1022.7676  47025.336    29.9043      0.613    6.34744    11.2615    11.2670    22.7648   11.51222 6.8289e+01      0.619 0.0000e+00
         57 256.602650    0.00389     0.2333     14.000  1022.7642  47018.782    29.8995      0.615    6.34790    11.2574    11.2650    22.7614   11.51305 6.8677e+01      0.621 0.0000e+00
         58 256.602653    0.00396     0.2375     14.250  1022.7676  47024.462    29.9032      0.618    6.34821    11.2539    11.2616    22.7648   11.51352 6.9142e+01      0.624 0.0000e+00
         59 256.602656    0.00403     0.2417     14.500  1022.7786  47043.795    29.9164      0.618    6.34825    11.2523    11.2575    22.7758   11.51342 6.9582e+01      0.624 0.0000e+00
         60 256.602659    0.00410     0.2458     14.750  1022.7920  47067.637    29.9329      0.614    6.34806    11.2534    11.2540    22.7891   11.51292 7.0134e+01      0.620 0.0000e+00
         61 256.602662    0.00417     0.2500     15.000  1022.8013  47084.415    29.9445      0.606    6.34780    11.2563    11.2524    22.7985   11.51236 7.0852e+01      0.612 0.0000e+00
         62 256.602665    0.00424     0.2542     15.250  1022.8034  47088.485    29.9475      0.599    6.34754    11.2590    11.2535    22.8006   11.51188 7.1288e+01      0.605 0.0000e+00
         63 256.602668    0.00431     0.2583     15.500  1022.7994  47081.680    29.9430      0.595    6.34732    11.2601    11.2564    22.7966   11.51158 7.1289e+01      0.601 0.0000e+00
         64 256.602671    0.00438     0.2625     15.750  1022.7938  47072.018    29.9365      0.596    6.34722    11.2597    11.2591    22.7911   11.51148 7.1158e+01      0.602 0.0000e+00
         65 256.602674    0.00444     0.2667     16.000  1022.7921  47069.039    29.9345      0.601    6.34715    11.2591    11.2602    22.7894   11.51139 7.0918e+01      0.607 0.0000e+00
         66 256.602677    0.00451     0.2708     16.250  1022.7969  47077.704    29.9405      0.607    6.34696    11.2598    11.2598    22.7942   11.51101 7.0710e+01      0.613 0.0000e+00
         67 256.602679    0.00458     0.2750     16.500  1022.8060  47094.125    29.9520      0.611    6.34658    11.2625    11.2592    22.8032   11.51023 7.0656e+01      0.617 0.0000e+00
         68 256.602682    0.00465     0.2792     16.750  1022.8138  47108.582    29.9623      0.610    6.34607    11.2673    11.2599    22.8111   11.50928 7.0674e+01      0.616 0.0000e+00
         69 256.602685    0.00472     0.2833     17.000  1022.8165  47114.043    29.9664      0.606    6.34554    11.2732    11.2626    22.8138   11.50834 7.0737e+01      0.612 0.0000e+00
         70 256.602688    0.00479     0.2875     17.250  1022.8134  47109.202    29.9635      0.601    6.34500    11.2787    11.2674    22.8107   11.50748 7.0756e+01      0.607 0.0000e+00
         71 256.602691    0.00486     0.2917     17.500  1022.8070  47098.566    29.9566      0.599    6.34448    11.2831    11.2733    22.8043   11.50670 7.0517e+01      0.604 0.0000e+00
         72 256.602694    0.00493     0.2958     17.750  1022.8021  47090.550    29.9515      0.599    6.34394    11.2870    11.2787    22.7994   11.50587 7.0115e+01      0.604 0.0000e+00
         73 256.602697    0.00500     0.3000     18.000  1022.8020  47091.091    29.9524      0.600    6.34331    11.2915    11.2831    22.7993   11.50481 6.9911e+01      0.606 0.0000e+00
         74 256.602700    0.00507     0.3042     18.250  1022.8052  47097.528    29.9573      0.599    6.34258    11.2974    11.2870    22.8025   11.50354 6.9908e+01      0.605 0.0000e+00
         75 256.602703    0.00514     0.3083     18.500  1022.8068  47101.329    29.9605      0.595    6.34184    11.3044    11.2915    22.8041   11.50228 6.9764e+01      0.601 0.0000e+00
         76 256.602705    0.00521     0.3125     18.750  1022.8034  47096.094    29.9574      0.589    6.34116    11.3108    11.2974    22.8007   11.50119 6.9502e+01      0.595 0.0000e+00
         77 256.602708    0.00528     0.3167     19.000  1022.7943  47080.796    29.9474      0.586    6.34060    11.3140    11.3044    22.7917   11.50039 6.9565e+01      0.591 0.0000e+00
         78 256.602711    0.00535     0.3208     19.250  1022.7830  47061.210    29.9342      0.587    6.34026    11.3125    11.3108    22.7804   11.49998 6.9712e+01      0.593 0.0000e+00
         79 256.602714    0.00542     0.3250     19.500  1022.7758  47048.372    29.9255      0.595    6.34019    11.3081    11.3140    22.7730   11.49995 6.9791e+01      0.600 0.0000e+00
         80 256.602717    0.00549     0.3292     19.750  1022.7774  47051.016    29.9272      0.604    6.34032    11.3042    11.3125    22.7746   11.50014 7.0136e+01      0.610 0.0000e+00
         81 256.602720    0.00556     0.3333     20.000  1022.7866  47066.983    29.9380      0.612    6.34048    11.3036    11.3081    22.7838   11.50029 7.0524e+01      0.618 0.0000e+00
         82 256.602723    0.00562     0.3375     20.250  1022.7965  47084.476    29.9499      0.614    6.34053    11.3074    11.3042    22.7937   11.50023 7.0568e+01      0.620 0.0000e+00
         83 256.602726    0.00569     0.3417     20.500  1022.8010  47092.696    29.9556      0.611    6.34037    11.3137    11.3037    22.7983   11.49990 7.0281e+01      0.617 0.0000e+00
         84 256.602729    0.00576     0.3458     20.750  1022.7980  47087.793    29.9526      0.606    6.33999    11.3192    11.3074    22.7952   11.49929 7.0147e+01      0.612 0.0000e+00
         85 256.602731    0.00583     0.3500     21.000  1022.7899  47074.125    29.9436      0.603    6.33949    11.3217    11.3138    22.7872   11.49858 7.0213e+01      0.609 0.0000e+00
