CTD-processing/allCTD/CNV--homogene/2018_03-27_t9_s10_cast021.cnv
* Sea-Bird SBE19plus Data File:
* FileName = P:\My Documents\kasitsna\Research-KBL\Oceanography-AK\CTD-Data-ALL-to-2017-02\2018-CTD-KachemakBay-CookInlet\2018-03-27-CookInlet-Tran9-HomerSpit\2018-03-27-CookInlet-Tran9-cast021.hex
* Software Version 1.59
* Temperature SN =  5028
* Conductivity SN =  5028
* System UpLoad Time = Mar 28 2018 11:06:55
** Cook Inlet LTM Transect 9 Homer Spit Line north to south
** Date: 2018_03-27
** Station: (eg. 9-01): 9-10
** Start time (AKDT): 09:56
** Depth (m): 62.5
** Comment:
** Comment:
# nquan = 17
# nvalues = 574                         
# units = specified
# name 0 = scan: Scan Count
# name 1 = timeJ: Julian Days
# name 2 = timeH: Time, Elapsed [hours]
# name 3 = timeM: Time, Elapsed [minutes]
# name 4 = timeS: Time, Elapsed [seconds]
# name 5 = density00: Density [density, kg/m^3]
# name 6 = specc: Specific Conductance [uS/cm]
# name 7 = sal00: Salinity, Practical [PSU]
# name 8 = depSM: Depth [salt water, m], lat = 59.00
# name 9 = oxsolML/L: Oxygen Saturation, Garcia & Gordon [ml/l]
# name 10 = potemp090C: Potential Temperature [ITS-90, deg C]
# name 11 = tv290C: Temperature [ITS-90, deg C]
# name 12 = sigma-é00: Density [sigma-theta, kg/m^3]
# name 13 = n2satML/L: Nitrogen Saturation [ml/l]
# name 14 = par: PAR/Irradiance, Biospherical/Licor
# name 15 = prdM: Pressure, Strain Gauge [db]
# name 16 = flag:  0.000e+00
# span 0 =          1,        574       
# span 1 =  86.414294,  86.415952       
# span 2 =    0.00000,    0.03979       
# span 3 =     0.0000,     2.3875       
# span 4 =      0.000,    143.250       
# span 5 =  1003.4324,  1025.4321       
# span 6 =   7429.600,  51742.227       
# span 7 =     4.5119,    31.8004       
# span 8 =     -0.077,     54.895       
# span 9 =    7.39214,    8.13502       
# span 10 =     3.0586,     6.9702      
# span 11 =     3.0587,     7.5850      
# span 12 =     3.4328,    25.3096      
# span 13 =   13.22675,   14.84422      
# span 14 = 5.1418e-02, 1.9488e+02      
# span 15 =     -0.078,     55.420      
# span 16 = 0.0000e+00, 0.0000e+00      
# interval = seconds: 0.25
# start_time = Mar 27 2018 09:56:35 [Instrument's time stamp, header]
# bad_flag = -9.990e-29
*END*
[from data line 426]
        427  86.415527    0.02958     1.7750    106.500  1025.2029  51304.913    31.5071     27.967    7.54194     3.3235     3.3233    25.0704   13.46806 8.6998e-02     28.233 0.0000e+00
        428  86.415530    0.02965     1.7792    106.750  1025.2041  51305.513    31.5077     28.134    7.54173     3.3246     3.3242    25.0708   13.46772 8.5209e-02     28.401 0.0000e+00
        429  86.415532    0.02972     1.7833    107.000  1025.2054  51306.382    31.5084     28.299    7.54152     3.3258     3.3251    25.0713   13.46736 8.3529e-02     28.568 0.0000e+00
        430  86.415535    0.02979     1.7875    107.250  1025.2069  51307.575    31.5094     28.469    7.54127     3.3275     3.3262    25.0720   13.46693 8.1939e-02     28.740 0.0000e+00
        431  86.415538    0.02986     1.7917    107.500  1025.2088  51309.388    31.5109     28.646    7.54095     3.3297     3.3275    25.0731   13.46639 8.0444e-02     28.919 0.0000e+00
        432  86.415541    0.02993     1.7958    107.750  1025.2110  51311.606    31.5127     28.831    7.54055     3.3323     3.3292    25.0744   13.46570 7.9106e-02     29.105 0.0000e+00
        433  86.415544    0.03000     1.8000    108.000  1025.2130  51313.321    31.5143     29.019    7.54006     3.3350     3.3314    25.0755   13.46486 7.8064e-02     29.295 0.0000e+00
        434  86.415547    0.03007     1.8042    108.250  1025.2146  51314.230    31.5155     29.207    7.53951     3.3379     3.3339    25.0762   13.46395 7.7525e-02     29.485 0.0000e+00
        435  86.415550    0.03014     1.8083    108.500  1025.2161  51314.878    31.5166     29.391    7.53894     3.3410     3.3367    25.0768   13.46299 7.7752e-02     29.671 0.0000e+00
        436  86.415553    0.03021     1.8125    108.750  1025.2175  51315.436    31.5176     29.569    7.53835     3.3440     3.3397    25.0773   13.46199 7.9129e-02     29.851 0.0000e+00
        437  86.415556    0.03028     1.8167    109.000  1025.2187  51315.606    31.5184     29.740    7.53774     3.3469     3.3427    25.0777   13.46098 8.2223e-02     30.023 0.0000e+00
        438  86.415558    0.03035     1.8208    109.250  1025.2196  51315.401    31.5190     29.905    7.53714     3.3497     3.3457    25.0779   13.45999 8.7780e-02     30.189 0.0000e+00
        439  86.415561    0.03042     1.8250    109.500  1025.2205  51315.174    31.5195     30.067    7.53657     3.3524     3.3487    25.0780   13.45904 9.6740e-02     30.353 0.0000e+00
        440  86.415564    0.03049     1.8292    109.750  1025.2216  51315.320    31.5202     30.229    7.53601     3.3552     3.3515    25.0784   13.45812 1.0923e-01     30.517 0.0000e+00
        441  86.415567    0.03056     1.8333    110.000  1025.2230  51316.017    31.5213     30.394    7.53545     3.3580     3.3542    25.0790   13.45718 1.2321e-01     30.684 0.0000e+00
        442  86.415570    0.03062     1.8375    110.250  1025.2245  51316.858    31.5224     30.563    7.53488     3.3609     3.3569    25.0797   13.45621 1.3597e-01     30.854 0.0000e+00
        443  86.415573    0.03069     1.8417    110.500  1025.2259  51317.434    31.5234     30.736    7.53429     3.3637     3.3598    25.0803   13.45524 1.4155e-01     31.028 0.0000e+00
        444  86.415576    0.03076     1.8458    110.750  1025.2273  51318.073    31.5245     30.912    7.53371     3.3666     3.3627    25.0809   13.45425 1.3537e-01     31.206 0.0000e+00
        445  86.415579    0.03083     1.8500    111.000  1025.2291  51319.252    31.5260     31.090    7.53310     3.3697     3.3655    25.0817   13.45323 1.2394e-01     31.386 0.0000e+00
        446  86.415582    0.03090     1.8542    111.250  1025.2309  51320.592    31.5275     31.269    7.53248     3.3727     3.3684    25.0827   13.45218 1.1427e-01     31.566 0.0000e+00
        447  86.415584    0.03097     1.8583    111.500  1025.2324  51321.289    31.5287     31.449    7.53185     3.3756     3.3715    25.0834   13.45113 1.0674e-01     31.749 0.0000e+00
        448  86.415587    0.03104     1.8625    111.750  1025.2335  51321.218    31.5293     31.631    7.53125     3.3782     3.3745    25.0836   13.45013 1.0066e-01     31.933 0.0000e+00
        449  86.415590    0.03111     1.8667    112.000  1025.2344  51320.746    31.5296     31.815    7.53070     3.3806     3.3774    25.0836   13.44922 9.5656e-02     32.118 0.0000e+00
        450  86.415593    0.03118     1.8708    112.250  1025.2352  51320.217    31.5298     31.999    7.53020     3.3827     3.3801    25.0836   13.44839 9.1496e-02     32.304 0.0000e+00
        451  86.415596    0.03125     1.8750    112.500  1025.2359  51319.588    31.5299     32.181    7.52975     3.3845     3.3824    25.0834   13.44766 8.8026e-02     32.488 0.0000e+00
        452  86.415599    0.03132     1.8792    112.750  1025.2364  51318.688    31.5297     32.358    7.52937     3.3860     3.3846    25.0831   13.44703 8.5137e-02     32.666 0.0000e+00
        453  86.415602    0.03139     1.8833    113.000  1025.2369  51317.826    31.5295     32.529    7.52905     3.3873     3.3864    25.0828   13.44650 8.2693e-02     32.838 0.0000e+00
        454  86.415605    0.03146     1.8875    113.250  1025.2376  51317.410    31.5296     32.694    7.52877     3.3886     3.3879    25.0827   13.44604 8.0553e-02     33.005 0.0000e+00
        455  86.415608    0.03153     1.8917    113.500  1025.2386  51317.665    31.5300     32.858    7.52851     3.3901     3.3892    25.0829   13.44559 7.8642e-02     33.170 0.0000e+00
        456  86.415611    0.03160     1.8958    113.750  1025.2401  51318.835    31.5310     33.023    7.52821     3.3921     3.3905    25.0836   13.44509 7.6928e-02     33.337 0.0000e+00
        457  86.415613    0.03167     1.9000    114.000  1025.2423  51321.326    31.5330     33.193    7.52783     3.3950     3.3920    25.0851   13.44443 7.5385e-02     33.509 0.0000e+00
        458  86.415616    0.03174     1.9042    114.250  1025.2458  51325.977    31.5366     33.368    7.52727     3.3998     3.3940    25.0878   13.44347 7.3989e-02     33.686 0.0000e+00
        459  86.415619    0.03181     1.9083    114.500  1025.2513  51334.195    31.5428     33.551    7.52640     3.4073     3.3970    25.0925   13.44195 7.2718e-02     33.870 0.0000e+00
        460  86.415622    0.03188     1.9125    114.750  1025.2595  51346.802    31.5525     33.740    7.52502     3.4179     3.4018    25.0997   13.43954 7.1551e-02     34.061 0.0000e+00
        461  86.415625    0.03194     1.9167    115.000  1025.2689  51361.121    31.5640     33.934    7.52303     3.4306     3.4093    25.1082   13.43611 7.0476e-02     34.257 0.0000e+00
        462  86.415628    0.03201     1.9208    115.250  1025.2765  51371.246    31.5735     34.132    7.52058     3.4435     3.4199    25.1148   13.43194 6.9486e-02     34.457 0.0000e+00
        463  86.415631    0.03208     1.9250    115.500  1025.2801  51373.748    31.5783     34.331    7.51798     3.4553     3.4326    25.1175   13.42759 6.8583e-02     34.657 0.0000e+00
        464  86.415634    0.03215     1.9292    115.750  1025.2808  51370.697    31.5794     34.530    7.51552     3.4653     3.4456    25.1173   13.42352 6.7767e-02     34.858 0.0000e+00
        465  86.415637    0.03222     1.9333    116.000  1025.2805  51366.133    31.5791     34.729    7.51336     3.4739     3.4573    25.1160   13.41996 6.7030e-02     35.060 0.0000e+00
        466  86.415639    0.03229     1.9375    116.250  1025.2807  51362.843    31.5793     34.930    7.51149     3.4814     3.4673    25.1153   13.41687 6.6352e-02     35.263 0.0000e+00
        467  86.415642    0.03236     1.9417    116.500  1025.2815  51360.925    31.5801     35.132    7.50985     3.4878     3.4760    25.1151   13.41416 6.5721e-02     35.466 0.0000e+00
        468  86.415645    0.03243     1.9458    116.750  1025.2816  51358.124    31.5800     35.333    7.50847     3.4928     3.4835    25.1144   13.41187 6.5132e-02     35.669 0.0000e+00
        469  86.415648    0.03250     1.9500    117.000  1025.2809  51353.875    31.5786     35.534    7.50735     3.4965     3.4899    25.1128   13.41005 6.4572e-02     35.872 0.0000e+00
        470  86.415651    0.03257     1.9542    117.250  1025.2802  51349.809    31.5770     35.736    7.50651     3.4992     3.4950    25.1110   13.40868 6.4029e-02     36.077 0.0000e+00
        471  86.415654    0.03264     1.9583    117.500  1025.2800  51347.106    31.5760     35.940    7.50588     3.5013     3.4986    25.1099   13.40766 6.3507e-02     36.283 0.0000e+00
        472  86.415657    0.03271     1.9625    117.750  1025.2807  51346.169    31.5759     36.147    7.50538     3.5033     3.5013    25.1096   13.40684 6.3008e-02     36.492 0.0000e+00
        473  86.415660    0.03278     1.9667    118.000  1025.2823  51347.000    31.5769     36.356    7.50493     3.5056     3.5035    25.1102   13.40608 6.2527e-02     36.702 0.0000e+00
        474  86.415663    0.03285     1.9708    118.250  1025.2844  51348.866    31.5786     36.565    7.50446     3.5080     3.5056    25.1113   13.40529 6.2074e-02     36.913 0.0000e+00
        475  86.415666    0.03292     1.9750    118.500  1025.2866  51350.737    31.5803     36.773    7.50396     3.5106     3.5078    25.1125   13.40443 6.1653e-02     37.123 0.0000e+00
        476  86.415668    0.03299     1.9792    118.750  1025.2889  51352.883    31.5823     36.981    7.50341     3.5137     3.5102    25.1139   13.40350 6.1255e-02     37.333 0.0000e+00
        477  86.415671    0.03306     1.9833    119.000  1025.2919  51356.282    31.5851     37.189    7.50278     3.5174     3.5128    25.1159   13.40242 6.0881e-02     37.543 0.0000e+00
        478  86.415674    0.03313     1.9875    119.250  1025.2958  51361.154    31.5891     37.396    7.50201     3.5219     3.5159    25.1188   13.40110 6.0534e-02     37.752 0.0000e+00
        479  86.415677    0.03319     1.9917    119.500  1025.2999  51366.488    31.5936     37.600    7.50109     3.5270     3.5197    25.1220   13.39953 6.0212e-02     37.958 0.0000e+00
        480  86.415680    0.03326     1.9958    119.750  1025.3034  51370.301    31.5972     37.803    7.50006     3.5320     3.5243    25.1245   13.39779 5.9906e-02     38.163 0.0000e+00
        481  86.415683    0.03333     2.0000    120.000  1025.3057  51371.835    31.5994     38.005    7.49902     3.5369     3.5293    25.1258   13.39604 5.9614e-02     38.366 0.0000e+00
        482  86.415686    0.03340     2.0042    120.250  1025.3077  51373.006    31.6014     38.205    7.49800     3.5422     3.5343    25.1269   13.39432 5.9332e-02     38.568 0.0000e+00
        483  86.415689    0.03347     2.0083    120.500  1025.3111  51376.717    31.6050     38.405    7.49691     3.5482     3.5392    25.1293   13.39248 5.9053e-02     38.771 0.0000e+00
        484  86.415692    0.03354     2.0125    120.750  1025.3154  51382.046    31.6099     38.608    7.49569     3.5545     3.5445    25.1327   13.39040 5.8776e-02     38.975 0.0000e+00
        485  86.415694    0.03361     2.0167    121.000  1025.3183  51384.590    31.6130     38.814    7.49442     3.5604     3.5505    25.1347   13.38826 5.8497e-02     39.183 0.0000e+00
        486  86.415697    0.03368     2.0208    121.250  1025.3195  51383.841    31.6140     39.023    7.49321     3.5656     3.5568    25.1349   13.38624 5.8217e-02     39.394 0.0000e+00
        487  86.415700    0.03375     2.0250    121.500  1025.3203  51382.383    31.6143     39.233    7.49210     3.5702     3.5627    25.1346   13.38442 5.7943e-02     39.607 0.0000e+00
        488  86.415703    0.03382     2.0292    121.750  1025.3211  51381.188    31.6147     39.446    7.49112     3.5744     3.5679    25.1345   13.38279 5.7680e-02     39.821 0.0000e+00
        489  86.415706    0.03389     2.0333    122.000  1025.3221  51380.374    31.6152     39.658    7.49024     3.5781     3.5726    25.1345   13.38133 5.7431e-02     40.036 0.0000e+00
        490  86.415709    0.03396     2.0375    122.250  1025.3231  51379.656    31.6157     39.869    7.48945     3.5815     3.5768    25.1344   13.38002 5.7204e-02     40.249 0.0000e+00
        491  86.415712    0.03403     2.0417    122.500  1025.3238  51378.612    31.6158     40.077    7.48874     3.5844     3.5806    25.1342   13.37885 5.7004e-02     40.459 0.0000e+00
        492  86.415715    0.03410     2.0458    122.750  1025.3245  51377.539    31.6158     40.282    7.48812     3.5871     3.5839    25.1339   13.37782 5.6823e-02     40.666 0.0000e+00
        493  86.415718    0.03417     2.0500    123.000  1025.3254  51377.091    31.6161     40.483    7.48756     3.5898     3.5869    25.1339   13.37689 5.6654e-02     40.869 0.0000e+00
        494  86.415720    0.03424     2.0542    123.250  1025.3268  51377.581    31.6170     40.680    7.48701     3.5926     3.5897    25.1344   13.37598 5.6489e-02     41.068 0.0000e+00
        495  86.415723    0.03431     2.0583    123.500  1025.3286  51378.769    31.6184     40.874    7.48645     3.5957     3.5923    25.1352   13.37503 5.6328e-02     41.264 0.0000e+00
        496  86.415726    0.03438     2.0625    123.750  1025.3305  51380.313    31.6200     41.068    7.48585     3.5990     3.5951    25.1363   13.37402 5.6175e-02     41.460 0.0000e+00
        497  86.415729    0.03444     2.0667    124.000  1025.3327  51382.169    31.6220     41.263    7.48519     3.6027     3.5982    25.1375   13.37290 5.6029e-02     41.657 0.0000e+00
        498  86.415732    0.03451     2.0708    124.250  1025.3351  51384.349    31.6242     41.464    7.48446     3.6068     3.6015    25.1390   13.37167 5.5883e-02     41.860 0.0000e+00
        499  86.415735    0.03458     2.0750    124.500  1025.3376  51386.559    31.6265     41.670    7.48366     3.6112     3.6053    25.1405   13.37032 5.5733e-02     42.068 0.0000e+00
        500  86.415738    0.03465     2.0792    124.750  1025.3399  51388.343    31.6286     41.879    7.48279     3.6158     3.6094    25.1418   13.36887 5.5585e-02     42.279 0.0000e+00
        501  86.415741    0.03472     2.0833    125.000  1025.3421  51389.946    31.6307     42.090    7.48188     3.6208     3.6137    25.1431   13.36734 5.5444e-02     42.492 0.0000e+00
        502  86.415744    0.03479     2.0875    125.250  1025.3449  51392.491    31.6335     42.300    7.48090     3.6267     3.6183    25.1449   13.36567 5.5306e-02     42.703 0.0000e+00
        503  86.415747    0.03486     2.0917    125.500  1025.3488  51397.126    31.6378     42.506    7.47976     3.6339     3.6234    25.1478   13.36373 5.5172e-02     42.911 0.0000e+00
        504  86.415749    0.03493     2.0958    125.750  1025.3533  51402.648    31.6429     42.708    7.47840     3.6418     3.6293    25.1514   13.36143 5.5045e-02     43.115 0.0000e+00
        505  86.415752    0.03500     2.1000    126.000  1025.3568  51406.004    31.6469     42.907    7.47689     3.6500     3.6365    25.1539   13.35887 5.4928e-02     43.317 0.0000e+00
        506  86.415755    0.03507     2.1042    126.250  1025.3590  51407.081    31.6495     43.106    7.47529     3.6584     3.6445    25.1552   13.35621 5.4816e-02     43.518 0.0000e+00
        507  86.415758    0.03514     2.1083    126.500  1025.3616  51408.629    31.6525     43.305    7.47364     3.6676     3.6527    25.1568   13.35343 5.4707e-02     43.718 0.0000e+00
        508  86.415761    0.03521     2.1125    126.750  1025.3653  51412.262    31.6569     43.503    7.47186     3.6777     3.6611    25.1596   13.35045 5.4601e-02     43.918 0.0000e+00
        509  86.415764    0.03528     2.1167    127.000  1025.3696  51416.896    31.6623     43.700    7.46992     3.6886     3.6703    25.1630   13.34717 5.4505e-02     44.118 0.0000e+00
        510  86.415767    0.03535     2.1208    127.250  1025.3735  51420.514    31.6671     43.897    7.46781     3.6998     3.6804    25.1660   13.34363 5.4413e-02     44.316 0.0000e+00
