CTD-processing/allCTD/CNV--homogene/2018_07-18_alongbay_skb02_cast156.cnv
* Sea-Bird SBE19plus Data File:
* FileName = C:\Users\Kim.Powell\Desktop\Not Processed\2018\2018_07-18_AlongBay,T6,T7_5028\2018_07-18_TRANSECT_STATION_cast156.hex
* Software Version 1.59
* Temperature SN =  5028
* Conductivity SN =  5028
* System UpLoad Time = Jul 19 2018 13:23:15
** 2018_07-18
** Station: KB02
** Start Time: 14:07
** Depth (m): 119.3
** Comment: CTD only got to ~80-90 m
** Comment:
# nquan = 17
# nvalues = 766                         
# units = specified
# name 0 = scan: Scan Count
# name 1 = timeJ: Julian Days
# name 2 = timeH: Time, Elapsed [hours]
# name 3 = timeM: Time, Elapsed [minutes]
# name 4 = timeS: Time, Elapsed [seconds]
# name 5 = density00: Density [density, kg/m^3]
# name 6 = specc: Specific Conductance [uS/cm]
# name 7 = sal00: Salinity, Practical [PSU]
# name 8 = depSM: Depth [salt water, m], lat = 59.00
# name 9 = oxsolML/L: Oxygen Saturation, Garcia & Gordon [ml/l]
# name 10 = potemp090C: Potential Temperature [ITS-90, deg C]
# name 11 = tv290C: Temperature [ITS-90, deg C]
# name 12 = sigma-é00: Density [sigma-theta, kg/m^3]
# name 13 = n2satML/L: Nitrogen Saturation [ml/l]
# name 14 = par: PAR/Irradiance, Biospherical/Licor
# name 15 = prdM: Pressure, Strain Gauge [db]
# name 16 = flag:  0.000e+00
# span 0 =          1,        766       
# span 1 = 199.588993, 199.591207       
# span 2 =    0.00000,    0.05312       
# span 3 =     0.0000,     3.1875       
# span 4 =      0.000,    191.250       
# span 5 =   999.7938,  1025.0420       
# span 6 =    504.930,  50147.548       
# span 7 =     0.2552,    31.6110       
# span 8 =     -0.011,     87.925       
# span 9 =    6.33906,    7.68134       
# span 10 =     7.8179,    11.2997      
# span 11 =     7.8263,    11.2997      
# span 12 =    -0.2062,    24.6362      
# span 13 =   11.48362,   14.13641      
# span 14 = 5.6072e-02, 1.9832e+03      
# span 15 =     -0.011,     88.774      
# span 16 = 0.0000e+00, 0.0000e+00      
# interval = seconds: 0.25
# start_time = Jul 18 2018 14:08:09 [Instrument's time stamp, header]
# bad_flag = -9.990e-29
*END*
[from data line 596]
        597 199.590718    0.04139     2.4833    149.000  1024.8950  50113.467    31.6028     57.964    6.76876     7.8554     7.8617    24.6273   12.18964 6.1878e-02     58.519 0.0000e+00
        598 199.590720    0.04146     2.4875    149.250  1024.8961  50113.679    31.6027     58.191    6.76881     7.8549     7.8613    24.6273   12.18974 6.1712e-02     58.748 0.0000e+00
        599 199.590723    0.04153     2.4917    149.500  1024.8970  50113.611    31.6025     58.408    6.76888     7.8542     7.8609    24.6272   12.18985 6.1563e-02     58.968 0.0000e+00
        600 199.590726    0.04160     2.4958    149.750  1024.8978  50113.407    31.6022     58.618    6.76897     7.8534     7.8605    24.6270   12.18999 6.1423e-02     59.180 0.0000e+00
        601 199.590729    0.04167     2.5000    150.000  1024.8986  50113.243    31.6019     58.826    6.76908     7.8525     7.8598    24.6269   12.19018 6.1290e-02     59.390 0.0000e+00
        602 199.590732    0.04174     2.5042    150.250  1024.8996  50113.378    31.6018     59.035    6.76921     7.8516     7.8590    24.6269   12.19040 6.1163e-02     59.601 0.0000e+00
        603 199.590735    0.04181     2.5083    150.500  1024.9008  50113.890    31.6019     59.246    6.76934     7.8508     7.8581    24.6271   12.19062 6.1042e-02     59.814 0.0000e+00
        604 199.590738    0.04188     2.5125    150.750  1024.9021  50114.573    31.6021     59.461    6.76947     7.8501     7.8572    24.6274   12.19082 6.0921e-02     60.031 0.0000e+00
        605 199.590741    0.04194     2.5167    151.000  1024.9035  50115.263    31.6024     59.679    6.76958     7.8495     7.8565    24.6277   12.19100 6.0796e-02     60.250 0.0000e+00
        606 199.590744    0.04201     2.5208    151.250  1024.9048  50115.874    31.6026     59.895    6.76967     7.8490     7.8558    24.6280   12.19114 6.0672e-02     60.469 0.0000e+00
        607 199.590747    0.04208     2.5250    151.500  1024.9059  50116.319    31.6027     60.110    6.76975     7.8485     7.8552    24.6282   12.19127 6.0553e-02     60.687 0.0000e+00
        608 199.590749    0.04215     2.5292    151.750  1024.9070  50116.552    31.6027     60.326    6.76983     7.8480     7.8547    24.6282   12.19140 6.0433e-02     60.904 0.0000e+00
        609 199.590752    0.04222     2.5333    152.000  1024.9080  50116.640    31.6026     60.543    6.76991     7.8473     7.8543    24.6282   12.19154 6.0319e-02     61.123 0.0000e+00
        610 199.590755    0.04229     2.5375    152.250  1024.9090  50116.801    31.6026     60.763    6.77000     7.8467     7.8537    24.6282   12.19169 6.0223e-02     61.346 0.0000e+00
        611 199.590758    0.04236     2.5417    152.500  1024.9101  50117.118    31.6026     60.991    6.77009     7.8460     7.8531    24.6283   12.19184 6.0138e-02     61.576 0.0000e+00
        612 199.590761    0.04243     2.5458    152.750  1024.9114  50117.498    31.6026     61.227    6.77018     7.8454     7.8525    24.6285   12.19199 6.0058e-02     61.815 0.0000e+00
        613 199.590764    0.04250     2.5500    153.000  1024.9127  50117.965    31.6027     61.471    6.77027     7.8449     7.8519    24.6286   12.19214 5.9976e-02     62.060 0.0000e+00
        614 199.590767    0.04257     2.5542    153.250  1024.9140  50118.530    31.6029     61.716    6.77035     7.8444     7.8513    24.6289   12.19227 5.9888e-02     62.308 0.0000e+00
        615 199.590770    0.04264     2.5583    153.500  1024.9154  50119.113    31.6032     61.956    6.77042     7.8441     7.8508    24.6291   12.19238 5.9793e-02     62.550 0.0000e+00
        616 199.590773    0.04271     2.5625    153.750  1024.9166  50119.643    31.6034     62.183    6.77047     7.8439     7.8504    24.6293   12.19247 5.9698e-02     62.779 0.0000e+00
        617 199.590775    0.04278     2.5667    154.000  1024.9178  50120.048    31.6035     62.395    6.77051     7.8438     7.8501    24.6295   12.19254 5.9609e-02     62.993 0.0000e+00
        618 199.590778    0.04285     2.5708    154.250  1024.9188  50120.283    31.6035     62.597    6.77054     7.8436     7.8499    24.6295   12.19259 5.9528e-02     63.197 0.0000e+00
        619 199.590781    0.04292     2.5750    154.500  1024.9197  50120.384    31.6035     62.796    6.77057     7.8435     7.8497    24.6295   12.19263 5.9453e-02     63.398 0.0000e+00
        620 199.590784    0.04299     2.5792    154.750  1024.9206  50120.456    31.6034     63.000    6.77059     7.8433     7.8496    24.6295   12.19266 5.9387e-02     63.604 0.0000e+00
        621 199.590787    0.04306     2.5833    155.000  1024.9215  50120.570    31.6034     63.214    6.77061     7.8431     7.8494    24.6295   12.19270 5.9330e-02     63.821 0.0000e+00
        622 199.590790    0.04312     2.5875    155.250  1024.9226  50120.744    31.6034     63.438    6.77063     7.8429     7.8493    24.6295   12.19273 5.9272e-02     64.047 0.0000e+00
        623 199.590793    0.04319     2.5917    155.500  1024.9238  50120.994    31.6034     63.668    6.77066     7.8427     7.8491    24.6296   12.19277 5.9211e-02     64.279 0.0000e+00
        624 199.590796    0.04326     2.5958    155.750  1024.9249  50121.318    31.6035     63.897    6.77068     7.8426     7.8490    24.6297   12.19281 5.9148e-02     64.510 0.0000e+00
        625 199.590799    0.04333     2.6000    156.000  1024.9261  50121.682    31.6036     64.120    6.77070     7.8425     7.8488    24.6298   12.19284 5.9077e-02     64.735 0.0000e+00
        626 199.590802    0.04340     2.6042    156.250  1024.9272  50122.049    31.6038     64.333    6.77071     7.8425     7.8486    24.6300   12.19286 5.9007e-02     64.950 0.0000e+00
        627 199.590804    0.04347     2.6083    156.500  1024.9282  50122.371    31.6039     64.538    6.77071     7.8425     7.8486    24.6301   12.19287 5.8949e-02     65.157 0.0000e+00
        628 199.590807    0.04354     2.6125    156.750  1024.9292  50122.535    31.6039     64.739    6.77071     7.8426     7.8486    24.6301   12.19286 5.8895e-02     65.360 0.0000e+00
        629 199.590810    0.04361     2.6167    157.000  1024.9300  50122.493    31.6038     64.940    6.77071     7.8425     7.8487    24.6300   12.19286 5.8838e-02     65.563 0.0000e+00
        630 199.590813    0.04368     2.6208    157.250  1024.9308  50122.383    31.6036     65.147    6.77071     7.8424     7.8487    24.6299   12.19286 5.8782e-02     65.772 0.0000e+00
        631 199.590816    0.04375     2.6250    157.500  1024.9317  50122.291    31.6035     65.364    6.77072     7.8422     7.8487    24.6297   12.19288 5.8731e-02     65.991 0.0000e+00
        632 199.590819    0.04382     2.6292    157.750  1024.9326  50122.159    31.6033     65.593    6.77074     7.8419     7.8486    24.6296   12.19292 5.8682e-02     66.223 0.0000e+00
        633 199.590822    0.04389     2.6333    158.000  1024.9336  50122.095    31.6031     65.831    6.77078     7.8416     7.8484    24.6295   12.19299 5.8624e-02     66.462 0.0000e+00
        634 199.590825    0.04396     2.6375    158.250  1024.9348  50122.290    31.6031     66.069    6.77082     7.8413     7.8481    24.6295   12.19305 5.8559e-02     66.703 0.0000e+00
        635 199.590828    0.04403     2.6417    158.500  1024.9360  50122.680    31.6032     66.300    6.77086     7.8412     7.8479    24.6296   12.19311 5.8503e-02     66.936 0.0000e+00
        636 199.590830    0.04410     2.6458    158.750  1024.9371  50123.123    31.6034     66.517    6.77089     7.8411     7.8476    24.6298   12.19316 5.8466e-02     67.156 0.0000e+00
        637 199.590833    0.04417     2.6500    159.000  1024.9383  50123.565    31.6036     66.721    6.77090     7.8410     7.8475    24.6300   12.19318 5.8435e-02     67.362 0.0000e+00
        638 199.590836    0.04424     2.6542    159.250  1024.9393  50123.913    31.6037     66.918    6.77091     7.8411     7.8474    24.6301   12.19319 5.8399e-02     67.560 0.0000e+00
        639 199.590839    0.04431     2.6583    159.500  1024.9403  50124.145    31.6038     67.113    6.77090     7.8412     7.8474    24.6302   12.19318 5.8358e-02     67.757 0.0000e+00
        640 199.590842    0.04437     2.6625    159.750  1024.9412  50124.379    31.6038     67.312    6.77089     7.8414     7.8475    24.6302   12.19316 5.8320e-02     67.958 0.0000e+00
        641 199.590845    0.04444     2.6667    160.000  1024.9422  50124.606    31.6039     67.515    6.77086     7.8417     7.8476    24.6303   12.19311 5.8283e-02     68.163 0.0000e+00
        642 199.590848    0.04451     2.6708    160.250  1024.9432  50124.767    31.6040     67.720    6.77082     7.8421     7.8479    24.6303   12.19304 5.8242e-02     68.370 0.0000e+00
        643 199.590851    0.04458     2.6750    160.500  1024.9441  50124.936    31.6041     67.924    6.77077     7.8424     7.8482    24.6303   12.19296 5.8205e-02     68.576 0.0000e+00
        644 199.590854    0.04465     2.6792    160.750  1024.9450  50125.026    31.6041     68.126    6.77071     7.8427     7.8486    24.6303   12.19286 5.8173e-02     68.780 0.0000e+00
        645 199.590856    0.04472     2.6833    161.000  1024.9458  50124.921    31.6040     68.329    6.77067     7.8429     7.8489    24.6301   12.19279 5.8143e-02     68.985 0.0000e+00
        646 199.590859    0.04479     2.6875    161.250  1024.9466  50124.664    31.6038     68.535    6.77063     7.8429     7.8492    24.6299   12.19273 5.8112e-02     69.194 0.0000e+00
        647 199.590862    0.04486     2.6917    161.500  1024.9473  50124.302    31.6034     68.748    6.77061     7.8428     7.8494    24.6297   12.19270 5.8078e-02     69.409 0.0000e+00
        648 199.590865    0.04493     2.6958    161.750  1024.9480  50124.007    31.6031     68.968    6.77062     7.8425     7.8494    24.6294   12.19271 5.8043e-02     69.631 0.0000e+00
        649 199.590868    0.04500     2.7000    162.000  1024.9490  50124.006    31.6030     69.191    6.77064     7.8423     7.8493    24.6293   12.19275 5.8013e-02     69.857 0.0000e+00
        650 199.590871    0.04507     2.7042    162.250  1024.9501  50124.273    31.6031     69.414    6.77067     7.8422     7.8491    24.6294   12.19280 5.7985e-02     70.081 0.0000e+00
        651 199.590874    0.04514     2.7083    162.500  1024.9512  50124.653    31.6032     69.629    6.77070     7.8421     7.8489    24.6295   12.19284 5.7958e-02     70.299 0.0000e+00
        652 199.590877    0.04521     2.7125    162.750  1024.9523  50125.044    31.6034     69.834    6.77071     7.8420     7.8488    24.6297   12.19287 5.7928e-02     70.505 0.0000e+00
        653 199.590880    0.04528     2.7167    163.000  1024.9533  50125.365    31.6035     70.028    6.77072     7.8421     7.8487    24.6298   12.19287 5.7890e-02     70.701 0.0000e+00
        654 199.590883    0.04535     2.7208    163.250  1024.9543  50125.600    31.6036     70.219    6.77072     7.8421     7.8487    24.6299   12.19287 5.7845e-02     70.895 0.0000e+00
        655 199.590885    0.04542     2.7250    163.500  1024.9552  50125.808    31.6036     70.416    6.77071     7.8422     7.8487    24.6299   12.19285 5.7802e-02     71.093 0.0000e+00
        656 199.590888    0.04549     2.7292    163.750  1024.9562  50126.052    31.6037     70.620    6.77069     7.8424     7.8488    24.6300   12.19283 5.7763e-02     71.299 0.0000e+00
        657 199.590891    0.04556     2.7333    164.000  1024.9572  50126.317    31.6039     70.823    6.77067     7.8426     7.8489    24.6300   12.19279 5.7725e-02     71.504 0.0000e+00
        658 199.590894    0.04562     2.7375    164.250  1024.9581  50126.581    31.6040     71.008    6.77064     7.8429     7.8491    24.6301   12.19273 5.7691e-02     71.690 0.0000e+00
        659 199.590897    0.04569     2.7417    164.500  1024.9589  50126.849    31.6042     71.152    6.77060     7.8433     7.8493    24.6302   12.19266 5.7665e-02     71.836 0.0000e+00
        660 199.590900    0.04576     2.7458    164.750  1024.9595  50127.139    31.6044     71.242    6.77054     7.8438     7.8496    24.6303   12.19257 5.7642e-02     71.927 0.0000e+00
        661 199.590903    0.04583     2.7500    165.000  1024.9598  50127.422    31.6046     71.286    6.77047     7.8444     7.8501    24.6305   12.19245 5.7617e-02     71.972 0.0000e+00
        662 199.590906    0.04590     2.7542    165.250  1024.9599  50127.503    31.6047     71.298    6.77038     7.8451     7.8506    24.6305   12.19230 5.7596e-02     71.984 0.0000e+00
        663 199.590909    0.04597     2.7583    165.500  1024.9597  50127.259    31.6047     71.288    6.77028     7.8456     7.8512    24.6304   12.19214 5.7591e-02     71.974 0.0000e+00
        664 199.590911    0.04604     2.7625    165.750  1024.9594  50126.867    31.6045     71.265    6.77020     7.8461     7.8518    24.6302   12.19200 5.7588e-02     71.950 0.0000e+00
        665 199.590914    0.04611     2.7667    166.000  1024.9591  50126.476    31.6043     71.240    6.77012     7.8464     7.8524    24.6300   12.19188 5.7576e-02     71.924 0.0000e+00
        666 199.590917    0.04618     2.7708    166.250  1024.9587  50125.963    31.6040     71.223    6.77007     7.8465     7.8528    24.6297   12.19179 5.7559e-02     71.907 0.0000e+00
        667 199.590920    0.04625     2.7750    166.500  1024.9584  50125.268    31.6036     71.225    6.77003     7.8464     7.8531    24.6293   12.19174 5.7535e-02     71.909 0.0000e+00
        668 199.590923    0.04632     2.7792    166.750  1024.9581  50124.565    31.6031     71.258    6.77003     7.8461     7.8533    24.6289   12.19175 5.7511e-02     71.942 0.0000e+00
        669 199.590926    0.04639     2.7833    167.000  1024.9581  50124.047    31.6027     71.335    6.77006     7.8457     7.8532    24.6286   12.19180 5.7493e-02     72.021 0.0000e+00
        670 199.590929    0.04646     2.7875    167.250  1024.9586  50123.868    31.6025     71.468    6.77012     7.8452     7.8529    24.6284   12.19190 5.7480e-02     72.155 0.0000e+00
        671 199.590932    0.04653     2.7917    167.500  1024.9595  50124.073    31.6025     71.651    6.77019     7.8448     7.8524    24.6285   12.19201 5.7471e-02     72.340 0.0000e+00
        672 199.590935    0.04660     2.7958    167.750  1024.9606  50124.494    31.6026     71.862    6.77025     7.8445     7.8520    24.6287   12.19211 5.7464e-02     72.553 0.0000e+00
        673 199.590938    0.04667     2.8000    168.000  1024.9618  50124.946    31.6027     72.072    6.77030     7.8442     7.8516    24.6288   12.19220 5.7451e-02     72.765 0.0000e+00
        674 199.590940    0.04674     2.8042    168.250  1024.9629  50125.368    31.6029     72.268    6.77034     7.8441     7.8513    24.6290   12.19226 5.7430e-02     72.963 0.0000e+00
        675 199.590943    0.04681     2.8083    168.500  1024.9639  50125.734    31.6030     72.450    6.77037     7.8440     7.8511    24.6291   12.19230 5.7404e-02     73.147 0.0000e+00
        676 199.590946    0.04688     2.8125    168.750  1024.9648  50126.027    31.6031     72.629    6.77038     7.8440     7.8510    24.6292   12.19232 5.7373e-02     73.327 0.0000e+00
        677 199.590949    0.04694     2.8167    169.000  1024.9657  50126.249    31.6032     72.814    6.77038     7.8440     7.8509    24.6293   12.19233 5.7340e-02     73.514 0.0000e+00
        678 199.590952    0.04701     2.8208    169.250  1024.9666  50126.438    31.6032     73.013    6.77038     7.8440     7.8509    24.6294   12.19233 5.7309e-02     73.715 0.0000e+00
        679 199.590955    0.04708     2.8250    169.500  1024.9677  50126.663    31.6033     73.223    6.77038     7.8441     7.8510    24.6294   12.19232 5.7282e-02     73.928 0.0000e+00
        680 199.590958    0.04715     2.8292    169.750  1024.9687  50126.920    31.6034     73.432    6.77036     7.8443     7.8510    24.6294   12.19229 5.7271e-02     74.138 0.0000e+00
