CTD-processing/allCTD/CNV--homogene/2018_12-06_t9_s09_cast043.cnv
* Sea-Bird SBE19plus Data File:
* FileName = C:\Users\Kim.Powell\Desktop\Not Processed\2018\2018_12-06_AlongBay, T9_4141\2018_12-06_TRANSECT_STATION_cast043.hex
* Software Version 1.59
* Temperature SN =  4141
* Conductivity SN =  4141
* System UpLoad Time = Jan 10 2019 10:06:35
** 2018_12-06
** Station: 9-09
** Start Time: 15:41
** Depth (m): 82
** Comment:
** Comment:
# nquan = 17
# nvalues = 697                         
# units = specified
# name 0 = scan: Scan Count
# name 1 = timeJ: Julian Days
# name 2 = timeH: Time, Elapsed [hours]
# name 3 = timeM: Time, Elapsed [minutes]
# name 4 = timeS: Time, Elapsed [seconds]
# name 5 = density00: Density [density, kg/m^3]
# name 6 = specc: Specific Conductance [uS/cm]
# name 7 = sal00: Salinity, Practical [PSU]
# name 8 = depSM: Depth [salt water, m], lat = 59.00
# name 9 = oxsolML/L: Oxygen Saturation, Garcia & Gordon [ml/l]
# name 10 = potemp090C: Potential Temperature [ITS-90, deg C]
# name 11 = tv290C: Temperature [ITS-90, deg C]
# name 12 = sigma-é00: Density [sigma-theta, kg/m^3]
# name 13 = n2satML/L: Nitrogen Saturation [ml/l]
# name 14 = par: PAR/Irradiance, Biospherical/Licor
# name 15 = prdM: Pressure, Strain Gauge [db]
# name 16 = flag:  0.000e+00
# span 0 =          1,        697       
# span 1 = 340.653264, 340.655278       
# span 2 =    0.00000,    0.04833       
# span 3 =     0.0000,     2.9000       
# span 4 =      0.000,    174.000       
# span 5 =  1023.5978,  1024.6188       
# span 6 =  48192.186,  49460.339       
# span 7 =    30.0432,    31.1447       
# span 8 =      0.558,     77.144       
# span 9 =    6.78268,    7.08009       
# span 10 =     6.3429,     7.8955      
# span 11 =     6.3429,     7.9028      
# span 12 =    23.5949,    24.2623      
# span 13 =   12.21832,   12.72405      
# span 14 = 3.9762e-02, 6.9015e+00      
# span 15 =      0.563,     77.887      
# span 16 = 0.0000e+00, 0.0000e+00      
# interval = seconds: 0.25
# start_time = Dec 06 2018 15:40:42 [Instrument's time stamp, header]
# bad_flag = -9.990e-29
*END*
[from data line 256]
        257 340.654005    0.01778     1.0667     64.000  1023.6112  48216.579    30.0607      0.647    7.07683     6.3712     6.3716    23.6082   12.71854 5.8529e+00      0.652 0.0000e+00
        258 340.654008    0.01785     1.0708     64.250  1023.6118  48217.657    30.0614      0.638    7.07685     6.3715     6.3713    23.6088   12.71857 5.8642e+00      0.643 0.0000e+00
        259 340.654010    0.01792     1.0750     64.500  1023.6124  48218.916    30.0623      0.628    7.07681     6.3720     6.3713    23.6095   12.71850 5.9311e+00      0.634 0.0000e+00
        260 340.654013    0.01799     1.0792     64.750  1023.6134  48220.822    30.0636      0.624    7.07672     6.3729     6.3715    23.6105   12.71832 6.0023e+00      0.630 0.0000e+00
        261 340.654016    0.01806     1.0833     65.000  1023.6146  48222.946    30.0652      0.626    7.07656     6.3739     6.3720    23.6117   12.71803 6.0358e+00      0.632 0.0000e+00
        262 340.654019    0.01812     1.0875     65.250  1023.6157  48224.889    30.0667      0.633    7.07635     6.3751     6.3729    23.6128   12.71767 6.0619e+00      0.639 0.0000e+00
        263 340.654022    0.01819     1.0917     65.500  1023.6164  48226.112    30.0677      0.641    7.07612     6.3761     6.3740    23.6135   12.71728 6.0903e+00      0.647 0.0000e+00
        264 340.654025    0.01826     1.0958     65.750  1023.6164  48225.962    30.0678      0.645    7.07592     6.3766     6.3751    23.6134   12.71695 6.1298e+00      0.651 0.0000e+00
        265 340.654028    0.01833     1.1000     66.000  1023.6151  48223.480    30.0663      0.644    7.07582     6.3762     6.3762    23.6121   12.71681 6.1981e+00      0.650 0.0000e+00
        266 340.654031    0.01840     1.1042     66.250  1023.6120  48217.958    30.0626      0.637    7.07591     6.3748     6.3767    23.6091   12.71699 6.2743e+00      0.643 0.0000e+00
        267 340.654034    0.01847     1.1083     66.500  1023.6087  48211.874    30.0584      0.628    7.07617     6.3729     6.3763    23.6058   12.71748 6.2943e+00      0.634 0.0000e+00
        268 340.654036    0.01854     1.1125     66.750  1023.6067  48208.375    30.0557      0.624    7.07652     6.3710     6.3749    23.6039   12.71810 6.2395e+00      0.630 0.0000e+00
        269 340.654039    0.01861     1.1167     67.000  1023.6061  48207.269    30.0546      0.628    7.07690     6.3692     6.3730    23.6032   12.71873 6.1579e+00      0.634 0.0000e+00
        270 340.654042    0.01868     1.1208     67.250  1023.6059  48206.933    30.0540      0.639    7.07725     6.3676     6.3710    23.6030   12.71932 6.0841e+00      0.645 0.0000e+00
        271 340.654045    0.01875     1.1250     67.500  1023.6056  48206.280    30.0532      0.650    7.07758     6.3660     6.3692    23.6026   12.71988 6.0321e+00      0.656 0.0000e+00
        272 340.654048    0.01882     1.1292     67.750  1023.6049  48205.019    30.0521      0.653    7.07790     6.3645     6.3676    23.6019   12.72042 6.0025e+00      0.660 0.0000e+00
        273 340.654051    0.01889     1.1333     68.000  1023.6046  48204.516    30.0514      0.647    7.07819     6.3635     6.3660    23.6016   12.72091 5.9954e+00      0.653 0.0000e+00
        274 340.654054    0.01896     1.1375     68.250  1023.6058  48206.820    30.0528      0.635    7.07838     6.3637     6.3645    23.6028   12.72120 5.9843e+00      0.641 0.0000e+00
        275 340.654057    0.01903     1.1417     68.500  1023.6093  48213.421    30.0571      0.626    7.07834     6.3660     6.3635    23.6064   12.72108 5.9381e+00      0.631 0.0000e+00
        276 340.654060    0.01910     1.1458     68.750  1023.6160  48225.764    30.0657      0.625    7.07790     6.3704     6.3638    23.6131   12.72024 5.8790e+00      0.630 0.0000e+00
        277 340.654063    0.01917     1.1500     69.000  1023.6241  48240.496    30.0762      0.633    7.07704     6.3757     6.3660    23.6211   12.71868 5.8262e+00      0.639 0.0000e+00
        278 340.654065    0.01924     1.1542     69.250  1023.6287  48248.818    30.0827      0.642    7.07600     6.3803     6.3704    23.6257   12.71689 5.7793e+00      0.648 0.0000e+00
        279 340.654068    0.01931     1.1583     69.500  1023.6278  48246.931    30.0824      0.644    7.07513     6.3829     6.3758    23.6248   12.71545 5.7623e+00      0.650 0.0000e+00
        280 340.654071    0.01938     1.1625     69.750  1023.6230  48237.934    30.0770      0.636    7.07461     6.3833     6.3804    23.6200   12.71467 5.8052e+00      0.642 0.0000e+00
        281 340.654074    0.01944     1.1667     70.000  1023.6172  48227.280    30.0701      0.622    7.07450     6.3820     6.3830    23.6143   12.71457 5.8703e+00      0.628 0.0000e+00
        282 340.654077    0.01951     1.1708     70.250  1023.6129  48219.514    30.0648      0.613    7.07469     6.3801     6.3834    23.6101   12.71495 5.8942e+00      0.619 0.0000e+00
        283 340.654080    0.01958     1.1750     70.500  1023.6105  48215.098    30.0616      0.615    7.07505     6.3782     6.3821    23.6077   12.71559 5.8616e+00      0.620 0.0000e+00
        284 340.654083    0.01965     1.1792     70.750  1023.6098  48213.745    30.0603      0.628    7.07544     6.3768     6.3802    23.6069   12.71624 5.7908e+00      0.634 0.0000e+00
        285 340.654086    0.01972     1.1833     71.000  1023.6109  48215.807    30.0614      0.644    7.07571     6.3760     6.3782    23.6080   12.71668 5.7375e+00      0.651 0.0000e+00
        286 340.654089    0.01979     1.1875     71.250  1023.6124  48218.538    30.0630      0.654    7.07587     6.3753     6.3768    23.6094   12.71692 5.7593e+00      0.660 0.0000e+00
        287 340.654091    0.01986     1.1917     71.500  1023.6125  48218.675    30.0629      0.650    7.07600     6.3747     6.3760    23.6094   12.71714 5.8581e+00      0.656 0.0000e+00
        288 340.654094    0.01993     1.1958     71.750  1023.6121  48218.063    30.0624      0.634    7.07613     6.3745     6.3754    23.6091   12.71737 5.9925e+00      0.640 0.0000e+00
        289 340.654097    0.02000     1.2000     72.000  1023.6136  48220.971    30.0643      0.615    7.07615     6.3756     6.3747    23.6107   12.71738 6.0985e+00      0.621 0.0000e+00
        290 340.654100    0.02007     1.2042     72.250  1023.6181  48229.352    30.0701      0.606    7.07591     6.3790     6.3745    23.6152   12.71691 6.1249e+00      0.612 0.0000e+00
        291 340.654103    0.02014     1.2083     72.500  1023.6262  48244.239    30.0805      0.612    7.07524     6.3852     6.3756    23.6233   12.71566 6.0853e+00      0.618 0.0000e+00
        292 340.654106    0.02021     1.2125     72.750  1023.6370  48263.776    30.0945      0.630    7.07402     6.3934     6.3790    23.6340   12.71347 6.0118e+00      0.636 0.0000e+00
        293 340.654109    0.02028     1.2167     73.000  1023.6448  48277.914    30.1054      0.649    7.07249     6.4014     6.3852    23.6418   12.71080 5.9301e+00      0.655 0.0000e+00
        294 340.654112    0.02035     1.2208     73.250  1023.6459  48279.453    30.1079      0.658    7.07102     6.4073     6.3934    23.6428   12.70832 5.8887e+00      0.664 0.0000e+00
        295 340.654115    0.02042     1.2250     73.500  1023.6419  48272.008    30.1042      0.654    7.06986     6.4103     6.4015    23.6389   12.70646 5.8727e+00      0.660 0.0000e+00
        296 340.654117    0.02049     1.2292     73.750  1023.6350  48259.110    30.0964      0.637    7.06924     6.4100     6.4074    23.6320   12.70554 5.8420e+00      0.643 0.0000e+00
        297 340.654120    0.02056     1.2333     74.000  1023.6267  48243.970    30.0865      0.617    7.06922     6.4075     6.4103    23.6238   12.70563 5.8381e+00      0.623 0.0000e+00
        298 340.654123    0.02063     1.2375     74.250  1023.6202  48232.190    30.0783      0.603    7.06964     6.4038     6.4101    23.6174   12.70642 5.8787e+00      0.609 0.0000e+00
        299 340.654126    0.02069     1.2417     74.500  1023.6168  48225.951    30.0736      0.602    7.07028     6.4000     6.4075    23.6140   12.70756 5.9020e+00      0.608 0.0000e+00
        300 340.654129    0.02076     1.2458     74.750  1023.6153  48223.188    30.0710      0.615    7.07101     6.3962     6.4038    23.6124   12.70879 5.8940e+00      0.621 0.0000e+00
        301 340.654132    0.02083     1.2500     75.000  1023.6136  48219.991    30.0681      0.637    7.07177     6.3924     6.4000    23.6106   12.71009 5.8877e+00      0.643 0.0000e+00
        302 340.654135    0.02090     1.2542     75.250  1023.6118  48216.665    30.0651      0.656    7.07254     6.3889     6.3963    23.6087   12.71139 5.8687e+00      0.662 0.0000e+00
        303 340.654138    0.02097     1.2583     75.500  1023.6115  48216.255    30.0642      0.661    7.07321     6.3855     6.3925    23.6084   12.71252 5.8492e+00      0.667 0.0000e+00
        304 340.654141    0.02104     1.2625     75.750  1023.6106  48214.726    30.0625      0.649    7.07387     6.3817     6.3890    23.6075   12.71363 5.8366e+00      0.655 0.0000e+00
        305 340.654144    0.02111     1.2667     76.000  1023.6071  48208.631    30.0577      0.628    7.07466     6.3771     6.3856    23.6042   12.71498 5.7855e+00      0.634 0.0000e+00
        306 340.654146    0.02118     1.2708     76.250  1023.6035  48202.148    30.0526      0.608    7.07554     6.3722     6.3817    23.6006   12.71651 5.7299e+00      0.614 0.0000e+00
        307 340.654149    0.02125     1.2750     76.500  1023.6009  48197.623    30.0487      0.602    7.07648     6.3672     6.3772    23.5981   12.71811 5.7416e+00      0.608 0.0000e+00
        308 340.654152    0.02132     1.2792     76.750  1023.5987  48193.793    30.0452      0.612    7.07745     6.3625     6.3723    23.5959   12.71976 5.8027e+00      0.619 0.0000e+00
        309 340.654155    0.02139     1.2833     77.000  1023.5978  48192.186    30.0432      0.633    7.07837     6.3587     6.3673    23.5949   12.72131 5.8480e+00      0.640 0.0000e+00
        310 340.654158    0.02146     1.2875     77.250  1023.5991  48194.605    30.0440      0.652    7.07912     6.3561     6.3626    23.5961   12.72254 5.8794e+00      0.659 0.0000e+00
        311 340.654161    0.02153     1.2917     77.500  1023.6014  48198.884    30.0462      0.659    7.07965     6.3546     6.3587    23.5983   12.72338 5.9517e+00      0.665 0.0000e+00
        312 340.654164    0.02160     1.2958     77.750  1023.6036  48203.055    30.0487      0.650    7.07997     6.3541     6.3561    23.6005   12.72389 6.0398e+00      0.657 0.0000e+00
        313 340.654167    0.02167     1.3000     78.000  1023.6059  48207.436    30.0514      0.632    7.08009     6.3546     6.3546    23.6029   12.72405 6.0787e+00      0.638 0.0000e+00
        314 340.654170    0.02174     1.3042     78.250  1023.6086  48212.531    30.0549      0.615    7.08001     6.3561     6.3541    23.6057   12.72388 6.0522e+00      0.621 0.0000e+00
        315 340.654172    0.02181     1.3083     78.500  1023.6115  48217.884    30.0587      0.608    7.07975     6.3585     6.3546    23.6086   12.72340 5.9836e+00      0.613 0.0000e+00
        316 340.654175    0.02187     1.3125     78.750  1023.6145  48223.406    30.0627      0.613    7.07931     6.3617     6.3562    23.6117   12.72262 5.9395e+00      0.619 0.0000e+00
        317 340.654178    0.02194     1.3167     79.000  1023.6181  48229.897    30.0676      0.627    7.07868     6.3658     6.3586    23.6152   12.72152 5.9362e+00      0.633 0.0000e+00
        318 340.654181    0.02201     1.3208     79.250  1023.6215  48235.874    30.0723      0.642    7.07792     6.3701     6.3618    23.6185   12.72020 5.9456e+00      0.648 0.0000e+00
        319 340.654184    0.02208     1.3250     79.500  1023.6235  48239.307    30.0754      0.650    7.07711     6.3743     6.3658    23.6205   12.71882 5.9790e+00      0.656 0.0000e+00
        320 340.654187    0.02215     1.3292     79.750  1023.6243  48240.621    30.0770      0.646    7.07630     6.3779     6.3702    23.6213   12.71747 6.0345e+00      0.652 0.0000e+00
        321 340.654190    0.02222     1.3333     80.000  1023.6238  48239.722    30.0772      0.633    7.07560     6.3804     6.3744    23.6208   12.71631 6.0817e+00      0.639 0.0000e+00
        322 340.654193    0.02229     1.3375     80.250  1023.6222  48236.697    30.0757      0.616    7.07508     6.3820     6.3779    23.6193   12.71547 6.0729e+00      0.622 0.0000e+00
        323 340.654196    0.02236     1.3417     80.500  1023.6203  48233.334    30.0739      0.604    7.07474     6.3830     6.3805    23.6175   12.71493 5.9941e+00      0.610 0.0000e+00
        324 340.654198    0.02243     1.3458     80.750  1023.6194  48231.526    30.0729      0.603    7.07452     6.3838     6.3821    23.6166   12.71458 5.9309e+00      0.609 0.0000e+00
        325 340.654201    0.02250     1.3500     81.000  1023.6196  48231.745    30.0732      0.614    7.07435     6.3847     6.3831    23.6167   12.71428 5.9150e+00      0.620 0.0000e+00
        326 340.654204    0.02257     1.3542     81.250  1023.6198  48232.008    30.0735      0.629    7.07419     6.3853     6.3839    23.6169   12.71402 5.8781e+00      0.635 0.0000e+00
        327 340.654207    0.02264     1.3583     81.500  1023.6195  48231.275    30.0731      0.639    7.07408     6.3857     6.3847    23.6165   12.71383 5.8552e+00      0.645 0.0000e+00
        328 340.654210    0.02271     1.3625     81.750  1023.6190  48230.509    30.0727      0.636    7.07399     6.3860     6.3853    23.6161   12.71370 5.9128e+00      0.642 0.0000e+00
        329 340.654213    0.02278     1.3667     82.000  1023.6188  48230.140    30.0726      0.623    7.07393     6.3861     6.3857    23.6159   12.71360 5.9736e+00      0.628 0.0000e+00
        330 340.654216    0.02285     1.3708     82.250  1023.6187  48230.036    30.0726      0.605    7.07389     6.3862     6.3860    23.6158   12.71353 5.9213e+00      0.611 0.0000e+00
        331 340.654219    0.02292     1.3750     82.500  1023.6187  48230.134    30.0727      0.594    7.07386     6.3863     6.3861    23.6159   12.71348 5.7763e+00      0.599 0.0000e+00
        332 340.654222    0.02299     1.3792     82.750  1023.6191  48230.989    30.0733      0.596    7.07382     6.3868     6.3862    23.6164   12.71341 5.6739e+00      0.601 0.0000e+00
        333 340.654225    0.02306     1.3833     83.000  1023.6209  48234.047    30.0754      0.611    7.07370     6.3881     6.3864    23.6180   12.71318 5.6653e+00      0.616 0.0000e+00
        334 340.654227    0.02313     1.3875     83.250  1023.6240  48239.699    30.0794      0.630    7.07343     6.3900     6.3869    23.6211   12.71268 5.7047e+00      0.635 0.0000e+00
        335 340.654230    0.02319     1.3917     83.500  1023.6268  48244.641    30.0830      0.642    7.07305     6.3920     6.3881    23.6238   12.71201 5.7832e+00      0.647 0.0000e+00
        336 340.654233    0.02326     1.3958     83.750  1023.6270  48244.891    30.0835      0.640    7.07270     6.3932     6.3901    23.6240   12.71142 5.8883e+00      0.646 0.0000e+00
        337 340.654236    0.02333     1.4000     84.000  1023.6246  48240.602    30.0809      0.627    7.07249     6.3933     6.3921    23.6217   12.71111 5.9569e+00      0.633 0.0000e+00
        338 340.654239    0.02340     1.4042     84.250  1023.6216  48235.144    30.0774      0.614    7.07246     6.3927     6.3933    23.6187   12.71111 5.9574e+00      0.620 0.0000e+00
        339 340.654242    0.02347     1.4083     84.500  1023.6196  48231.580    30.0749      0.610    7.07256     6.3919     6.3934    23.6168   12.71130 5.9212e+00      0.615 0.0000e+00
        340 340.654245    0.02354     1.4125     84.750  1023.6194  48231.030    30.0744      0.618    7.07269     6.3914     6.3928    23.6165   12.71152 5.8619e+00      0.623 0.0000e+00
