CTD-processing/allCTD/CNV--homogene/2018_04-23_alongbay_skb13_cast081.cnv
* Sea-Bird SBE19plus Data File:
* FileName = C:\Users\Kim.Powell\Desktop\Not Processed\2018\2018_04-23_AlongBay, T4, T9_5028\2018_04-23_TRANSECT_STATION_cast081.hex
* Software Version 1.59
* Temperature SN =  5028
* Conductivity SN =  5028
* System UpLoad Time = Apr 24 2018 10:16:39
** 2018_04-24
** Station: KB13
** Start Time: 18:30
** Depth (m): 27.5
** Comment:
** Comment:
# nquan = 17
# nvalues = 365                         
# units = specified
# name 0 = scan: Scan Count
# name 1 = timeJ: Julian Days
# name 2 = timeH: Time, Elapsed [hours]
# name 3 = timeM: Time, Elapsed [minutes]
# name 4 = timeS: Time, Elapsed [seconds]
# name 5 = density00: Density [density, kg/m^3]
# name 6 = specc: Specific Conductance [uS/cm]
# name 7 = sal00: Salinity, Practical [PSU]
# name 8 = depSM: Depth [salt water, m], lat = 59.00
# name 9 = oxsolML/L: Oxygen Saturation, Garcia & Gordon [ml/l]
# name 10 = potemp090C: Potential Temperature [ITS-90, deg C]
# name 11 = tv290C: Temperature [ITS-90, deg C]
# name 12 = sigma-é00: Density [sigma-theta, kg/m^3]
# name 13 = n2satML/L: Nitrogen Saturation [ml/l]
# name 14 = par: PAR/Irradiance, Biospherical/Licor
# name 15 = prdM: Pressure, Strain Gauge [db]
# name 16 = flag:  0.000e+00
# span 0 =          1,        365       
# span 1 = 113.770938, 113.771991       
# span 2 =    0.00000,    0.02528       
# span 3 =     0.0000,     1.5167       
# span 4 =      0.000,     91.000       
# span 5 =  1005.5859,  1025.1934       
# span 6 =  11820.063,  51147.873       
# span 7 =     7.1114,    31.6159       
# span 8 =     -0.127,     25.046       
# span 9 =    7.20706,    8.44448       
# span 10 =     4.1948,     5.3922      
# span 11 =     4.1963,     5.4636      
# span 12 =     5.5865,    25.0761      
# span 13 =   12.91548,   15.32798      
# span 14 = 7.0038e-02, 2.8893e+02      
# span 15 =     -0.129,     25.283      
# span 16 = 0.0000e+00, 0.0000e+00      
# interval = seconds: 0.25
# start_time = Apr 23 2018 18:30:09 [Instrument's time stamp, header]
# bad_flag = -9.990e-29
*END*
[from data line 86]
         87 113.771186    0.00597     0.3583     21.500  1024.9077  50689.185    31.5209      0.754    7.21784     5.1341     5.1274    24.9042   12.93288 1.4296e+02      0.761 0.0000e+00
         88 113.771189    0.00604     0.3625     21.750  1024.9064  50686.287    31.5197      0.756    7.21731     5.1376     5.1309    24.9029   12.93201 1.4268e+02      0.763 0.0000e+00
         89 113.771192    0.00611     0.3667     22.000  1024.9053  50683.986    31.5188      0.757    7.21678     5.1413     5.1342    24.9018   12.93116 1.4217e+02      0.764 0.0000e+00
         90 113.771195    0.00618     0.3708     22.250  1024.9041  50681.422    31.5177      0.757    7.21623     5.1449     5.1376    24.9006   12.93026 1.4226e+02      0.764 0.0000e+00
         91 113.771198    0.00625     0.3750     22.500  1024.9026  50678.241    31.5163      0.756    7.21567     5.1481     5.1413    24.8991   12.92935 1.4242e+02      0.763 0.0000e+00
         92 113.771201    0.00632     0.3792     22.750  1024.9008  50674.606    31.5146      0.755    7.21514     5.1508     5.1449    24.8973   12.92849 1.4228e+02      0.763 0.0000e+00
         93 113.771204    0.00639     0.3833     23.000  1024.8991  50671.082    31.5129      0.756    7.21466     5.1531     5.1481    24.8956   12.92773 1.4238e+02      0.764 0.0000e+00
         94 113.771207    0.00646     0.3875     23.250  1024.8978  50668.386    31.5116      0.758    7.21425     5.1554     5.1509    24.8943   12.92707 1.4207e+02      0.765 0.0000e+00
         95 113.771209    0.00653     0.3917     23.500  1024.8970  50666.646    31.5109      0.760    7.21389     5.1579     5.1532    24.8934   12.92647 1.4105e+02      0.767 0.0000e+00
         96 113.771212    0.00660     0.3958     23.750  1024.8963  50665.045    31.5103      0.761    7.21353     5.1608     5.1555    24.8927   12.92589 1.4101e+02      0.768 0.0000e+00
         97 113.771215    0.00667     0.4000     24.000  1024.8951  50662.635    31.5091      0.760    7.21315     5.1640     5.1580    24.8915   12.92527 1.4273e+02      0.767 0.0000e+00
         98 113.771218    0.00674     0.4042     24.250  1024.8934  50659.141    31.5073      0.758    7.21274     5.1671     5.1609    24.8898   12.92462 1.4412e+02      0.765 0.0000e+00
         99 113.771221    0.00681     0.4083     24.500  1024.8912  50654.749    31.5050      0.756    7.21231     5.1697     5.1640    24.8876   12.92395 1.4392e+02      0.763 0.0000e+00
        100 113.771224    0.00688     0.4125     24.750  1024.8888  50649.983    31.5024      0.755    7.21190     5.1717     5.1671    24.8852   12.92330 1.4333e+02      0.762 0.0000e+00
        101 113.771227    0.00694     0.4167     25.000  1024.8866  50645.738    31.5000      0.756    7.21156     5.1731     5.1698    24.8830   12.92277 1.4301e+02      0.763 0.0000e+00
        102 113.771230    0.00701     0.4208     25.250  1024.8851  50642.730    31.4983      0.758    7.21130     5.1744     5.1717    24.8815   12.92237 1.4291e+02      0.765 0.0000e+00
        103 113.771233    0.00708     0.4250     25.500  1024.8843  50641.253    31.4976      0.760    7.21108     5.1760     5.1732    24.8808   12.92202 1.4367e+02      0.767 0.0000e+00
        104 113.771236    0.00715     0.4292     25.750  1024.8843  50640.980    31.4977      0.761    7.21085     5.1778     5.1745    24.8807   12.92164 1.4517e+02      0.768 0.0000e+00
        105 113.771238    0.00722     0.4333     26.000  1024.8841  50640.566    31.4977      0.760    7.21059     5.1800     5.1760    24.8806   12.92121 1.4563e+02      0.767 0.0000e+00
        106 113.771241    0.00729     0.4375     26.250  1024.8832  50638.589    31.4968      0.758    7.21032     5.1824     5.1779    24.8796   12.92077 1.4433e+02      0.765 0.0000e+00
        107 113.771244    0.00736     0.4417     26.500  1024.8811  50634.554    31.4945      0.756    7.21005     5.1846     5.1801    24.8775   12.92035 1.4328e+02      0.763 0.0000e+00
        108 113.771247    0.00743     0.4458     26.750  1024.8782  50628.954    31.4911      0.756    7.20980     5.1865     5.1824    24.8746   12.91999 1.4393e+02      0.763 0.0000e+00
        109 113.771250    0.00750     0.4500     27.000  1024.8754  50623.568    31.4879      0.758    7.20958     5.1880     5.1846    24.8718   12.91967 1.4454e+02      0.765 0.0000e+00
        110 113.771253    0.00757     0.4542     27.250  1024.8739  50620.699    31.4863      0.761    7.20934     5.1892     5.1865    24.8704   12.91928 1.4380e+02      0.768 0.0000e+00
        111 113.771256    0.00764     0.4583     27.500  1024.8741  50620.749    31.4867      0.762    7.20906     5.1902     5.1880    24.8705   12.91881 1.4222e+02      0.769 0.0000e+00
        112 113.771259    0.00771     0.4625     27.750  1024.8746  50621.632    31.4876      0.761    7.20880     5.1909     5.1893    24.8710   12.91838 1.4101e+02      0.768 0.0000e+00
        113 113.771262    0.00778     0.4667     28.000  1024.8745  50621.299    31.4875      0.759    7.20863     5.1915     5.1902    24.8709   12.91811 1.4122e+02      0.766 0.0000e+00
        114 113.771264    0.00785     0.4708     28.250  1024.8736  50619.575    31.4865      0.758    7.20856     5.1919     5.1910    24.8700   12.91800 1.4211e+02      0.765 0.0000e+00
        115 113.771267    0.00792     0.4750     28.500  1024.8726  50617.730    31.4853      0.758    7.20852     5.1923     5.1915    24.8690   12.91795 1.4232e+02      0.765 0.0000e+00
        116 113.771270    0.00799     0.4792     28.750  1024.8723  50617.109    31.4850      0.759    7.20846     5.1925     5.1920    24.8687   12.91785 1.4246e+02      0.767 0.0000e+00
        117 113.771273    0.00806     0.4833     29.000  1024.8728  50617.949    31.4857      0.760    7.20837     5.1927     5.1923    24.8692   12.91769 1.4352e+02      0.768 0.0000e+00
        118 113.771276    0.00813     0.4875     29.250  1024.8736  50619.455    31.4868      0.761    7.20827     5.1928     5.1926    24.8701   12.91751 1.4465e+02      0.768 0.0000e+00
        119 113.771279    0.00819     0.4917     29.500  1024.8745  50621.096    31.4879      0.761    7.20819     5.1928     5.1928    24.8710   12.91735 1.4502e+02      0.768 0.0000e+00
        120 113.771282    0.00826     0.4958     29.750  1024.8756  50623.126    31.4893      0.760    7.20810     5.1929     5.1929    24.8721   12.91719 1.4481e+02      0.767 0.0000e+00
        121 113.771285    0.00833     0.5000     30.000  1024.8769  50625.538    31.4910      0.758    7.20801     5.1929     5.1929    24.8734   12.91703 1.4422e+02      0.765 0.0000e+00
        122 113.771288    0.00840     0.5042     30.250  1024.8780  50627.528    31.4924      0.756    7.20794     5.1928     5.1929    24.8744   12.91690 1.4413e+02      0.763 0.0000e+00
        123 113.771291    0.00847     0.5083     30.500  1024.8785  50628.466    31.4930      0.754    7.20791     5.1928     5.1929    24.8749   12.91683 1.4550e+02      0.761 0.0000e+00
        124 113.771293    0.00854     0.5125     30.750  1024.8786  50628.803    31.4932      0.752    7.20790     5.1928     5.1929    24.8751   12.91681 1.4690e+02      0.759 0.0000e+00
        125 113.771296    0.00861     0.5167     31.000  1024.8789  50629.272    31.4935      0.751    7.20789     5.1928     5.1929    24.8754   12.91680 1.4694e+02      0.758 0.0000e+00
        126 113.771299    0.00868     0.5208     31.250  1024.8790  50629.361    31.4936      0.750    7.20790     5.1928     5.1928    24.8754   12.91681 1.4685e+02      0.757 0.0000e+00
        127 113.771302    0.00875     0.5250     31.500  1024.8781  50627.839    31.4925      0.749    7.20796     5.1928     5.1928    24.8746   12.91691 1.4727e+02      0.756 0.0000e+00
        128 113.771305    0.00882     0.5292     31.750  1024.8764  50624.717    31.4904      0.749    7.20806     5.1929     5.1928    24.8729   12.91711 1.4775e+02      0.756 0.0000e+00
        129 113.771308    0.00889     0.5333     32.000  1024.8748  50621.751    31.4884      0.751    7.20815     5.1930     5.1928    24.8713   12.91729 1.4762e+02      0.758 0.0000e+00
        130 113.771311    0.00896     0.5375     32.250  1024.8744  50620.915    31.4878      0.752    7.20817     5.1932     5.1929    24.8708   12.91732 1.4659e+02      0.759 0.0000e+00
        131 113.771314    0.00903     0.5417     32.500  1024.8752  50622.380    31.4889      0.752    7.20810     5.1935     5.1930    24.8716   12.91719 1.4631e+02      0.759 0.0000e+00
        132 113.771317    0.00910     0.5458     32.750  1024.8762  50624.284    31.4902      0.750    7.20800     5.1938     5.1932    24.8727   12.91701 1.4751e+02      0.757 0.0000e+00
        133 113.771319    0.00917     0.5500     33.000  1024.8763  50624.424    31.4904      0.747    7.20794     5.1943     5.1935    24.8728   12.91692 1.4777e+02      0.754 0.0000e+00
        134 113.771322    0.00924     0.5542     33.250  1024.8749  50621.782    31.4886      0.746    7.20796     5.1948     5.1939    24.8714   12.91697 1.4653e+02      0.753 0.0000e+00
        135 113.771325    0.00931     0.5583     33.500  1024.8724  50617.122    31.4855      0.746    7.20803     5.1953     5.1943    24.8689   12.91713 1.4646e+02      0.753 0.0000e+00
        136 113.771328    0.00937     0.5625     33.750  1024.8701  50612.831    31.4827      0.748    7.20808     5.1958     5.1948    24.8666   12.91725 1.4715e+02      0.755 0.0000e+00
        137 113.771331    0.00944     0.5667     34.000  1024.8693  50611.392    31.4818      0.750    7.20804     5.1963     5.1953    24.8658   12.91719 1.4593e+02      0.757 0.0000e+00
        138 113.771334    0.00951     0.5708     34.250  1024.8703  50613.108    31.4831      0.751    7.20789     5.1970     5.1958    24.8668   12.91693 1.4420e+02      0.758 0.0000e+00
        139 113.771337    0.00958     0.5750     34.500  1024.8719  50615.990    31.4852      0.751    7.20770     5.1976     5.1964    24.8684   12.91658 1.4431e+02      0.758 0.0000e+00
        140 113.771340    0.00965     0.5792     34.750  1024.8731  50618.189    31.4868      0.750    7.20751     5.1982     5.1970    24.8696   12.91625 1.4513e+02      0.757 0.0000e+00
        141 113.771343    0.00972     0.5833     35.000  1024.8739  50619.506    31.4879      0.748    7.20734     5.1986     5.1977    24.8704   12.91596 1.4610e+02      0.755 0.0000e+00
        142 113.771345    0.00979     0.5875     35.250  1024.8745  50620.533    31.4887      0.746    7.20720     5.1988     5.1983    24.8709   12.91572 1.4746e+02      0.753 0.0000e+00
        143 113.771348    0.00986     0.5917     35.500  1024.8750  50621.391    31.4894      0.743    7.20710     5.1987     5.1987    24.8714   12.91554 1.4763e+02      0.750 0.0000e+00
        144 113.771351    0.00993     0.5958     35.750  1024.8751  50621.717    31.4896      0.740    7.20706     5.1984     5.1988    24.8716   12.91548 1.4690e+02      0.747 0.0000e+00
        145 113.771354    0.01000     0.6000     36.000  1024.8749  50621.351    31.4894      0.738    7.20708     5.1981     5.1987    24.8714   12.91553 1.4772e+02      0.745 0.0000e+00
        146 113.771357    0.01007     0.6042     36.250  1024.8744  50620.555    31.4888      0.738    7.20716     5.1979     5.1984    24.8710   12.91566 1.4986e+02      0.745 0.0000e+00
        147 113.771360    0.01014     0.6083     36.500  1024.8739  50619.684    31.4881      0.739    7.20724     5.1978     5.1981    24.8705   12.91580 1.5004e+02      0.746 0.0000e+00
        148 113.771363    0.01021     0.6125     36.750  1024.8734  50618.739    31.4874      0.740    7.20732     5.1978     5.1979    24.8700   12.91594 1.4797e+02      0.747 0.0000e+00
        149 113.771366    0.01028     0.6167     37.000  1024.8727  50617.353    31.4864      0.741    7.20739     5.1979     5.1978    24.8692   12.91606 1.4693e+02      0.748 0.0000e+00
        150 113.771369    0.01035     0.6208     37.250  1024.8718  50615.709    31.4853      0.742    7.20744     5.1983     5.1978    24.8683   12.91616 1.4804e+02      0.749 0.0000e+00
        151 113.771372    0.01042     0.6250     37.500  1024.8714  50615.122    31.4849      0.743    7.20743     5.1987     5.1980    24.8680   12.91614 1.4878e+02      0.750 0.0000e+00
        152 113.771374    0.01049     0.6292     37.750  1024.8721  50616.244    31.4857      0.741    7.20733     5.1993     5.1983    24.8686   12.91597 1.4819e+02      0.748 0.0000e+00
        153 113.771377    0.01056     0.6333     38.000  1024.8726  50617.210    31.4865      0.738    7.20722     5.2001     5.1988    24.8692   12.91578 1.4764e+02      0.745 0.0000e+00
        154 113.771380    0.01063     0.6375     38.250  1024.8714  50614.875    31.4850      0.734    7.20719     5.2010     5.1994    24.8679   12.91575 1.4726e+02      0.741 0.0000e+00
        155 113.771383    0.01069     0.6417     38.500  1024.8675  50607.785    31.4803      0.731    7.20727     5.2018     5.2002    24.8641   12.91595 1.4724e+02      0.738 0.0000e+00
        156 113.771386    0.01076     0.6458     38.750  1024.8624  50598.314    31.4740      0.732    7.20742     5.2021     5.2011    24.8590   12.91627 1.4801e+02      0.739 0.0000e+00
        157 113.771389    0.01083     0.6500     39.000  1024.8586  50591.174    31.4693      0.734    7.20752     5.2020     5.2018    24.8552   12.91650 1.4873e+02      0.741 0.0000e+00
        158 113.771392    0.01090     0.6542     39.250  1024.8575  50589.116    31.4679      0.736    7.20754     5.2016     5.2021    24.8541   12.91655 1.4849e+02      0.743 0.0000e+00
        159 113.771395    0.01097     0.6583     39.500  1024.8583  50590.643    31.4689      0.736    7.20751     5.2011     5.2020    24.8549   12.91648 1.4818e+02      0.743 0.0000e+00
        160 113.771398    0.01104     0.6625     39.750  1024.8590  50591.957    31.4697      0.735    7.20753     5.2002     5.2017    24.8556   12.91650 1.4843e+02      0.742 0.0000e+00
        161 113.771400    0.01111     0.6667     40.000  1024.8585  50590.958    31.4689      0.734    7.20766     5.1987     5.2011    24.8550   12.91673 1.4836e+02      0.741 0.0000e+00
        162 113.771403    0.01118     0.6708     40.250  1024.8572  50588.768    31.4672      0.735    7.20789     5.1965     5.2002    24.8538   12.91713 1.4896e+02      0.742 0.0000e+00
        163 113.771406    0.01125     0.6750     40.500  1024.8568  50588.150    31.4665      0.736    7.20818     5.1935     5.1988    24.8534   12.91763 1.5123e+02      0.743 0.0000e+00
        164 113.771409    0.01132     0.6792     40.750  1024.8584  50591.252    31.4682      0.737    7.20849     5.1901     5.1965    24.8549   12.91811 1.5272e+02      0.744 0.0000e+00
        165 113.771412    0.01139     0.6833     41.000  1024.8617  50597.735    31.4720      0.735    7.20882     5.1864     5.1936    24.8583   12.91860 1.5208e+02      0.742 0.0000e+00
        166 113.771415    0.01146     0.6875     41.250  1024.8654  50604.862    31.4762      0.732    7.20919     5.1819     5.1902    24.8619   12.91917 1.5139e+02      0.739 0.0000e+00
        167 113.771418    0.01153     0.6917     41.500  1024.8681  50610.254    31.4791      0.730    7.20969     5.1760     5.1864    24.8647   12.91996 1.5145e+02      0.737 0.0000e+00
        168 113.771421    0.01160     0.6958     41.750  1024.8701  50614.400    31.4810      0.730    7.21038     5.1685     5.1819    24.8667   12.92106 1.5135e+02      0.737 0.0000e+00
        169 113.771424    0.01167     0.7000     42.000  1024.8729  50620.176    31.4838      0.732    7.21125     5.1595     5.1761    24.8695   12.92247 1.5084e+02      0.739 0.0000e+00
        170 113.771427    0.01174     0.7042     42.250  1024.8781  50630.364    31.4892      0.735    7.21230     5.1508     5.1685    24.8746   12.92413 1.5006e+02      0.742 0.0000e+00
