CTD-processing/allCTD/CNV--homogene/2018_07-24_t9_s06_cast184.cnv
* Sea-Bird SBE19plus Data File:
* FileName = C:\Users\Kim.Powell\Desktop\Not Processed\2018\2018_08-24_T4, T9_5028\2018_07-24_TRANSECT_STATION_cast184.hex
* Software Version 1.59
* Temperature SN =  5028
* Conductivity SN =  5028
* System UpLoad Time = Jul 26 2018 09:34:32
** 2018_07-24
** Station: 9-06
** Start Time: 13:33
** Depth (m): 102
** Comment:
** Comment:
# nquan = 17
# nvalues = 911                         
# units = specified
# name 0 = scan: Scan Count
# name 1 = timeJ: Julian Days
# name 2 = timeH: Time, Elapsed [hours]
# name 3 = timeM: Time, Elapsed [minutes]
# name 4 = timeS: Time, Elapsed [seconds]
# name 5 = density00: Density [density, kg/m^3]
# name 6 = specc: Specific Conductance [uS/cm]
# name 7 = sal00: Salinity, Practical [PSU]
# name 8 = depSM: Depth [salt water, m], lat = 59.00
# name 9 = oxsolML/L: Oxygen Saturation, Garcia & Gordon [ml/l]
# name 10 = potemp090C: Potential Temperature [ITS-90, deg C]
# name 11 = tv290C: Temperature [ITS-90, deg C]
# name 12 = sigma-é00: Density [sigma-theta, kg/m^3]
# name 13 = n2satML/L: Nitrogen Saturation [ml/l]
# name 14 = par: PAR/Irradiance, Biospherical/Licor
# name 15 = prdM: Pressure, Strain Gauge [db]
# name 16 = flag:  0.000e+00
# span 0 =          1,        911       
# span 1 = 205.565243, 205.567876       
# span 2 =    0.00000,    0.06319       
# span 3 =     0.0000,     3.7917       
# span 4 =      0.000,    227.500       
# span 5 =  1018.7393,  1025.0853       
# span 6 =  40059.563,  50145.892       
# span 7 =    25.2123,    31.5844       
# span 8 =      0.541,     97.989       
# span 9 =    6.17779,    6.79227       
# span 10 =     7.7059,    13.6159      
# span 11 =     7.7151,    13.6159      
# span 12 =    18.7353,    24.6334      
# span 13 =   11.27131,   12.22879      
# span 14 = 5.6334e-02, 2.5276e+02      
# span 15 =      0.546,     98.937      
# span 16 = 0.0000e+00, 0.0000e+00      
# interval = seconds: 0.25
# start_time = Jul 24 2018 13:33:57 [Instrument's time stamp, header]
# bad_flag = -9.990e-29
*END*
[from data line 852]
        853 205.567708    0.05917     3.5500    213.000  1025.0833  50143.918    31.5825     97.623    6.79188     7.7081     7.7176    24.6320   12.22813 5.6591e-02     98.568 0.0000e+00
        854 205.567711    0.05924     3.5542    213.250  1025.0830  50143.204    31.5820     97.650    6.79190     7.7077     7.7176    24.6316   12.22818 5.6596e-02     98.595 0.0000e+00
        855 205.567714    0.05931     3.5583    213.500  1025.0831  50143.086    31.5819     97.690    6.79195     7.7074     7.7173    24.6315   12.22826 5.6598e-02     98.635 0.0000e+00
        856 205.567717    0.05937     3.5625    213.750  1025.0835  50143.506    31.5821     97.729    6.79200     7.7073     7.7169    24.6318   12.22834 5.6601e-02     98.675 0.0000e+00
        857 205.567720    0.05944     3.5667    214.000  1025.0840  50144.134    31.5825     97.756    6.79203     7.7073     7.7166    24.6321   12.22839 5.6605e-02     98.702 0.0000e+00
        858 205.567723    0.05951     3.5708    214.250  1025.0843  50144.738    31.5829     97.766    6.79203     7.7076     7.7165    24.6324   12.22839 5.6609e-02     98.713 0.0000e+00
        859 205.567726    0.05958     3.5750    214.500  1025.0845  50145.133    31.5831     97.761    6.79201     7.7079     7.7165    24.6326   12.22835 5.6614e-02     98.708 0.0000e+00
        860 205.567729    0.05965     3.5792    214.750  1025.0845  50145.180    31.5832     97.749    6.79197     7.7081     7.7168    24.6327   12.22828 5.6614e-02     98.695 0.0000e+00
        861 205.567731    0.05972     3.5833    215.000  1025.0843  50144.879    31.5830     97.736    6.79194     7.7082     7.7171    24.6325   12.22822 5.6609e-02     98.682 0.0000e+00
        862 205.567734    0.05979     3.5875    215.250  1025.0839  50144.346    31.5827     97.727    6.79191     7.7082     7.7173    24.6322   12.22819 5.6602e-02     98.673 0.0000e+00
        863 205.567737    0.05986     3.5917    215.500  1025.0836  50143.849    31.5824     97.725    6.79191     7.7081     7.7174    24.6320   12.22819 5.6594e-02     98.671 0.0000e+00
        864 205.567740    0.05993     3.5958    215.750  1025.0835  50143.634    31.5822     97.726    6.79192     7.7079     7.7174    24.6318   12.22821 5.6590e-02     98.672 0.0000e+00
        865 205.567743    0.06000     3.6000    216.000  1025.0836  50143.675    31.5822     97.731    6.79194     7.7078     7.7172    24.6319   12.22824 5.6587e-02     98.677 0.0000e+00
        866 205.567746    0.06007     3.6042    216.250  1025.0837  50143.786    31.5823     97.740    6.79196     7.7078     7.7171    24.6319   12.22827 5.6581e-02     98.686 0.0000e+00
        867 205.567749    0.06014     3.6083    216.500  1025.0838  50143.857    31.5823     97.753    6.79198     7.7077     7.7170    24.6320   12.22829 5.6573e-02     98.700 0.0000e+00
        868 205.567752    0.06021     3.6125    216.750  1025.0839  50143.897    31.5823     97.772    6.79199     7.7077     7.7169    24.6320   12.22831 5.6563e-02     98.718 0.0000e+00
        869 205.567755    0.06028     3.6167    217.000  1025.0840  50143.955    31.5824     97.792    6.79199     7.7077     7.7169    24.6320   12.22832 5.6548e-02     98.738 0.0000e+00
        870 205.567758    0.06035     3.6208    217.250  1025.0841  50144.119    31.5825     97.805    6.79200     7.7078     7.7168    24.6321   12.22832 5.6531e-02     98.751 0.0000e+00
        871 205.567760    0.06042     3.6250    217.500  1025.0843  50144.409    31.5827     97.805    6.79199     7.7080     7.7168    24.6322   12.22830 5.6517e-02     98.751 0.0000e+00
        872 205.567763    0.06049     3.6292    217.750  1025.0844  50144.696    31.5829     97.791    6.79196     7.7083     7.7170    24.6324   12.22826 5.6507e-02     98.737 0.0000e+00
        873 205.567766    0.06056     3.6333    218.000  1025.0844  50144.822    31.5830     97.768    6.79192     7.7085     7.7172    24.6325   12.22819 5.6501e-02     98.715 0.0000e+00
        874 205.567769    0.06062     3.6375    218.250  1025.0842  50144.578    31.5829     97.749    6.79188     7.7085     7.7175    24.6323   12.22813 5.6498e-02     98.695 0.0000e+00
        875 205.567772    0.06069     3.6417    218.500  1025.0837  50143.828    31.5824     97.744    6.79186     7.7082     7.7177    24.6319   12.22811 5.6497e-02     98.690 0.0000e+00
        876 205.567775    0.06076     3.6458    218.750  1025.0832  50142.828    31.5817     97.758    6.79189     7.7076     7.7177    24.6314   12.22816 5.6490e-02     98.704 0.0000e+00
        877 205.567778    0.06083     3.6500    219.000  1025.0830  50142.195    31.5812     97.785    6.79197     7.7069     7.7174    24.6310   12.22829 5.6476e-02     98.731 0.0000e+00
        878 205.567781    0.06090     3.6542    219.250  1025.0832  50142.390    31.5813     97.812    6.79206     7.7065     7.7168    24.6311   12.22845 5.6458e-02     98.758 0.0000e+00
        879 205.567784    0.06097     3.6583    219.500  1025.0838  50143.290    31.5818     97.826    6.79214     7.7063     7.7161    24.6316   12.22857 5.6443e-02     98.773 0.0000e+00
        880 205.567786    0.06104     3.6625    219.750  1025.0844  50144.430    31.5825     97.821    6.79218     7.7065     7.7157    24.6322   12.22863 5.6440e-02     98.767 0.0000e+00
        881 205.567789    0.06111     3.6667    220.000  1025.0848  50145.348    31.5831     97.800    6.79217     7.7068     7.7155    24.6327   12.22861 5.6446e-02     98.746 0.0000e+00
        882 205.567792    0.06118     3.6708    220.250  1025.0849  50145.699    31.5834     97.773    6.79213     7.7071     7.7157    24.6329   12.22854 5.6450e-02     98.719 0.0000e+00
        883 205.567795    0.06125     3.6750    220.500  1025.0846  50145.359    31.5832     97.755    6.79209     7.7072     7.7160    24.6328   12.22847 5.6449e-02     98.701 0.0000e+00
        884 205.567798    0.06132     3.6792    220.750  1025.0842  50144.514    31.5827     97.755    6.79206     7.7070     7.7163    24.6323   12.22844 5.6442e-02     98.700 0.0000e+00
        885 205.567801    0.06139     3.6833    221.000  1025.0838  50143.678    31.5821     97.773    6.79208     7.7065     7.7164    24.6319   12.22848 5.6433e-02     98.719 0.0000e+00
        886 205.567804    0.06146     3.6875    221.250  1025.0837  50143.352    31.5818     97.803    6.79213     7.7061     7.7162    24.6317   12.22856 5.6426e-02     98.750 0.0000e+00
        887 205.567807    0.06153     3.6917    221.500  1025.0840  50143.606    31.5819     97.833    6.79219     7.7059     7.7157    24.6318   12.22866 5.6421e-02     98.780 0.0000e+00
        888 205.567810    0.06160     3.6958    221.750  1025.0844  50144.200    31.5822     97.851    6.79224     7.7059     7.7153    24.6321   12.22873 5.6418e-02     98.798 0.0000e+00
        889 205.567813    0.06167     3.7000    222.000  1025.0848  50144.858    31.5827     97.851    6.79226     7.7060     7.7151    24.6325   12.22876 5.6416e-02     98.798 0.0000e+00
        890 205.567815    0.06174     3.7042    222.250  1025.0850  50145.331    31.5830     97.838    6.79225     7.7062     7.7151    24.6327   12.22873 5.6413e-02     98.785 0.0000e+00
        891 205.567818    0.06181     3.7083    222.500  1025.0849  50145.368    31.5831     97.820    6.79222     7.7064     7.7152    24.6328   12.22869 5.6405e-02     98.767 0.0000e+00
        892 205.567821    0.06187     3.7125    222.750  1025.0846  50144.892    31.5828     97.810    6.79219     7.7063     7.7154    24.6325   12.22865 5.6399e-02     98.757 0.0000e+00
        893 205.567824    0.06194     3.7167    223.000  1025.0843  50144.233    31.5823     97.810    6.79219     7.7061     7.7156    24.6322   12.22865 5.6392e-02     98.757 0.0000e+00
        894 205.567827    0.06201     3.7208    223.250  1025.0841  50143.807    31.5820     97.821    6.79222     7.7060     7.7155    24.6319   12.22869 5.6384e-02     98.768 0.0000e+00
        895 205.567830    0.06208     3.7250    223.500  1025.0841  50143.724    31.5819     97.836    6.79225     7.7059     7.7153    24.6319   12.22875 5.6377e-02     98.783 0.0000e+00
        896 205.567833    0.06215     3.7292    223.750  1025.0843  50143.970    31.5821     97.850    6.79227     7.7059     7.7152    24.6320   12.22879 5.6374e-02     98.797 0.0000e+00
        897 205.567836    0.06222     3.7333    224.000  1025.0846  50144.457    31.5824     97.859    6.79227     7.7061     7.7151    24.6323   12.22878 5.6375e-02     98.806 0.0000e+00
        898 205.567839    0.06229     3.7375    224.250  1025.0848  50144.869    31.5827     97.864    6.79225     7.7062     7.7151    24.6325   12.22874 5.6374e-02     98.812 0.0000e+00
        899 205.567841    0.06236     3.7417    224.500  1025.0849  50144.949    31.5828     97.869    6.79223     7.7062     7.7153    24.6325   12.22870 5.6367e-02     98.817 0.0000e+00
        900 205.567844    0.06243     3.7458    224.750  1025.0848  50144.759    31.5826     97.879    6.79221     7.7062     7.7154    24.6324   12.22868 5.6361e-02     98.826 0.0000e+00
        901 205.567847    0.06250     3.7500    225.000  1025.0848  50144.580    31.5825     97.892    6.79221     7.7062     7.7154    24.6323   12.22868 5.6358e-02     98.839 0.0000e+00
        902 205.567850    0.06257     3.7542    225.250  1025.0849  50144.630    31.5825     97.904    6.79221     7.7063     7.7154    24.6323   12.22868 5.6352e-02     98.852 0.0000e+00
        903 205.567853    0.06264     3.7583    225.500  1025.0850  50144.919    31.5827     97.911    6.79220     7.7065     7.7154    24.6325   12.22866 5.6348e-02     98.859 0.0000e+00
        904 205.567856    0.06271     3.7625    225.750  1025.0852  50145.294    31.5830     97.910    6.79218     7.7068     7.7155    24.6327   12.22862 5.6349e-02     98.858 0.0000e+00
        905 205.567859    0.06278     3.7667    226.000  1025.0853  50145.521    31.5832     97.904    6.79214     7.7071     7.7157    24.6328   12.22856 5.6345e-02     98.851 0.0000e+00
        906 205.567862    0.06285     3.7708    226.250  1025.0853  50145.408    31.5831     97.900    6.79210     7.7073     7.7160    24.6327   12.22848 5.6336e-02     98.848 0.0000e+00
        907 205.567865    0.06292     3.7750    226.500  1025.0850  50144.864    31.5828     97.907    6.79207     7.7073     7.7163    24.6324   12.22843 5.6334e-02     98.855 0.0000e+00
        908 205.567867    0.06299     3.7792    226.750  1025.0847  50144.067    31.5823     97.928    6.79206     7.7072     7.7165    24.6320   12.22843 5.6337e-02     98.875 0.0000e+00
        909 205.567870    0.06306     3.7833    227.000  1025.0844  50143.420    31.5818     97.956    6.79208     7.7071     7.7165    24.6316   12.22846 5.6338e-02     98.904 0.0000e+00
        910 205.567873    0.06313     3.7875    227.250  1025.0844  50143.168    31.5816     97.980    6.79211 -9.990e-29     7.7164    24.6315   12.22851 5.6338e-02     98.928 0.0000e+00
        911 205.567876    0.06319     3.7917    227.500  1025.0844  50143.151    31.5816     97.989    6.79212 -9.990e-29     7.7163    24.6315   12.22853 5.6337e-02     98.937 0.0000e+00
