CTD-processing/allCTD/CNV--homogene/2018_06-22_t9_s05_cast122.cnv
* Sea-Bird SBE19plus Data File:
* FileName = C:\Users\Kim.Powell\Desktop\Not Processed\2018\2018_06-XX\2018_06-XX_TRANSECT_STATION_cast122.hex
* Software Version 1.59
* Temperature SN =  5028
* Conductivity SN =  5028
* System UpLoad Time = Jul 05 2018 09:40:32
** 2018_06-22
** Station: 9-05
** Start Time: 14:16
** Depth (m): 100
** Comment:
** Comment:
# nquan = 17
# nvalues = 736                         
# units = specified
# name 0 = scan: Scan Count
# name 1 = timeJ: Julian Days
# name 2 = timeH: Time, Elapsed [hours]
# name 3 = timeM: Time, Elapsed [minutes]
# name 4 = timeS: Time, Elapsed [seconds]
# name 5 = density00: Density [density, kg/m^3]
# name 6 = specc: Specific Conductance [uS/cm]
# name 7 = sal00: Salinity, Practical [PSU]
# name 8 = depSM: Depth [salt water, m], lat = 59.00
# name 9 = oxsolML/L: Oxygen Saturation, Garcia & Gordon [ml/l]
# name 10 = potemp090C: Potential Temperature [ITS-90, deg C]
# name 11 = tv290C: Temperature [ITS-90, deg C]
# name 12 = sigma-é00: Density [sigma-theta, kg/m^3]
# name 13 = n2satML/L: Nitrogen Saturation [ml/l]
# name 14 = par: PAR/Irradiance, Biospherical/Licor
# name 15 = prdM: Pressure, Strain Gauge [db]
# name 16 = flag:  0.000e+00
# span 0 =          1,        736       
# span 1 = 173.594572, 173.596698       
# span 2 =    0.00000,    0.05104       
# span 3 =     0.0000,     3.0625       
# span 4 =      0.000,    183.750       
# span 5 =  1016.5730,  1025.3702       
# span 6 =  35136.541,  50712.861       
# span 7 =    21.6060,    31.7565       
# span 8 =      0.377,     93.190       
# span 9 =    6.52903,    6.98580       
# span 10 =     6.4382,    10.9077      
# span 11 =     6.4461,    10.9077      
# span 12 =    16.5713,    24.9367      
# span 13 =   11.84242,   12.62310      
# span 14 = 5.0867e-02, 1.1414e+03      
# span 15 =      0.381,     94.091      
# span 16 = 0.0000e+00, 0.0000e+00      
# interval = seconds: 0.25
# start_time = Jun 22 2018 14:16:11 [Instrument's time stamp, header]
# bad_flag = -9.990e-29
*END*
[from data line 256]
        257 173.595313    0.01778     1.0667     64.000  1020.0328  41921.770    26.3021      0.675    6.54659    10.8907    10.8957    20.0297   11.88624 4.5493e+02      0.682 0.0000e+00
        258 173.595315    0.01785     1.0708     64.250  1020.0350  41925.408    26.3043      0.672    6.54694    10.8902    10.8926    20.0319   11.88679 4.5681e+02      0.678 0.0000e+00
        259 173.595318    0.01792     1.0750     64.500  1020.0309  41917.537    26.2987      0.661    6.54744    10.8906    10.8907    20.0279   11.88770 4.5919e+02      0.667 0.0000e+00
        260 173.595321    0.01799     1.0792     64.750  1020.0254  41907.396    26.2916      0.647    6.54781    10.8909    10.8902    20.0225   11.88839 4.6261e+02      0.653 0.0000e+00
        261 173.595324    0.01806     1.0833     65.000  1020.0251  41906.890    26.2913      0.635    6.54776    10.8900    10.8907    20.0222   11.88832 4.6760e+02      0.641 0.0000e+00
        262 173.595327    0.01812     1.0875     65.250  1020.0324  41920.647    26.3009      0.629    6.54732    10.8876    10.8909    20.0296   11.88748 4.6938e+02      0.635 0.0000e+00
        263 173.595330    0.01819     1.0917     65.500  1020.0478  41949.149    26.3205      0.631    6.54663    10.8836    10.8901    20.0450   11.88608 4.6593e+02      0.637 0.0000e+00
        264 173.595333    0.01826     1.0958     65.750  1020.0699  41989.757    26.3484      0.642    6.54582    10.8786    10.8876    20.0670   11.88439 4.6170e+02      0.648 0.0000e+00
        265 173.595336    0.01833     1.1000     66.000  1020.0928  42031.492    26.3769      0.657    6.54520    10.8738    10.8836    20.0898   11.88302 4.5817e+02      0.663 0.0000e+00
        266 173.595339    0.01840     1.1042     66.250  1020.1104  42063.205    26.3984      0.671    6.54501    10.8702    10.8787    20.1073   11.88244 4.5574e+02      0.677 0.0000e+00
        267 173.595341    0.01847     1.1083     66.500  1020.1202  42080.704    26.4101      0.678    6.54521    10.8681    10.8739    20.1171   11.88263 4.5717e+02      0.684 0.0000e+00
        268 173.595344    0.01854     1.1125     66.750  1020.1228  42084.926    26.4127      0.675    6.54563    10.8674    10.8703    20.1197   11.88329 4.6399e+02      0.681 0.0000e+00
        269 173.595347    0.01861     1.1167     67.000  1020.1198  42079.109    26.4084      0.663    6.54610    10.8680    10.8681    20.1168   11.88414 4.7390e+02      0.670 0.0000e+00
        270 173.595350    0.01868     1.1208     67.250  1020.1134  42067.101    26.4001      0.648    6.54654    10.8692    10.8675    20.1104   11.88497 4.8442e+02      0.654 0.0000e+00
        271 173.595353    0.01875     1.1250     67.500  1020.1062  42054.041    26.3911      0.635    6.54684    10.8706    10.8680    20.1033   11.88557 4.9355e+02      0.641 0.0000e+00
        272 173.595356    0.01882     1.1292     67.750  1020.1015  42045.412    26.3852      0.628    6.54690    10.8714    10.8693    20.0985   11.88576 4.9587e+02      0.634 0.0000e+00
        273 173.595359    0.01889     1.1333     68.000  1020.1017  42046.099    26.3858      0.630    6.54669    10.8711    10.8706    20.0988   11.88539 4.8755e+02      0.636 0.0000e+00
        274 173.595362    0.01896     1.1375     68.250  1020.1083  42058.414    26.3944      0.639    6.54621    10.8697    10.8714    20.1053   11.88449 4.7245e+02      0.646 0.0000e+00
        275 173.595365    0.01903     1.1417     68.500  1020.1189  42078.022    26.4080      0.652    6.54568    10.8676    10.8712    20.1159   11.88345 4.5864e+02      0.658 0.0000e+00
        276 173.595367    0.01910     1.1458     68.750  1020.1288  42096.056    26.4203      0.663    6.54537    10.8657    10.8698    20.1257   11.88278 4.4975e+02      0.670 0.0000e+00
        277 173.595370    0.01917     1.1500     69.000  1020.1350  42107.164    26.4278      0.670    6.54536    10.8643    10.8677    20.1319   11.88266 4.4610e+02      0.677 0.0000e+00
        278 173.595373    0.01924     1.1542     69.250  1020.1374  42111.352    26.4306      0.670    6.54552    10.8637    10.8658    20.1343   11.88290 4.5124e+02      0.677 0.0000e+00
        279 173.595376    0.01931     1.1583     69.500  1020.1369  42110.323    26.4297      0.664    6.54574    10.8636    10.8644    20.1339   11.88328 4.6268e+02      0.671 0.0000e+00
        280 173.595379    0.01938     1.1625     69.750  1020.1346  42105.926    26.4266      0.655    6.54597    10.8640    10.8638    20.1316   11.88370 4.7314e+02      0.662 0.0000e+00
        281 173.595382    0.01944     1.1667     70.000  1020.1309  42099.056    26.4219      0.648    6.54618    10.8651    10.8637    20.1279   11.88411 4.8180e+02      0.654 0.0000e+00
        282 173.595385    0.01951     1.1708     70.250  1020.1256  42089.354    26.4152      0.645    6.54639    10.8669    10.8641    20.1226   11.88454 4.8705e+02      0.651 0.0000e+00
        283 173.595388    0.01958     1.1750     70.500  1020.1182  42075.816    26.4059      0.646    6.54663    10.8695    10.8652    20.1153   11.88504 4.8958e+02      0.652 0.0000e+00
        284 173.595391    0.01965     1.1792     70.750  1020.1085  42057.934    26.3937      0.649    6.54688    10.8727    10.8670    20.1055   11.88560 4.9522e+02      0.655 0.0000e+00
        285 173.595394    0.01972     1.1833     71.000  1020.0981  42039.097    26.3809      0.650    6.54703    10.8754    10.8696    20.0951   11.88602 5.0512e+02      0.656 0.0000e+00
        286 173.595396    0.01979     1.1875     71.250  1020.0918  42027.817    26.3733      0.648    6.54690    10.8767    10.8728    20.0888   11.88589 5.1805e+02      0.654 0.0000e+00
        287 173.595399    0.01986     1.1917     71.500  1020.0925  42029.714    26.3749      0.645    6.54645    10.8764    10.8755    20.0896   11.88512 5.2786e+02      0.651 0.0000e+00
        288 173.595402    0.01993     1.1958     71.750  1020.0989  42041.768    26.3834      0.644    6.54591    10.8753    10.8768    20.0959   11.88412 5.2777e+02      0.650 0.0000e+00
        289 173.595405    0.02000     1.2000     72.000  1020.1066  42055.995    26.3932      0.648    6.54554    10.8742    10.8765    20.1036   11.88338 5.2204e+02      0.654 0.0000e+00
        290 173.595408    0.02007     1.2042     72.250  1020.1104  42062.854    26.3978      0.656    6.54551    10.8740    10.8754    20.1074   11.88328 5.1542e+02      0.662 0.0000e+00
        291 173.595411    0.02014     1.2083     72.500  1020.1076  42057.409    26.3940      0.663    6.54582    10.8749    10.8743    20.1046   11.88386 5.1055e+02      0.669 0.0000e+00
        292 173.595414    0.02021     1.2125     72.750  1020.1015  42046.134    26.3862      0.666    6.54617    10.8759    10.8741    20.0985   11.88452 5.0939e+02      0.672 0.0000e+00
        293 173.595417    0.02028     1.2167     73.000  1020.0978  42039.286    26.3815      0.665    6.54624    10.8766    10.8750    20.0948   11.88470 5.1004e+02      0.671 0.0000e+00
        294 173.595420    0.02035     1.2208     73.250  1020.0964  42036.846    26.3799      0.662    6.54616    10.8774    10.8760    20.0934   11.88459 5.0979e+02      0.668 0.0000e+00
        295 173.595422    0.02042     1.2250     73.500  1020.0932  42031.144    26.3760      0.659    6.54622    10.8789    10.8767    20.0902   11.88474 5.0972e+02      0.665 0.0000e+00
        296 173.595425    0.02049     1.2292     73.750  1020.0867  42019.218    26.3678      0.656    6.54645    10.8809    10.8775    20.0837   11.88521 5.1203e+02      0.662 0.0000e+00
        297 173.595428    0.02056     1.2333     74.000  1020.0794  42005.811    26.3587      0.653    6.54662    10.8828    10.8790    20.0764   11.88560 5.1225e+02      0.659 0.0000e+00
        298 173.595431    0.02063     1.2375     74.250  1020.0744  41996.816    26.3526      0.649    6.54659    10.8839    10.8810    20.0714   11.88562 5.0889e+02      0.656 0.0000e+00
        299 173.595434    0.02069     1.2417     74.500  1020.0721  41992.965    26.3501      0.645    6.54643    10.8846    10.8828    20.0691   11.88538 5.0615e+02      0.652 0.0000e+00
        300 173.595437    0.02076     1.2458     74.750  1020.0701  41989.526    26.3479      0.642    6.54635    10.8855    10.8840    20.0672   11.88528 5.0405e+02      0.649 0.0000e+00
        301 173.595440    0.02083     1.2500     75.000  1020.0654  41980.796    26.3419      0.642    6.54650    10.8869    10.8847    20.0624   11.88560 4.9997e+02      0.649 0.0000e+00
        302 173.595443    0.02090     1.2542     75.250  1020.0583  41967.852    26.3330      0.646    6.54674    10.8884    10.8856    20.0554   11.88612 4.9623e+02      0.652 0.0000e+00
        303 173.595446    0.02097     1.2583     75.500  1020.0526  41957.408    26.3259      0.653    6.54684    10.8896    10.8870    20.0496   11.88637 4.9763e+02      0.659 0.0000e+00
        304 173.595448    0.02104     1.2625     75.750  1020.0498  41952.293    26.3225      0.663    6.54677    10.8901    10.8885    20.0467   11.88629 5.0252e+02      0.669 0.0000e+00
        305 173.595451    0.02111     1.2667     76.000  1020.0492  41951.320    26.3219      0.673    6.54663    10.8901    10.8896    20.0461   11.88607 5.0608e+02      0.679 0.0000e+00
        306 173.595454    0.02118     1.2708     76.250  1020.0501  41953.019    26.3232      0.678    6.54651    10.8897    10.8902    20.0470   11.88584 5.0861e+02      0.684 0.0000e+00
        307 173.595457    0.02125     1.2750     76.500  1020.0517  41956.080    26.3253      0.677    6.54642    10.8891    10.8902    20.0486   11.88567 5.1054e+02      0.683 0.0000e+00
        308 173.595460    0.02132     1.2792     76.750  1020.0537  41959.778    26.3278      0.671    6.54637    10.8885    10.8898    20.0506   11.88555 5.0929e+02      0.677 0.0000e+00
        309 173.595463    0.02139     1.2833     77.000  1020.0559  41963.802    26.3306      0.662    6.54633    10.8878    10.8892    20.0529   11.88546 5.0697e+02      0.668 0.0000e+00
        310 173.595466    0.02146     1.2875     77.250  1020.0582  41968.088    26.3335      0.653    6.54630    10.8872    10.8886    20.0552   11.88538 5.0540e+02      0.659 0.0000e+00
        311 173.595469    0.02153     1.2917     77.500  1020.0605  41972.255    26.3363      0.645    6.54628    10.8867    10.8879    20.0575   11.88531 5.0226e+02      0.651 0.0000e+00
        312 173.595472    0.02160     1.2958     77.750  1020.0622  41975.266    26.3383      0.640    6.54628    10.8863    10.8873    20.0592   11.88528 5.0334e+02      0.646 0.0000e+00
        313 173.595475    0.02167     1.3000     78.000  1020.0627  41976.175    26.3389      0.640    6.54633    10.8860    10.8868    20.0598   11.88536 5.0952e+02      0.646 0.0000e+00
        314 173.595477    0.02174     1.3042     78.250  1020.0621  41974.883    26.3380      0.645    6.54643    10.8858    10.8864    20.0591   11.88554 5.1186e+02      0.651 0.0000e+00
        315 173.595480    0.02181     1.3083     78.500  1020.0614  41973.558    26.3370      0.655    6.54651    10.8855    10.8861    20.0584   11.88568 5.1164e+02      0.661 0.0000e+00
        316 173.595483    0.02187     1.3125     78.750  1020.0620  41974.485    26.3376      0.667    6.54651    10.8849    10.8859    20.0589   11.88567 5.1108e+02      0.673 0.0000e+00
        317 173.595486    0.02194     1.3167     79.000  1020.0633  41976.884    26.3393      0.677    6.54649    10.8840    10.8856    20.0602   11.88561 5.0968e+02      0.683 0.0000e+00
        318 173.595489    0.02201     1.3208     79.250  1020.0657  41981.160    26.3422      0.683    6.54645    10.8823    10.8850    20.0626   11.88551 5.0721e+02      0.689 0.0000e+00
        319 173.595492    0.02208     1.3250     79.500  1020.0707  41990.234    26.3484      0.688    6.54633    10.8795    10.8840    20.0675   11.88524 5.0057e+02      0.694 0.0000e+00
        320 173.595495    0.02215     1.3292     79.750  1020.0798  42006.831    26.3598      0.699    6.54609    10.8750    10.8824    20.0766   11.88471 4.9167e+02      0.706 0.0000e+00
        321 173.595498    0.02222     1.3333     80.000  1020.0955  42035.191    26.3792      0.725    6.54569    10.8677    10.8796    20.0922   11.88380 4.7770e+02      0.732 0.0000e+00
        322 173.595501    0.02229     1.3375     80.250  1020.1221  42083.421    26.4122      0.775    6.54495    10.8555    10.8751    20.1185   11.88218 4.4938e+02      0.782 0.0000e+00
        323 173.595503    0.02236     1.3417     80.500  1020.1676  42166.069    26.4688      0.861    6.54364    10.8346    10.8678    20.1637   11.87931 4.0964e+02      0.869 0.0000e+00
        324 173.595506    0.02243     1.3458     80.750  1020.2456  42307.644    26.5658      0.992    6.54135    10.7998    10.8556    20.2410   11.87433 3.6891e+02      1.001 0.0000e+00
        325 173.595509    0.02250     1.3500     81.000  1020.3718  42537.042    26.7229      1.162    6.53781    10.7455    10.8347    20.3665   11.86652 3.3056e+02      1.173 0.0000e+00
        326 173.595512    0.02257     1.3542     81.250  1020.5563  42872.060    26.9520      1.360    6.53325    10.6678    10.7999    20.5501   11.85616 2.9400e+02      1.373 0.0000e+00
        327 173.595515    0.02264     1.3583     81.500  1020.7836  43283.092    27.2321      1.573    6.52935    10.5684    10.7457    20.7764   11.84628 2.5973e+02      1.588 0.0000e+00
        328 173.595518    0.02271     1.3625     81.750  1021.0105  43689.363    27.5065      1.795    6.52903    10.4571    10.6680    21.0023   11.84242 2.2820e+02      1.812 0.0000e+00
        329 173.595521    0.02278     1.3667     82.000  1021.2057  44033.588    27.7356      2.022    6.53369    10.3472    10.5686    21.1964   11.84736 2.0005e+02      2.041 0.0000e+00
        330 173.595524    0.02285     1.3708     82.250  1021.3676  44314.698    27.9195      2.253    6.54193    10.2471    10.4574    21.3573   11.85882 1.7597e+02      2.274 0.0000e+00
        331 173.595527    0.02292     1.3750     82.500  1021.5051  44550.958    28.0723      2.486    6.55130    10.1560    10.3475    21.4937   11.87252 1.5558e+02      2.510 0.0000e+00
        332 173.595530    0.02299     1.3792     82.750  1021.6291  44763.891    28.2098      2.718    6.55993    10.0665    10.2474    21.6167   11.88517 1.3811e+02      2.744 0.0000e+00
        333 173.595532    0.02306     1.3833     83.000  1021.7555  44982.627    28.3521      2.946    6.56708     9.9710    10.1563    21.7419   11.89531 1.2309e+02      2.974 0.0000e+00
        334 173.595535    0.02313     1.3875     83.250  1021.8929  45222.301    28.5091      3.167    6.57341     9.8674    10.0668    21.8783   11.90390 1.1022e+02      3.197 0.0000e+00
        335 173.595538    0.02319     1.3917     83.500  1022.0366  45473.121    28.6730      3.385    6.58034     9.7562     9.9713    22.0211   11.91342 9.9099e+01      3.417 0.0000e+00
        336 173.595541    0.02326     1.3958     83.750  1022.1863  45734.124    28.8429      3.606    6.58822     9.6334     9.8678    22.1697   11.92442 8.9335e+01      3.640 0.0000e+00
        337 173.595544    0.02333     1.4000     84.000  1022.3511  46022.331    29.0307      3.837    6.59648     9.4952     9.7566    22.3334   11.93583 8.0559e+01      3.873 0.0000e+00
        338 173.595547    0.02340     1.4042     84.250  1022.5317  46338.625    29.2365      4.080    6.60570     9.3487     9.6338    22.5129   11.94861 7.2474e+01      4.118 0.0000e+00
        339 173.595550    0.02347     1.4083     84.500  1022.7133  46655.442    29.4405      4.335    6.61730     9.2087     9.4956    22.6934   11.96535 6.4987e+01      4.376 0.0000e+00
        340 173.595553    0.02354     1.4125     84.750  1022.8809  46946.039    29.6249      4.596    6.63098     9.0831     9.3492    22.8597   11.98578 5.8218e+01      4.639 0.0000e+00
