CTD-processing/allCTD/CNV--homogene/2018_06-22_t9_s03_cast120.cnv
* Sea-Bird SBE19plus Data File:
* FileName = C:\Users\Kim.Powell\Desktop\Not Processed\2018\2018_06-XX\2018_06-XX_TRANSECT_STATION_cast120.hex
* Software Version 1.59
* Temperature SN =  5028
* Conductivity SN =  5028
* System UpLoad Time = Jul 05 2018 09:38:15
** 2018_06-22
** Station: 9-03
** Start Time: 14:01
** Depth (m): 93.4
** Comment:
** Comment:
# nquan = 17
# nvalues = 800                         
# units = specified
# name 0 = scan: Scan Count
# name 1 = timeJ: Julian Days
# name 2 = timeH: Time, Elapsed [hours]
# name 3 = timeM: Time, Elapsed [minutes]
# name 4 = timeS: Time, Elapsed [seconds]
# name 5 = density00: Density [density, kg/m^3]
# name 6 = specc: Specific Conductance [uS/cm]
# name 7 = sal00: Salinity, Practical [PSU]
# name 8 = depSM: Depth [salt water, m], lat = 59.00
# name 9 = oxsolML/L: Oxygen Saturation, Garcia & Gordon [ml/l]
# name 10 = potemp090C: Potential Temperature [ITS-90, deg C]
# name 11 = tv290C: Temperature [ITS-90, deg C]
# name 12 = sigma-é00: Density [sigma-theta, kg/m^3]
# name 13 = n2satML/L: Nitrogen Saturation [ml/l]
# name 14 = par: PAR/Irradiance, Biospherical/Licor
# name 15 = prdM: Pressure, Strain Gauge [db]
# name 16 = flag:  0.000e+00
# span 0 =          1,        800       
# span 1 = 173.584190, 173.586502       
# span 2 =    0.00000,    0.05549       
# span 3 =     0.0000,     3.3292       
# span 4 =      0.000,    199.750       
# span 5 =  1019.2129,  1025.3693       
# span 6 =  40372.633,  50747.146       
# span 7 =    25.2226,    31.7726       
# span 8 =      0.825,     88.863       
# span 9 =    6.59051,    6.99414       
# span 10 =     6.3838,    10.7954      
# span 11 =     6.3912,    10.7955      
# span 12 =    19.2082,    24.9558      
# span 13 =   11.95453,   12.56018      
# span 14 = 5.2022e-02, 1.0646e+03      
# span 15 =      0.833,     89.721      
# span 16 = 0.0000e+00, 0.0000e+00      
# interval = seconds: 0.25
# start_time = Jun 22 2018 14:01:14 [Instrument's time stamp, header]
# bad_flag = -9.990e-29
*END*
[from data line 596]
        597 173.585914    0.04139     2.4833    149.000  1025.0976  50577.544    31.7140     46.135    6.96235     6.5989     6.6025    24.8831   12.50833 9.6270e-02     46.576 0.0000e+00
        598 173.585917    0.04146     2.4875    149.250  1025.1000  50580.756    31.7162     46.296    6.96228     6.6000     6.6024    24.8848   12.50819 9.4708e-02     46.739 0.0000e+00
        599 173.585920    0.04153     2.4917    149.500  1025.1020  50583.073    31.7178     46.445    6.96212     6.6015     6.6029    24.8860   12.50790 9.3297e-02     46.889 0.0000e+00
        600 173.585923    0.04160     2.4958    149.750  1025.1036  50584.786    31.7192     46.594    6.96188     6.6032     6.6040    24.8869   12.50749 9.1919e-02     47.039 0.0000e+00
        601 173.585926    0.04167     2.5000    150.000  1025.1049  50586.008    31.7202     46.753    6.96159     6.6050     6.6055    24.8876   12.50701 9.0492e-02     47.200 0.0000e+00
        602 173.585929    0.04174     2.5042    150.250  1025.1061  50586.643    31.7209     46.927    6.96128     6.6066     6.6072    24.8879   12.50649 8.9007e-02     47.375 0.0000e+00
        603 173.585932    0.04181     2.5083    150.500  1025.1069  50586.554    31.7210     47.118    6.96099     6.6079     6.6090    24.8878   12.50599 8.7478e-02     47.568 0.0000e+00
        604 173.585935    0.04188     2.5125    150.750  1025.1073  50585.757    31.7207     47.322    6.96074     6.6087     6.6106    24.8873   12.50558 8.5941e-02     47.774 0.0000e+00
        605 173.585938    0.04194     2.5167    151.000  1025.1077  50584.624    31.7200     47.534    6.96055     6.6091     6.6119    24.8866   12.50528 8.4452e-02     47.988 0.0000e+00
        606 173.585940    0.04201     2.5208    151.250  1025.1081  50583.718    31.7195     47.748    6.96044     6.6091     6.6128    24.8861   12.50511 8.3053e-02     48.204 0.0000e+00
        607 173.585943    0.04208     2.5250    151.500  1025.1087  50583.249    31.7191     47.959    6.96040     6.6089     6.6132    24.8857   12.50504 8.1744e-02     48.417 0.0000e+00
        608 173.585946    0.04215     2.5292    151.750  1025.1095  50583.119    31.7189     48.168    6.96040     6.6086     6.6132    24.8856   12.50505 8.0509e-02     48.628 0.0000e+00
        609 173.585949    0.04222     2.5333    152.000  1025.1105  50583.264    31.7189     48.375    6.96043     6.6084     6.6130    24.8856   12.50509 7.9338e-02     48.837 0.0000e+00
        610 173.585952    0.04229     2.5375    152.250  1025.1116  50583.568    31.7190     48.585    6.96047     6.6082     6.6128    24.8857   12.50515 7.8219e-02     49.050 0.0000e+00
        611 173.585955    0.04236     2.5417    152.500  1025.1127  50583.865    31.7191     48.801    6.96050     6.6080     6.6126    24.8858   12.50520 7.7129e-02     49.268 0.0000e+00
        612 173.585958    0.04243     2.5458    152.750  1025.1137  50584.080    31.7191     49.024    6.96053     6.6079     6.6124    24.8858   12.50525 7.6054e-02     49.493 0.0000e+00
        613 173.585961    0.04250     2.5500    153.000  1025.1148  50584.272    31.7191     49.254    6.96055     6.6077     6.6122    24.8858   12.50529 7.4998e-02     49.725 0.0000e+00
        614 173.585964    0.04257     2.5542    153.250  1025.1160  50584.507    31.7191     49.488    6.96058     6.6075     6.6121    24.8859   12.50533 7.3977e-02     49.961 0.0000e+00
        615 173.585966    0.04264     2.5583    153.500  1025.1171  50584.782    31.7191     49.723    6.96060     6.6073     6.6119    24.8859   12.50537 7.3005e-02     50.198 0.0000e+00
        616 173.585969    0.04271     2.5625    153.750  1025.1183  50585.115    31.7192     49.954    6.96063     6.6071     6.6117    24.8860   12.50541 7.2090e-02     50.431 0.0000e+00
        617 173.585972    0.04278     2.5667    154.000  1025.1195  50585.611    31.7194     50.179    6.96065     6.6071     6.6115    24.8862   12.50545 7.1232e-02     50.659 0.0000e+00
        618 173.585975    0.04285     2.5708    154.250  1025.1208  50586.315    31.7198     50.400    6.96066     6.6073     6.6114    24.8865   12.50546 7.0435e-02     50.882 0.0000e+00
        619 173.585978    0.04292     2.5750    154.500  1025.1222  50587.101    31.7202     50.618    6.96064     6.6077     6.6114    24.8869   12.50543 6.9690e-02     51.102 0.0000e+00
        620 173.585981    0.04299     2.5792    154.750  1025.1236  50587.839    31.7207     50.836    6.96058     6.6083     6.6116    24.8872   12.50533 6.8982e-02     51.322 0.0000e+00
        621 173.585984    0.04306     2.5833    155.000  1025.1248  50588.430    31.7210     51.054    6.96050     6.6090     6.6120    24.8874   12.50518 6.8299e-02     51.542 0.0000e+00
        622 173.585987    0.04312     2.5875    155.250  1025.1260  50588.790    31.7213     51.272    6.96039     6.6096     6.6127    24.8876   12.50499 6.7639e-02     51.763 0.0000e+00
        623 173.585990    0.04319     2.5917    155.500  1025.1270  50588.857    31.7214     51.490    6.96027     6.6102     6.6134    24.8876   12.50480 6.7010e-02     51.983 0.0000e+00
        624 173.585992    0.04326     2.5958    155.750  1025.1277  50588.561    31.7212     51.707    6.96016     6.6104     6.6141    24.8873   12.50463 6.6410e-02     52.202 0.0000e+00
        625 173.585995    0.04333     2.6000    156.000  1025.1283  50587.907    31.7208     51.923    6.96009     6.6104     6.6146    24.8869   12.50451 6.5846e-02     52.420 0.0000e+00
        626 173.585998    0.04340     2.6042    156.250  1025.1288  50587.109    31.7202     52.137    6.96007     6.6100     6.6149    24.8864   12.50449 6.5328e-02     52.636 0.0000e+00
        627 173.586001    0.04347     2.6083    156.500  1025.1294  50586.468    31.7196     52.350    6.96011     6.6094     6.6149    24.8860   12.50455 6.4845e-02     52.851 0.0000e+00
        628 173.586004    0.04354     2.6125    156.750  1025.1300  50586.024    31.7191     52.564    6.96019     6.6085     6.6145    24.8856   12.50469 6.4379e-02     53.067 0.0000e+00
        629 173.586007    0.04361     2.6167    157.000  1025.1308  50585.648    31.7186     52.782    6.96031     6.6074     6.6139    24.8853   12.50489 6.3922e-02     53.287 0.0000e+00
        630 173.586010    0.04368     2.6208    157.250  1025.1315  50585.190    31.7181     53.008    6.96047     6.6059     6.6131    24.8850   12.50516 6.3467e-02     53.515 0.0000e+00
        631 173.586013    0.04375     2.6250    157.500  1025.1320  50584.365    31.7172     53.241    6.96068     6.6038     6.6120    24.8844   12.50553 6.3019e-02     53.751 0.0000e+00
        632 173.586016    0.04382     2.6292    157.750  1025.1324  50583.199    31.7160     53.481    6.96098     6.6012     6.6105    24.8837   12.50604 6.2593e-02     53.993 0.0000e+00
        633 173.586019    0.04389     2.6333    158.000  1025.1331  50582.725    31.7151     53.722    6.96136     6.5986     6.6084    24.8833   12.50668 6.2193e-02     54.237 0.0000e+00
        634 173.586021    0.04396     2.6375    158.250  1025.1346  50583.773    31.7153     53.958    6.96177     6.5963     6.6058    24.8837   12.50735 6.1815e-02     54.474 0.0000e+00
        635 173.586024    0.04403     2.6417    158.500  1025.1366  50585.756    31.7160     54.186    6.96216     6.5943     6.6032    24.8847   12.50798 6.1459e-02     54.704 0.0000e+00
        636 173.586027    0.04410     2.6458    158.750  1025.1386  50587.607    31.7168     54.408    6.96250     6.5924     6.6009    24.8856   12.50853 6.1123e-02     54.929 0.0000e+00
        637 173.586030    0.04417     2.6500    159.000  1025.1399  50588.306    31.7168     54.631    6.96281     6.5899     6.5989    24.8858   12.50905 6.0798e-02     55.154 0.0000e+00
        638 173.586033    0.04424     2.6542    159.250  1025.1402  50587.136    31.7156     54.860    6.96317     6.5865     6.5971    24.8851   12.50967 6.0477e-02     55.385 0.0000e+00
        639 173.586036    0.04431     2.6583    159.500  1025.1398  50584.704    31.7133     55.096    6.96367     6.5821     6.5946    24.8836   12.51052 6.0161e-02     55.623 0.0000e+00
        640 173.586039    0.04437     2.6625    159.750  1025.1400  50583.365    31.7117     55.333    6.96431     6.5777     6.5912    24.8827   12.51159 5.9854e-02     55.863 0.0000e+00
        641 173.586042    0.04444     2.6667    160.000  1025.1418  50584.934    31.7118     55.565    6.96500     6.5740     6.5868    24.8834   12.51273 5.9568e-02     56.097 0.0000e+00
        642 173.586045    0.04451     2.6708    160.250  1025.1446  50588.568    31.7134     55.787    6.96564     6.5713     6.5824    24.8852   12.51376 5.9315e-02     56.321 0.0000e+00
        643 173.586047    0.04458     2.6750    160.500  1025.1476  50592.424    31.7153     55.997    6.96615     6.5694     6.5788    24.8872   12.51458 5.9090e-02     56.533 0.0000e+00
        644 173.586050    0.04465     2.6792    160.750  1025.1501  50595.474    31.7168     56.198    6.96652     6.5680     6.5761    24.8888   12.51517 5.8880e-02     56.737 0.0000e+00
        645 173.586053    0.04472     2.6833    161.000  1025.1521  50597.504    31.7178     56.399    6.96678     6.5669     6.5742    24.8898   12.51560 5.8677e-02     56.939 0.0000e+00
        646 173.586056    0.04479     2.6875    161.250  1025.1536  50598.753    31.7183     56.605    6.96698     6.5661     6.5728    24.8903   12.51591 5.8472e-02     57.147 0.0000e+00
        647 173.586059    0.04486     2.6917    161.500  1025.1549  50599.531    31.7186     56.823    6.96713     6.5653     6.5717    24.8906   12.51617 5.8257e-02     57.367 0.0000e+00
        648 173.586062    0.04493     2.6958    161.750  1025.1562  50600.083    31.7187     57.053    6.96726     6.5647     6.5709    24.8908   12.51638 5.8030e-02     57.600 0.0000e+00
        649 173.586065    0.04500     2.7000    162.000  1025.1575  50600.562    31.7188     57.294    6.96738     6.5641     6.5702    24.8910   12.51657 5.7803e-02     57.843 0.0000e+00
        650 173.586068    0.04507     2.7042    162.250  1025.1588  50601.026    31.7189     57.538    6.96748     6.5635     6.5696    24.8912   12.51674 5.7588e-02     58.089 0.0000e+00
        651 173.586071    0.04514     2.7083    162.500  1025.1600  50601.444    31.7189     57.776    6.96757     6.5629     6.5690    24.8913   12.51689 5.7383e-02     58.330 0.0000e+00
        652 173.586073    0.04521     2.7125    162.750  1025.1611  50601.692    31.7189     58.004    6.96766     6.5623     6.5684    24.8914   12.51703 5.7194e-02     58.560 0.0000e+00
        653 173.586076    0.04528     2.7167    163.000  1025.1621  50601.802    31.7188     58.221    6.96775     6.5615     6.5679    24.8913   12.51720 5.7037e-02     58.779 0.0000e+00
        654 173.586079    0.04535     2.7208    163.250  1025.1631  50601.950    31.7186     58.431    6.96786     6.5608     6.5672    24.8913   12.51738 5.6901e-02     58.992 0.0000e+00
        655 173.586082    0.04542     2.7250    163.500  1025.1641  50602.316    31.7187     58.642    6.96797     6.5602     6.5665    24.8914   12.51756 5.6767e-02     59.205 0.0000e+00
        656 173.586085    0.04549     2.7292    163.750  1025.1654  50603.004    31.7189     58.860    6.96807     6.5598     6.5658    24.8917   12.51773 5.6631e-02     59.424 0.0000e+00
        657 173.586088    0.04556     2.7333    164.000  1025.1669  50603.891    31.7193     59.084    6.96815     6.5596     6.5652    24.8921   12.51785 5.6490e-02     59.650 0.0000e+00
        658 173.586091    0.04562     2.7375    164.250  1025.1683  50604.782    31.7198     59.314    6.96819     6.5597     6.5648    24.8925   12.51791 5.6349e-02     59.882 0.0000e+00
        659 173.586094    0.04569     2.7417    164.500  1025.1697  50605.420    31.7201     59.543    6.96820     6.5599     6.5647    24.8928   12.51792 5.6214e-02     60.114 0.0000e+00
        660 173.586097    0.04576     2.7458    164.750  1025.1707  50605.606    31.7201     59.767    6.96818     6.5599     6.5648    24.8928   12.51789 5.6087e-02     60.340 0.0000e+00
        661 173.586100    0.04583     2.7500    165.000  1025.1716  50605.470    31.7199     59.984    6.96817     6.5599     6.5650    24.8926   12.51787 5.5969e-02     60.559 0.0000e+00
        662 173.586102    0.04590     2.7542    165.250  1025.1724  50605.256    31.7197     60.196    6.96816     6.5597     6.5651    24.8924   12.51787 5.5859e-02     60.773 0.0000e+00
        663 173.586105    0.04597     2.7583    165.500  1025.1732  50605.135    31.7195     60.412    6.96818     6.5595     6.5650    24.8923   12.51789 5.5754e-02     60.992 0.0000e+00
        664 173.586108    0.04604     2.7625    165.750  1025.1742  50605.142    31.7194     60.638    6.96820     6.5593     6.5649    24.8922   12.51793 5.5653e-02     61.219 0.0000e+00
        665 173.586111    0.04611     2.7667    166.000  1025.1752  50605.217    31.7193     60.875    6.96824     6.5590     6.5647    24.8922   12.51799 5.5549e-02     61.459 0.0000e+00
        666 173.586114    0.04618     2.7708    166.250  1025.1764  50605.377    31.7192     61.120    6.96828     6.5587     6.5645    24.8922   12.51806 5.5440e-02     61.705 0.0000e+00
        667 173.586117    0.04625     2.7750    166.500  1025.1776  50605.638    31.7192     61.363    6.96832     6.5584     6.5642    24.8922   12.51813 5.5334e-02     61.951 0.0000e+00
        668 173.586120    0.04632     2.7792    166.750  1025.1787  50605.864    31.7192     61.597    6.96837     6.5580     6.5640    24.8922   12.51820 5.5233e-02     62.188 0.0000e+00
        669 173.586123    0.04639     2.7833    167.000  1025.1796  50605.914    31.7191     61.815    6.96842     6.5576     6.5637    24.8922   12.51829 5.5142e-02     62.408 0.0000e+00
        670 173.586126    0.04646     2.7875    167.250  1025.1805  50605.983    31.7190     62.014    6.96848     6.5572     6.5633    24.8921   12.51839 5.5062e-02     62.609 0.0000e+00
        671 173.586128    0.04653     2.7917    167.500  1025.1815  50606.401    31.7191     62.201    6.96854     6.5569     6.5629    24.8923   12.51849 5.4993e-02     62.798 0.0000e+00
        672 173.586131    0.04660     2.7958    167.750  1025.1826  50606.968    31.7194     62.386    6.96859     6.5565     6.5625    24.8925   12.51857 5.4929e-02     62.984 0.0000e+00
        673 173.586134    0.04667     2.8000    168.000  1025.1836  50607.196    31.7194     62.580    6.96864     6.5560     6.5622    24.8926   12.51866 5.4862e-02     63.179 0.0000e+00
        674 173.586137    0.04674     2.8042    168.250  1025.1844  50606.982    31.7191     62.789    6.96871     6.5553     6.5619    24.8924   12.51877 5.4791e-02     63.391 0.0000e+00
        675 173.586140    0.04681     2.8083    168.500  1025.1852  50606.752    31.7187     63.016    6.96881     6.5545     6.5614    24.8922   12.51894 5.4717e-02     63.620 0.0000e+00
        676 173.586143    0.04688     2.8125    168.750  1025.1864  50607.010    31.7186     63.255    6.96892     6.5537     6.5606    24.8922   12.51913 5.4640e-02     63.862 0.0000e+00
        677 173.586146    0.04694     2.8167    169.000  1025.1878  50607.770    31.7189     63.500    6.96904     6.5531     6.5598    24.8925   12.51932 5.4563e-02     64.109 0.0000e+00
        678 173.586149    0.04701     2.8208    169.250  1025.1894  50608.696    31.7193     63.743    6.96914     6.5527     6.5591    24.8929   12.51948 5.4495e-02     64.354 0.0000e+00
        679 173.586152    0.04708     2.8250    169.500  1025.1908  50609.442    31.7196     63.980    6.96921     6.5524     6.5586    24.8932   12.51960 5.4440e-02     64.593 0.0000e+00
        680 173.586155    0.04715     2.8292    169.750  1025.1920  50609.972    31.7198     64.211    6.96927     6.5521     6.5582    24.8934   12.51970 5.4390e-02     64.826 0.0000e+00
