CTD-processing/allCTD/CNV--homogene/2018_04-23_alongbay_skb09_cast077.cnv
* Sea-Bird SBE19plus Data File:
* FileName = C:\Users\Kim.Powell\Desktop\Not Processed\2018\2018_04-23_AlongBay, T4, T9_5028\2018_04-23_TRANSECT_STATION_cast077.hex
* Software Version 1.59
* Temperature SN =  5028
* Conductivity SN =  5028
* System UpLoad Time = Apr 24 2018 10:12:34
** 2018_04-24
** Station: KB09
** Start Time: 17:39
** Depth (m): 66
** Comment:
** Comment:
# nquan = 17
# nvalues = 583                         
# units = specified
# name 0 = scan: Scan Count
# name 1 = timeJ: Julian Days
# name 2 = timeH: Time, Elapsed [hours]
# name 3 = timeM: Time, Elapsed [minutes]
# name 4 = timeS: Time, Elapsed [seconds]
# name 5 = density00: Density [density, kg/m^3]
# name 6 = specc: Specific Conductance [uS/cm]
# name 7 = sal00: Salinity, Practical [PSU]
# name 8 = depSM: Depth [salt water, m], lat = 59.00
# name 9 = oxsolML/L: Oxygen Saturation, Garcia & Gordon [ml/l]
# name 10 = potemp090C: Potential Temperature [ITS-90, deg C]
# name 11 = tv290C: Temperature [ITS-90, deg C]
# name 12 = sigma-é00: Density [sigma-theta, kg/m^3]
# name 13 = n2satML/L: Nitrogen Saturation [ml/l]
# name 14 = par: PAR/Irradiance, Biospherical/Licor
# name 15 = prdM: Pressure, Strain Gauge [db]
# name 16 = flag:  0.000e+00
# span 0 =          1,        583       
# span 1 = 113.735440, 113.737124       
# span 2 =    0.00000,    0.04042       
# span 3 =     0.0000,     2.4250       
# span 4 =      0.000,    145.500       
# span 5 =  1012.3422,  1025.4219       
# span 6 =  25931.782,  51280.679       
# span 7 =    15.6469,    31.6674       
# span 8 =     -0.026,     62.904       
# span 9 =    7.14183,    8.01244       
# span 10 =     4.1101,     5.6398      
# span 11 =     4.1142,     5.6398      
# span 12 =    12.3423,    25.1253      
# span 13 =   12.81034,   14.48043      
# span 14 = 3.7976e-02, 3.3251e+02      
# span 15 =     -0.025,     63.507      
# span 16 = 0.0000e+00, 0.0000e+00      
# interval = seconds: 0.25
# start_time = Apr 23 2018 17:39:02 [Instrument's time stamp, header]
# bad_flag = -9.990e-29
*END*
[from data line 426]
        427 113.736672    0.02958     1.7750    106.500  1025.2466  51211.153    31.6475     30.075    7.38174     4.1579     4.1605    25.1048   13.20184 4.2783e-02     30.361 0.0000e+00
        428 113.736675    0.02965     1.7792    106.750  1025.2478  51211.595    31.6477     30.291    7.38176     4.1571     4.1603    25.1050   13.20188 4.2580e-02     30.579 0.0000e+00
        429 113.736678    0.02972     1.7833    107.000  1025.2490  51212.155    31.6479     30.508    7.38184     4.1562     4.1599    25.1052   13.20200 4.2391e-02     30.798 0.0000e+00
        430 113.736681    0.02979     1.7875    107.250  1025.2505  51213.308    31.6484     30.728    7.38195     4.1554     4.1591    25.1056   13.20217 4.2206e-02     31.020 0.0000e+00
        431 113.736684    0.02986     1.7917    107.500  1025.2524  51215.218    31.6493     30.950    7.38206     4.1547     4.1582    25.1065   13.20235 4.2029e-02     31.244 0.0000e+00
        432 113.736687    0.02993     1.7958    107.750  1025.2546  51217.548    31.6506     31.171    7.38215     4.1542     4.1574    25.1076   13.20248 4.1856e-02     31.468 0.0000e+00
        433 113.736690    0.03000     1.8000    108.000  1025.2567  51219.737    31.6518     31.391    7.38221     4.1539     4.1567    25.1086   13.20257 4.1690e-02     31.690 0.0000e+00
        434 113.736693    0.03007     1.8042    108.250  1025.2585  51221.464    31.6528     31.608    7.38225     4.1536     4.1562    25.1094   13.20261 4.1536e-02     31.909 0.0000e+00
        435 113.736696    0.03014     1.8083    108.500  1025.2601  51222.756    31.6535     31.823    7.38227     4.1534     4.1559    25.1100   13.20263 4.1395e-02     32.126 0.0000e+00
        436 113.736698    0.03021     1.8125    108.750  1025.2616  51223.831    31.6541     32.035    7.38228     4.1532     4.1557    25.1105   13.20265 4.1265e-02     32.340 0.0000e+00
        437 113.736701    0.03028     1.8167    109.000  1025.2630  51224.857    31.6546     32.246    7.38229     4.1531     4.1555    25.1109   13.20265 4.1144e-02     32.553 0.0000e+00
        438 113.736704    0.03035     1.8208    109.250  1025.2644  51225.848    31.6551     32.457    7.38230     4.1530     4.1553    25.1114   13.20265 4.1019e-02     32.766 0.0000e+00
        439 113.736707    0.03042     1.8250    109.500  1025.2658  51226.678    31.6556     32.667    7.38230     4.1529     4.1552    25.1118   13.20265 4.0896e-02     32.978 0.0000e+00
        440 113.736710    0.03049     1.8292    109.750  1025.2670  51227.250    31.6558     32.876    7.38230     4.1528     4.1551    25.1120   13.20264 4.0782e-02     33.189 0.0000e+00
        441 113.736713    0.03056     1.8333    110.000  1025.2681  51227.617    31.6559     33.084    7.38230     4.1526     4.1551    25.1121   13.20264 4.0673e-02     33.399 0.0000e+00
        442 113.736716    0.03062     1.8375    110.250  1025.2691  51227.875    31.6560     33.289    7.38231     4.1524     4.1550    25.1121   13.20266 4.0568e-02     33.606 0.0000e+00
        443 113.736719    0.03069     1.8417    110.500  1025.2701  51228.105    31.6560     33.493    7.38233     4.1520     4.1548    25.1122   13.20271 4.0466e-02     33.811 0.0000e+00
        444 113.736722    0.03076     1.8458    110.750  1025.2710  51228.322    31.6560     33.695    7.38238     4.1514     4.1546    25.1122   13.20280 4.0374e-02     34.015 0.0000e+00
        445 113.736725    0.03083     1.8500    111.000  1025.2720  51228.507    31.6559     33.897    7.38246     4.1507     4.1542    25.1122   13.20292 4.0292e-02     34.219 0.0000e+00
        446 113.736727    0.03090     1.8542    111.250  1025.2729  51228.726    31.6559     34.100    7.38256     4.1498     4.1536    25.1122   13.20308 4.0210e-02     34.424 0.0000e+00
        447 113.736730    0.03097     1.8583    111.500  1025.2740  51229.110    31.6559     34.305    7.38268     4.1487     4.1529    25.1122   13.20329 4.0127e-02     34.631 0.0000e+00
        448 113.736733    0.03104     1.8625    111.750  1025.2751  51229.794    31.6560     34.511    7.38284     4.1475     4.1521    25.1124   13.20354 4.0049e-02     34.839 0.0000e+00
        449 113.736736    0.03111     1.8667    112.000  1025.2765  51230.814    31.6563     34.718    7.38301     4.1463     4.1510    25.1128   13.20382 3.9975e-02     35.048 0.0000e+00
        450 113.736739    0.03118     1.8708    112.250  1025.2780  51232.092    31.6568     34.925    7.38320     4.1450     4.1498    25.1133   13.20413 3.9899e-02     35.258 0.0000e+00
        451 113.736742    0.03125     1.8750    112.500  1025.2796  51233.620    31.6575     35.133    7.38339     4.1438     4.1486    25.1140   13.20444 3.9821e-02     35.467 0.0000e+00
        452 113.736745    0.03132     1.8792    112.750  1025.2814  51235.465    31.6583     35.340    7.38358     4.1428     4.1473    25.1148   13.20474 3.9742e-02     35.676 0.0000e+00
        453 113.736748    0.03139     1.8833    113.000  1025.2833  51237.570    31.6594     35.547    7.38373     4.1422     4.1461    25.1157   13.20498 3.9667e-02     35.885 0.0000e+00
        454 113.736751    0.03146     1.8875    113.250  1025.2853  51239.702    31.6605     35.754    7.38385     4.1418     4.1452    25.1167   13.20515 3.9597e-02     36.095 0.0000e+00
        455 113.736753    0.03153     1.8917    113.500  1025.2871  51241.595    31.6615     35.963    7.38391     4.1416     4.1445    25.1176   13.20525 3.9531e-02     36.305 0.0000e+00
        456 113.736756    0.03160     1.8958    113.750  1025.2888  51243.116    31.6624     36.173    7.38393     4.1416     4.1442    25.1183   13.20527 3.9473e-02     36.518 0.0000e+00
        457 113.736759    0.03167     1.9000    114.000  1025.2904  51244.267    31.6630     36.385    7.38392     4.1417     4.1440    25.1188   13.20525 3.9422e-02     36.732 0.0000e+00
        458 113.736762    0.03174     1.9042    114.250  1025.2917  51245.078    31.6635     36.599    7.38390     4.1419     4.1441    25.1191   13.20520 3.9369e-02     36.948 0.0000e+00
        459 113.736765    0.03181     1.9083    114.500  1025.2929  51245.619    31.6638     36.816    7.38387     4.1420     4.1442    25.1194   13.20514 3.9314e-02     37.166 0.0000e+00
        460 113.736768    0.03188     1.9125    114.750  1025.2941  51245.974    31.6639     37.034    7.38383     4.1420     4.1443    25.1195   13.20508 3.9263e-02     37.387 0.0000e+00
        461 113.736771    0.03194     1.9167    115.000  1025.2951  51246.154    31.6640     37.255    7.38381     4.1420     4.1444    25.1195   13.20504 3.9214e-02     37.611 0.0000e+00
        462 113.736774    0.03201     1.9208    115.250  1025.2961  51246.191    31.6639     37.478    7.38380     4.1419     4.1445    25.1194   13.20503 3.9163e-02     37.835 0.0000e+00
        463 113.736777    0.03208     1.9250    115.500  1025.2971  51246.218    31.6638     37.701    7.38381     4.1417     4.1445    25.1194   13.20504 3.9110e-02     38.060 0.0000e+00
        464 113.736780    0.03215     1.9292    115.750  1025.2982  51246.426    31.6638     37.923    7.38383     4.1414     4.1444    25.1194   13.20508 3.9055e-02     38.285 0.0000e+00
        465 113.736782    0.03222     1.9333    116.000  1025.2994  51246.864    31.6640     38.145    7.38386     4.1412     4.1442    25.1195   13.20513 3.8999e-02     38.508 0.0000e+00
        466 113.736785    0.03229     1.9375    116.250  1025.3006  51247.424    31.6642     38.365    7.38389     4.1411     4.1439    25.1197   13.20517 3.8946e-02     38.730 0.0000e+00
        467 113.736788    0.03236     1.9417    116.500  1025.3019  51248.004    31.6644     38.583    7.38391     4.1410     4.1437    25.1199   13.20521 3.8897e-02     38.951 0.0000e+00
        468 113.736791    0.03243     1.9458    116.750  1025.3031  51248.523    31.6646     38.801    7.38392     4.1410     4.1436    25.1201   13.20523 3.8851e-02     39.171 0.0000e+00
        469 113.736794    0.03250     1.9500    117.000  1025.3042  51248.907    31.6648     39.018    7.38393     4.1410     4.1435    25.1203   13.20523 3.8809e-02     39.390 0.0000e+00
        470 113.736797    0.03257     1.9542    117.250  1025.3053  51249.148    31.6648     39.235    7.38393     4.1410     4.1435    25.1203   13.20523 3.8770e-02     39.609 0.0000e+00
        471 113.736800    0.03264     1.9583    117.500  1025.3063  51249.306    31.6648     39.453    7.38393     4.1409     4.1435    25.1203   13.20522 3.8731e-02     39.829 0.0000e+00
        472 113.736803    0.03271     1.9625    117.750  1025.3073  51249.454    31.6648     39.670    7.38392     4.1409     4.1435    25.1203   13.20522 3.8688e-02     40.049 0.0000e+00
        473 113.736806    0.03278     1.9667    118.000  1025.3084  51249.661    31.6648     39.888    7.38392     4.1408     4.1435    25.1203   13.20522 3.8646e-02     40.268 0.0000e+00
        474 113.736808    0.03285     1.9708    118.250  1025.3094  51249.925    31.6649     40.105    7.38393     4.1407     4.1435    25.1204   13.20522 3.8609e-02     40.487 0.0000e+00
        475 113.736811    0.03292     1.9750    118.500  1025.3105  51250.106    31.6649     40.320    7.38394     4.1404     4.1434    25.1204   13.20525 3.8577e-02     40.704 0.0000e+00
        476 113.736814    0.03299     1.9792    118.750  1025.3114  51250.062    31.6647     40.534    7.38398     4.1400     4.1433    25.1203   13.20531 3.8549e-02     40.921 0.0000e+00
        477 113.736817    0.03306     1.9833    119.000  1025.3121  51249.767    31.6643     40.747    7.38404     4.1392     4.1430    25.1200   13.20542 3.8524e-02     41.136 0.0000e+00
        478 113.736820    0.03313     1.9875    119.250  1025.3127  51249.281    31.6638     40.961    7.38414     4.1382     4.1426    25.1196   13.20560 3.8506e-02     41.351 0.0000e+00
        479 113.736823    0.03319     1.9917    119.500  1025.3133  51248.865    31.6632     41.174    7.38430     4.1370     4.1419    25.1192   13.20586 3.8488e-02     41.566 0.0000e+00
        480 113.736826    0.03326     1.9958    119.750  1025.3142  51248.904    31.6629     41.386    7.38449     4.1358     4.1409    25.1191   13.20618 3.8461e-02     41.781 0.0000e+00
        481 113.736829    0.03333     2.0000    120.000  1025.3153  51249.410    31.6629     41.597    7.38470     4.1347     4.1398    25.1192   13.20653 3.8433e-02     41.994 0.0000e+00
        482 113.736832    0.03340     2.0042    120.250  1025.3165  51250.137    31.6630     41.806    7.38491     4.1336     4.1386    25.1194   13.20687 3.8407e-02     42.205 0.0000e+00
        483 113.736834    0.03347     2.0083    120.500  1025.3177  51250.952    31.6632     42.013    7.38511     4.1326     4.1374    25.1196   13.20719 3.8378e-02     42.414 0.0000e+00
        484 113.736837    0.03354     2.0125    120.750  1025.3189  51251.768    31.6634     42.220    7.38529     4.1318     4.1364    25.1198   13.20749 3.8347e-02     42.623 0.0000e+00
        485 113.736840    0.03361     2.0167    121.000  1025.3201  51252.530    31.6635     42.426    7.38545     4.1310     4.1354    25.1201   13.20776 3.8321e-02     42.831 0.0000e+00
        486 113.736843    0.03368     2.0208    121.250  1025.3213  51253.216    31.6637     42.632    7.38560     4.1303     4.1345    25.1203   13.20800 3.8296e-02     43.038 0.0000e+00
        487 113.736846    0.03375     2.0250    121.500  1025.3225  51253.829    31.6638     42.838    7.38573     4.1296     4.1338    25.1205   13.20821 3.8271e-02     43.246 0.0000e+00
        488 113.736849    0.03382     2.0292    121.750  1025.3236  51254.315    31.6639     43.044    7.38585     4.1290     4.1331    25.1206   13.20841 3.8250e-02     43.455 0.0000e+00
        489 113.736852    0.03389     2.0333    122.000  1025.3246  51254.607    31.6638     43.250    7.38597     4.1283     4.1324    25.1207   13.20861 3.8233e-02     43.663 0.0000e+00
        490 113.736855    0.03396     2.0375    122.250  1025.3255  51254.822    31.6637     43.456    7.38609     4.1276     4.1318    25.1206   13.20880 3.8218e-02     43.871 0.0000e+00
        491 113.736858    0.03403     2.0417    122.500  1025.3265  51255.154    31.6637     43.663    7.38621     4.1270     4.1312    25.1207   13.20900 3.8201e-02     44.080 0.0000e+00
        492 113.736861    0.03410     2.0458    122.750  1025.3276  51255.620    31.6637     43.871    7.38632     4.1263     4.1305    25.1208   13.20920 3.8182e-02     44.290 0.0000e+00
        493 113.736863    0.03417     2.0500    123.000  1025.3287  51256.095    31.6638     44.083    7.38644     4.1257     4.1299    25.1209   13.20938 3.8161e-02     44.503 0.0000e+00
        494 113.736866    0.03424     2.0542    123.250  1025.3299  51256.559    31.6639     44.297    7.38655     4.1252     4.1292    25.1210   13.20956 3.8139e-02     44.720 0.0000e+00
        495 113.736869    0.03431     2.0583    123.500  1025.3310  51257.059    31.6640     44.515    7.38665     4.1247     4.1286    25.1212   13.20973 3.8116e-02     44.940 0.0000e+00
        496 113.736872    0.03438     2.0625    123.750  1025.3322  51257.527    31.6640     44.734    7.38674     4.1242     4.1281    25.1213   13.20988 3.8094e-02     45.162 0.0000e+00
        497 113.736875    0.03444     2.0667    124.000  1025.3333  51257.990    31.6641     44.955    7.38682     4.1238     4.1276    25.1214   13.21001 3.8076e-02     45.385 0.0000e+00
        498 113.736878    0.03451     2.0708    124.250  1025.3345  51258.530    31.6643     45.175    7.38689     4.1235     4.1272    25.1216   13.21012 3.8058e-02     45.607 0.0000e+00
        499 113.736881    0.03458     2.0750    124.500  1025.3357  51259.072    31.6645     45.393    7.38695     4.1231     4.1268    25.1217   13.21022 3.8041e-02     45.827 0.0000e+00
        500 113.736884    0.03465     2.0792    124.750  1025.3369  51259.554    31.6646     45.610    7.38701     4.1227     4.1264    25.1219   13.21032 3.8028e-02     46.046 0.0000e+00
        501 113.736887    0.03472     2.0833    125.000  1025.3380  51259.909    31.6646     45.828    7.38707     4.1223     4.1261    25.1220   13.21041 3.8018e-02     46.266 0.0000e+00
        502 113.736889    0.03479     2.0875    125.250  1025.3390  51260.142    31.6646     46.047    7.38713     4.1219     4.1257    25.1220   13.21052 3.8010e-02     46.486 0.0000e+00
        503 113.736892    0.03486     2.0917    125.500  1025.3401  51260.485    31.6646     46.268    7.38720     4.1216     4.1254    25.1220   13.21063 3.8004e-02     46.710 0.0000e+00
        504 113.736895    0.03493     2.0958    125.750  1025.3414  51261.106    31.6649     46.491    7.38725     4.1215     4.1250    25.1222   13.21072 3.7999e-02     46.935 0.0000e+00
        505 113.736898    0.03500     2.1000    126.000  1025.3428  51261.961    31.6653     46.716    7.38729     4.1215     4.1247    25.1226   13.21077 3.7995e-02     47.162 0.0000e+00
        506 113.736901    0.03507     2.1042    126.250  1025.3442  51262.810    31.6657     46.940    7.38729     4.1216     4.1245    25.1229   13.21077 3.7992e-02     47.388 0.0000e+00
        507 113.736904    0.03514     2.1083    126.500  1025.3455  51263.404    31.6660     47.163    7.38728     4.1217     4.1245    25.1231   13.21074 3.7990e-02     47.613 0.0000e+00
        508 113.736907    0.03521     2.1125    126.750  1025.3466  51263.753    31.6662     47.383    7.38725     4.1218     4.1246    25.1232   13.21070 3.7989e-02     47.836 0.0000e+00
        509 113.736910    0.03528     2.1167    127.000  1025.3477  51263.987    31.6663     47.600    7.38722     4.1219     4.1248    25.1233   13.21066 3.7988e-02     48.055 0.0000e+00
        510 113.736913    0.03535     2.1208    127.250  1025.3487  51264.161    31.6663     47.813    7.38720     4.1221     4.1249    25.1233   13.21061 3.7987e-02     48.270 0.0000e+00
