CTD-processing/allCTD/CNV--homogene/2018_12-06_alongbay_skb04_cast025.cnv
* Sea-Bird SBE19plus Data File:
* FileName = C:\Users\Kim.Powell\Desktop\Not Processed\2018\2018_12-06_AlongBay, T9_4141\2018_12-06_TRANSECT_STATION_cast025.hex
* Software Version 1.59
* Temperature SN =  4141
* Conductivity SN =  4141
* System UpLoad Time = Jan 10 2019 09:45:36
** 2018_12-06
** Station: KB04
** Start Time: 11:56
** Depth (m): 159
** Comment:
** Comment:
# nquan = 17
# nvalues = 1007                        
# units = specified
# name 0 = scan: Scan Count
# name 1 = timeJ: Julian Days
# name 2 = timeH: Time, Elapsed [hours]
# name 3 = timeM: Time, Elapsed [minutes]
# name 4 = timeS: Time, Elapsed [seconds]
# name 5 = density00: Density [density, kg/m^3]
# name 6 = specc: Specific Conductance [uS/cm]
# name 7 = sal00: Salinity, Practical [PSU]
# name 8 = depSM: Depth [salt water, m], lat = 59.00
# name 9 = oxsolML/L: Oxygen Saturation, Garcia & Gordon [ml/l]
# name 10 = potemp090C: Potential Temperature [ITS-90, deg C]
# name 11 = tv290C: Temperature [ITS-90, deg C]
# name 12 = sigma-é00: Density [sigma-theta, kg/m^3]
# name 13 = n2satML/L: Nitrogen Saturation [ml/l]
# name 14 = par: PAR/Irradiance, Biospherical/Licor
# name 15 = prdM: Pressure, Strain Gauge [db]
# name 16 = flag:  0.000e+00
# span 0 =          1,       1007       
# span 1 = 340.497130, 340.500041       
# span 2 =    0.00000,    0.06986       
# span 3 =     0.0000,     4.1917       
# span 4 =      0.000,    251.500       
# span 5 =  1023.8585,  1025.0350       
# span 6 =  48658.392,  49615.441       
# span 7 =    30.5590,    31.2396       
# span 8 =      0.504,    155.293       
# span 9 =    6.75734,    6.88079       
# span 10 =     7.4215,     8.0255      
# span 11 =     7.3997,     8.0405      
# span 12 =    23.8545,    24.3185      
# span 13 =   12.17524,   12.38609      
# span 14 = 3.6170e-02, 6.3222e+01      
# span 15 =      0.509,    156.818      
# span 16 = 0.0000e+00, 0.0000e+00      
# interval = seconds: 0.25
# start_time = Dec 06 2018 11:55:52 [Instrument's time stamp, header]
# bad_flag = -9.990e-29
*END*
[from data line 86]
         87 340.497378    0.00597     0.3583     21.500  1023.9235  48777.671    30.6432      0.861    6.86388     7.5296     7.5249    23.9196   12.35890 5.1432e+01      0.869 0.0000e+00
         88 340.497381    0.00604     0.3625     21.750  1023.9305  48790.460    30.6525      0.865    6.86311     7.5320     7.5271    23.9265   12.35752 5.2018e+01      0.873 0.0000e+00
         89 340.497384    0.00611     0.3667     22.000  1023.9356  48799.681    30.6593      0.869    6.86240     7.5337     7.5297    23.9315   12.35626 5.2015e+01      0.877 0.0000e+00
         90 340.497387    0.00618     0.3708     22.250  1023.9373  48802.900    30.6619      0.873    6.86191     7.5345     7.5321    23.9333   12.35542 5.1550e+01      0.881 0.0000e+00
         91 340.497390    0.00625     0.3750     22.500  1023.9356  48799.748    30.6600      0.878    6.86173     7.5343     7.5338    23.9315   12.35514 5.1080e+01      0.886 0.0000e+00
         92 340.497393    0.00632     0.3792     22.750  1023.9304  48790.353    30.6536      0.882    6.86189     7.5329     7.5346    23.9264   12.35548 5.1008e+01      0.890 0.0000e+00
         93 340.497396    0.00639     0.3833     23.000  1023.9217  48774.316    30.6424      0.885    6.86243     7.5301     7.5344    23.9176   12.35651 5.1079e+01      0.893 0.0000e+00
         94 340.497399    0.00646     0.3875     23.250  1023.9094  48751.730    30.6265      0.886    6.86336     7.5262     7.5330    23.9053   12.35826 5.0584e+01      0.894 0.0000e+00
         95 340.497402    0.00653     0.3917     23.500  1023.8948  48725.081    30.6075      0.884    6.86464     7.5221     7.5302    23.8908   12.36062 5.0180e+01      0.892 0.0000e+00
         96 340.497405    0.00660     0.3958     23.750  1023.8807  48699.101    30.5888      0.881    6.86610     7.5188     7.5263    23.8766   12.36326 5.0688e+01      0.889 0.0000e+00
         97 340.497407    0.00667     0.4000     24.000  1023.8692  48678.106    30.5736      0.875    6.86743     7.5166     7.5222    23.8652   12.36566 5.1663e+01      0.883 0.0000e+00
         98 340.497410    0.00674     0.4042     24.250  1023.8616  48664.127    30.5634      0.868    6.86841     7.5146     7.5189    23.8576   12.36741 5.2299e+01      0.876 0.0000e+00
         99 340.497413    0.00681     0.4083     24.500  1023.8585  48658.392    30.5590      0.862    6.86896     7.5122     7.5166    23.8545   12.36838 5.2249e+01      0.870 0.0000e+00
        100 340.497416    0.00688     0.4125     24.750  1023.8611  48663.256    30.5621      0.858    6.86914     7.5100     7.5146    23.8572   12.36863 5.1862e+01      0.866 0.0000e+00
        101 340.497419    0.00694     0.4167     25.000  1023.8703  48680.035    30.5733      0.860    6.86900     7.5088     7.5123    23.8663   12.36826 5.1240e+01      0.868 0.0000e+00
        102 340.497422    0.00701     0.4208     25.250  1023.8831  48703.333    30.5892      0.867    6.86864     7.5090     7.5101    23.8791   12.36746 5.0584e+01      0.875 0.0000e+00
        103 340.497425    0.00708     0.4250     25.500  1023.8929  48721.181    30.6014      0.877    6.86827     7.5096     7.5089    23.8888   12.36670 5.0492e+01      0.885 0.0000e+00
        104 340.497428    0.00715     0.4292     25.750  1023.8944  48723.809    30.6032      0.887    6.86817     7.5098     7.5090    23.8902   12.36650 5.0883e+01      0.896 0.0000e+00
        105 340.497431    0.00722     0.4333     26.000  1023.8868  48709.807    30.5936      0.894    6.86850     7.5097     7.5097    23.8826   12.36717 5.1313e+01      0.902 0.0000e+00
        106 340.497433    0.00729     0.4375     26.250  1023.8747  48687.696    30.5783      0.895    6.86915     7.5102     7.5099    23.8705   12.36844 5.1579e+01      0.904 0.0000e+00
        107 340.497436    0.00736     0.4417     26.500  1023.8656  48671.160    30.5668      0.891    6.86969     7.5117     7.5098    23.8615   12.36947 5.1749e+01      0.900 0.0000e+00
        108 340.497439    0.00743     0.4458     26.750  1023.8647  48669.508    30.5657      0.884    6.86966     7.5139     7.5103    23.8606   12.36944 5.2027e+01      0.893 0.0000e+00
        109 340.497442    0.00750     0.4500     27.000  1023.8731  48684.920    30.5767      0.877    6.86894     7.5168     7.5117    23.8690   12.36811 5.2585e+01      0.886 0.0000e+00
        110 340.497445    0.00757     0.4542     27.250  1023.8878  48712.071    30.5959      0.873    6.86772     7.5204     7.5140    23.8838   12.36586 5.2732e+01      0.882 0.0000e+00
        111 340.497448    0.00764     0.4583     27.500  1023.9031  48740.171    30.6159      0.872    6.86637     7.5245     7.5169    23.8991   12.36337 5.1773e+01      0.880 0.0000e+00
        112 340.497451    0.00771     0.4625     27.750  1023.9147  48761.330    30.6312      0.872    6.86512     7.5283     7.5205    23.9106   12.36110 5.0658e+01      0.881 0.0000e+00
        113 340.497454    0.00778     0.4667     28.000  1023.9212  48773.401    30.6402      0.874    6.86407     7.5312     7.5245    23.9172   12.35926 5.0428e+01      0.883 0.0000e+00
        114 340.497457    0.00785     0.4708     28.250  1023.9229  48776.457    30.6429      0.877    6.86335     7.5327     7.5284    23.9188   12.35803 5.0523e+01      0.886 0.0000e+00
        115 340.497459    0.00792     0.4750     28.500  1023.9199  48771.004    30.6396      0.880    6.86303     7.5322     7.5313    23.9158   12.35755 5.0529e+01      0.889 0.0000e+00
        116 340.497462    0.00799     0.4792     28.750  1023.9134  48759.117    30.6316      0.882    6.86317     7.5302     7.5327    23.9093   12.35788 5.0854e+01      0.891 0.0000e+00
        117 340.497465    0.00806     0.4833     29.000  1023.9064  48746.356    30.6226      0.883    6.86364     7.5274     7.5323    23.9024   12.35877 5.1074e+01      0.891 0.0000e+00
        118 340.497468    0.00813     0.4875     29.250  1023.9029  48739.869    30.6178      0.882    6.86418     7.5252     7.5302    23.8988   12.35973 5.0906e+01      0.891 0.0000e+00
        119 340.497471    0.00819     0.4917     29.500  1023.9046  48743.022    30.6196      0.881    6.86454     7.5245     7.5275    23.9006   12.36029 5.0865e+01      0.890 0.0000e+00
        120 340.497474    0.00826     0.4958     29.750  1023.9102  48753.179    30.6263      0.880    6.86458     7.5253     7.5253    23.9061   12.36027 5.0973e+01      0.889 0.0000e+00
        121 340.497477    0.00833     0.5000     30.000  1023.9166  48764.821    30.6343      0.880    6.86433     7.5273     7.5246    23.9125   12.35977 5.0833e+01      0.888 0.0000e+00
        122 340.497480    0.00840     0.5042     30.250  1023.9218  48774.342    30.6410      0.879    6.86390     7.5300     7.5254    23.9177   12.35897 5.0739e+01      0.887 0.0000e+00
        123 340.497483    0.00847     0.5083     30.500  1023.9255  48781.170    30.6460      0.879    6.86335     7.5328     7.5274    23.9214   12.35800 5.0820e+01      0.887 0.0000e+00
        124 340.497486    0.00854     0.5125     30.750  1023.9279  48785.625    30.6496      0.879    6.86277     7.5355     7.5301    23.9238   12.35700 5.0522e+01      0.887 0.0000e+00
        125 340.497488    0.00861     0.5167     31.000  1023.9291  48787.909    30.6516      0.880    6.86223     7.5377     7.5329    23.9250   12.35608 5.0112e+01      0.888 0.0000e+00
        126 340.497491    0.00868     0.5208     31.250  1023.9291  48787.811    30.6520      0.882    6.86180     7.5392     7.5356    23.9249   12.35536 5.0111e+01      0.891 0.0000e+00
        127 340.497494    0.00875     0.5250     31.500  1023.9269  48783.944    30.6496      0.886    6.86156     7.5398     7.5378    23.9228   12.35500 5.0541e+01      0.894 0.0000e+00
        128 340.497497    0.00882     0.5292     31.750  1023.9217  48774.387    30.6432      0.888    6.86161     7.5394     7.5393    23.9176   12.35515 5.1062e+01      0.896 0.0000e+00
        129 340.497500    0.00889     0.5333     32.000  1023.9137  48759.700    30.6331      0.888    6.86197     7.5382     7.5399    23.9096   12.35587 5.1094e+01      0.897 0.0000e+00
        130 340.497503    0.00896     0.5375     32.250  1023.9058  48745.349    30.6231      0.885    6.86248     7.5369     7.5395    23.9017   12.35685 5.0704e+01      0.893 0.0000e+00
        131 340.497506    0.00903     0.5417     32.500  1023.9024  48739.006    30.6185      0.879    6.86287     7.5361     7.5383    23.8983   12.35756 5.0149e+01      0.887 0.0000e+00
        132 340.497509    0.00910     0.5458     32.750  1023.9059  48745.490    30.6228      0.872    6.86289     7.5362     7.5370    23.9019   12.35753 4.9714e+01      0.880 0.0000e+00
        133 340.497512    0.00917     0.5500     33.000  1023.9160  48764.128    30.6356      0.866    6.86245     7.5375     7.5362    23.9121   12.35664 4.9872e+01      0.874 0.0000e+00
        134 340.497514    0.00924     0.5542     33.250  1023.9297  48789.082    30.6530      0.863    6.86165     7.5397     7.5363    23.9257   12.35510 5.0151e+01      0.871 0.0000e+00
        135 340.497517    0.00931     0.5583     33.500  1023.9431  48813.645    30.6703      0.864    6.86067     7.5423     7.5376    23.9391   12.35327 4.9976e+01      0.872 0.0000e+00
        136 340.497520    0.00937     0.5625     33.750  1023.9538  48833.275    30.6843      0.869    6.85969     7.5445     7.5398    23.9498   12.35146 4.9769e+01      0.877 0.0000e+00
        137 340.497523    0.00944     0.5667     34.000  1023.9593  48843.373    30.6917      0.876    6.85894     7.5456     7.5424    23.9553   12.35014 5.0039e+01      0.885 0.0000e+00
        138 340.497526    0.00951     0.5708     34.250  1023.9566  48838.307    30.6886      0.885    6.85874     7.5454     7.5446    23.9525   12.34984 5.0399e+01      0.894 0.0000e+00
        139 340.497529    0.00958     0.5750     34.500  1023.9450  48817.166    30.6740      0.891    6.85923     7.5447     7.5456    23.9409   12.35084 5.0207e+01      0.900 0.0000e+00
        140 340.497532    0.00965     0.5792     34.750  1023.9307  48791.013    30.6558      0.891    6.86008     7.5438     7.5455    23.9266   12.35246 4.9679e+01      0.900 0.0000e+00
        141 340.497535    0.00972     0.5833     35.000  1023.9229  48776.653    30.6457      0.886    6.86064     7.5425     7.5447    23.9188   12.35353 4.9552e+01      0.894 0.0000e+00
        142 340.497538    0.00979     0.5875     35.250  1023.9262  48782.717    30.6498      0.877    6.86060     7.5409     7.5438    23.9221   12.35340 4.9877e+01      0.885 0.0000e+00
        143 340.497541    0.00986     0.5917     35.500  1023.9390  48806.311    30.6660      0.870    6.86008     7.5395     7.5425    23.9350   12.35234 4.9663e+01      0.878 0.0000e+00
        144 340.497543    0.00993     0.5958     35.750  1023.9551  48835.702    30.6862      0.869    6.85943     7.5383     7.5409    23.9511   12.35100 4.8792e+01      0.877 0.0000e+00
        145 340.497546    0.01000     0.6000     36.000  1023.9671  48857.518    30.7011      0.872    6.85898     7.5369     7.5395    23.9630   12.35007 4.8620e+01      0.880 0.0000e+00
        146 340.497549    0.01007     0.6042     36.250  1023.9711  48864.854    30.7060      0.877    6.85894     7.5352     7.5384    23.9670   12.34995 4.9738e+01      0.885 0.0000e+00
        147 340.497552    0.01014     0.6083     36.500  1023.9676  48858.443    30.7014      0.881    6.85936     7.5337     7.5370    23.9635   12.35070 5.0790e+01      0.889 0.0000e+00
        148 340.497555    0.01021     0.6125     36.750  1023.9610  48846.208    30.6926      0.882    6.86002     7.5328     7.5353    23.9569   12.35191 5.0492e+01      0.890 0.0000e+00
        149 340.497558    0.01028     0.6167     37.000  1023.9571  48839.054    30.6873      0.882    6.86050     7.5324     7.5338    23.9530   12.35276 4.9659e+01      0.890 0.0000e+00
        150 340.497561    0.01035     0.6208     37.250  1023.9590  48842.543    30.6896      0.882    6.86054     7.5322     7.5329    23.9549   12.35280 4.9642e+01      0.890 0.0000e+00
        151 340.497564    0.01042     0.6250     37.500  1023.9642  48852.116    30.6962      0.883    6.86030     7.5322     7.5325    23.9601   12.35232 5.0369e+01      0.891 0.0000e+00
        152 340.497567    0.01049     0.6292     37.750  1023.9671  48857.404    30.6999      0.884    6.86017     7.5321     7.5323    23.9630   12.35205 5.1020e+01      0.892 0.0000e+00
        153 340.497569    0.01056     0.6333     38.000  1023.9640  48851.800    30.6960      0.885    6.86035     7.5319     7.5323    23.9599   12.35241 5.1371e+01      0.893 0.0000e+00
        154 340.497572    0.01063     0.6375     38.250  1023.9561  48837.214    30.6858      0.885    6.86082     7.5316     7.5322    23.9520   12.35331 5.1370e+01      0.893 0.0000e+00
        155 340.497575    0.01069     0.6417     38.500  1023.9483  48823.016    30.6759      0.885    6.86129     7.5314     7.5320    23.9442   12.35423 5.1061e+01      0.893 0.0000e+00
        156 340.497578    0.01076     0.6458     38.750  1023.9462  48819.151    30.6731      0.884    6.86147     7.5314     7.5317    23.9421   12.35455 5.1062e+01      0.892 0.0000e+00
        157 340.497581    0.01083     0.6500     39.000  1023.9513  48828.439    30.6796      0.884    6.86121     7.5318     7.5315    23.9472   12.35404 5.1433e+01      0.892 0.0000e+00
        158 340.497584    0.01090     0.6542     39.250  1023.9602  48844.707    30.6909      0.884    6.86070     7.5324     7.5315    23.9561   12.35305 5.1493e+01      0.892 0.0000e+00
        159 340.497587    0.01097     0.6583     39.500  1023.9674  48857.957    30.7002      0.884    6.86023     7.5329     7.5319    23.9633   12.35216 5.1140e+01      0.893 0.0000e+00
        160 340.497590    0.01104     0.6625     39.750  1023.9694  48861.692    30.7028      0.885    6.86001     7.5329     7.5325    23.9653   12.35177 5.0912e+01      0.894 0.0000e+00
        161 340.497593    0.01111     0.6667     40.000  1023.9651  48853.737    30.6974      0.885    6.86018     7.5322     7.5330    23.9610   12.35212 5.0953e+01      0.894 0.0000e+00
        162 340.497595    0.01118     0.6708     40.250  1023.9555  48836.271    30.6852      0.885    6.86073     7.5314     7.5329    23.9514   12.35317 5.0961e+01      0.893 0.0000e+00
        163 340.497598    0.01125     0.6750     40.500  1023.9451  48817.146    30.6719      0.883    6.86143     7.5309     7.5323    23.9410   12.35450 5.0749e+01      0.892 0.0000e+00
        164 340.497601    0.01132     0.6792     40.750  1023.9387  48805.348    30.6635      0.882    6.86193     7.5307     7.5314    23.9346   12.35543 5.0819e+01      0.890 0.0000e+00
        165 340.497604    0.01139     0.6833     41.000  1023.9388  48805.658    30.6636      0.880    6.86201     7.5306     7.5309    23.9348   12.35555 5.1577e+01      0.889 0.0000e+00
        166 340.497607    0.01146     0.6875     41.250  1023.9456  48817.971    30.6722      0.880    6.86166     7.5307     7.5307    23.9415   12.35487 5.1953e+01      0.888 0.0000e+00
        167 340.497610    0.01153     0.6917     41.500  1023.9562  48837.390    30.6857      0.880    6.86106     7.5310     7.5307    23.9521   12.35371 5.1230e+01      0.888 0.0000e+00
        168 340.497613    0.01160     0.6958     41.750  1023.9665  48856.308    30.6989      0.880    6.86045     7.5314     7.5308    23.9624   12.35254 5.0203e+01      0.889 0.0000e+00
        169 340.497616    0.01167     0.7000     42.000  1023.9737  48869.538    30.7081      0.881    6.85999     7.5314     7.5311    23.9696   12.35166 4.9666e+01      0.890 0.0000e+00
        170 340.497619    0.01174     0.7042     42.250  1023.9771  48875.734    30.7125      0.882    6.85974     7.5308     7.5314    23.9730   12.35120 4.9670e+01      0.891 0.0000e+00
