CTD-processing/allCTD/CNV--homogene/2018_04-23_t4_s01_cast060.cnv
* Sea-Bird SBE19plus Data File:
* FileName = C:\Users\Kim.Powell\Desktop\Not Processed\2018\2018_04-23_AlongBay, T4, T9_5028\2018_04-23_TRANSECT_STATION_cast060.hex
* Software Version 1.59
* Temperature SN =  5028
* Conductivity SN =  5028
* System UpLoad Time = Apr 24 2018 09:51:47
** 2018_04-24
** Station: 4-01
** Start Time: 13:19
** Depth (m): 16
** Comment:
** Comment:
# nquan = 17
# nvalues = 413                         
# units = specified
# name 0 = scan: Scan Count
# name 1 = timeJ: Julian Days
# name 2 = timeH: Time, Elapsed [hours]
# name 3 = timeM: Time, Elapsed [minutes]
# name 4 = timeS: Time, Elapsed [seconds]
# name 5 = density00: Density [density, kg/m^3]
# name 6 = specc: Specific Conductance [uS/cm]
# name 7 = sal00: Salinity, Practical [PSU]
# name 8 = depSM: Depth [salt water, m], lat = 59.00
# name 9 = oxsolML/L: Oxygen Saturation, Garcia & Gordon [ml/l]
# name 10 = potemp090C: Potential Temperature [ITS-90, deg C]
# name 11 = tv290C: Temperature [ITS-90, deg C]
# name 12 = sigma-é00: Density [sigma-theta, kg/m^3]
# name 13 = n2satML/L: Nitrogen Saturation [ml/l]
# name 14 = par: PAR/Irradiance, Biospherical/Licor
# name 15 = prdM: Pressure, Strain Gauge [db]
# name 16 = flag:  0.000e+00
# span 0 =          1,        413       
# span 1 = 113.554792, 113.555984       
# span 2 =    0.00000,    0.02861       
# span 3 =     0.0000,     1.7167       
# span 4 =      0.000,    103.000       
# span 5 =  1005.8873,  1025.2210       
# span 6 =  12310.528,  51237.925       
# span 7 =     7.5698,    31.9519       
# span 8 =     -0.105,     12.081       
# span 9 =    7.11883,    8.17575       
# span 10 =     4.9961,     6.4169      
# span 11 =     4.9970,     6.6465      
# span 12 =     5.8878,    25.2174      
# span 13 =   12.76660,   14.87256      
# span 14 = 3.2905e+01, 4.7965e+02      
# span 15 =     -0.105,     12.195      
# span 16 = 0.0000e+00, 0.0000e+00      
# interval = seconds: 0.25
# start_time = Apr 23 2018 13:18:54 [Instrument's time stamp, header]
# bad_flag = -9.990e-29
*END*
          1 113.554792    0.00000     0.0000      0.000  1005.8873  12310.528     7.5698     -0.105    8.17575     6.4169     6.6465     5.8878   14.87256 4.7965e+02     -0.105 0.0000e+00
          2 113.554795    0.00007     0.0042      0.250  1009.6264  19881.285    12.3104     -0.051    7.94935     6.2263     6.5579     9.6266   14.42725 4.5693e+02     -0.051 0.0000e+00
          3 113.554797    0.00014     0.0083      0.500  1014.4047  29544.399    18.3640      0.031    7.66530     6.0200     6.4170    14.4046   13.86718 4.2248e+02      0.031 0.0000e+00
          4 113.554800    0.00021     0.0125      0.750  1018.4203  37636.065    23.4397      0.138    7.44008     5.8338     6.2264    18.4196   13.41948 3.7183e+02      0.140 0.0000e+00
          5 113.554803    0.00028     0.0167      1.000  1020.9728  42759.621    26.6526      0.258    7.31246     5.6852     6.0200    20.9716   13.16111 3.1457e+02      0.261 0.0000e+00
          6 113.554806    0.00035     0.0208      1.250  1022.5567  45933.951    28.6371      0.375    7.24366     5.5774     5.8339    22.5549   13.01822 2.7407e+02      0.379 0.0000e+00
          7 113.554809    0.00042     0.0250      1.500  1023.5444  47909.982    29.8696      0.475    7.20664     5.5049     5.6853    23.5422   12.93897 2.5599e+02      0.480 0.0000e+00
          8 113.554812    0.00049     0.0292      1.750  1024.1582  49135.898    30.6330      0.548    7.18644     5.4570     5.5775    24.1556   12.89445 2.5103e+02      0.553 0.0000e+00
          9 113.554815    0.00056     0.0333      2.000  1024.5317  49881.734    31.0966      0.596    7.17539     5.4234     5.5050    24.5289   12.86943 2.5138e+02      0.601 0.0000e+00
         10 113.554818    0.00063     0.0375      2.250  1024.7549  50328.063    31.3730      0.628    7.16959     5.3984     5.4571    24.7520   12.85582 2.5259e+02      0.634 0.0000e+00
         11 113.554821    0.00069     0.0417      2.500  1024.8924  50602.790    31.5425      0.655    7.16677     5.3806     5.4234    24.8893   12.84870 2.5399e+02      0.661 0.0000e+00
         12 113.554823    0.00076     0.0458      2.750  1024.9842  50785.055    31.6553      0.681    7.16536     5.3696     5.3985    24.9810   12.84474 2.5561e+02      0.688 0.0000e+00
         13 113.554826    0.00083     0.0500      3.000  1025.0511  50916.213    31.7374      0.707    7.16430     5.3650     5.3807    25.0478   12.84184 2.5731e+02      0.714 0.0000e+00
         14 113.554829    0.00090     0.0542      3.250  1025.1009  51012.765    31.7989      0.727    7.16314     5.3665     5.3697    25.0975   12.83907 2.5851e+02      0.734 0.0000e+00
         15 113.554832    0.00097     0.0583      3.500  1025.1331  51074.735    31.8390      0.737    7.16194     5.3722     5.3651    25.1297   12.83654 2.5819e+02      0.744 0.0000e+00
         16 113.554835    0.00104     0.0625      3.750  1025.1450  51097.870    31.8543      0.735    7.16093     5.3776     5.3666    25.1416   12.83464 2.5599e+02      0.742 0.0000e+00
         17 113.554838    0.00111     0.0667      4.000  1025.1378  51085.112    31.8461      0.723    7.16032     5.3781     5.3723    25.1344   12.83373 2.5334e+02      0.730 0.0000e+00
         18 113.554841    0.00118     0.0708      4.250  1025.1206  51053.649    31.8251      0.707    7.16041     5.3739     5.3776    25.1173   12.83413 2.5138e+02      0.713 0.0000e+00
         19 113.554844    0.00125     0.0750      4.500  1025.1075  51030.155    31.8088      0.694    7.16108     5.3679     5.3782    25.1043   12.83545 2.4997e+02      0.701 0.0000e+00
         20 113.554847    0.00132     0.0792      4.750  1025.1082  51032.064    31.8091      0.689    7.16178     5.3629     5.3740    25.1050   12.83660 2.4932e+02      0.696 0.0000e+00
         21 113.554850    0.00139     0.0833      5.000  1025.1228  51059.575    31.8268      0.692    7.16195     5.3602     5.3680    25.1197   12.83666 2.4982e+02      0.699 0.0000e+00
         22 113.554852    0.00146     0.0875      5.250  1025.1436  51098.115    31.8523      0.699    7.16159     5.3596     5.3630    25.1404   12.83573 2.5148e+02      0.705 0.0000e+00
         23 113.554855    0.00153     0.0917      5.500  1025.1584  51125.472    31.8705      0.704    7.16118     5.3598     5.3602    25.1551   12.83482 2.5330e+02      0.711 0.0000e+00
         24 113.554858    0.00160     0.0958      5.750  1025.1601  51128.700    31.8726      0.707    7.16118     5.3590     5.3596    25.1568   12.83480 2.5399e+02      0.714 0.0000e+00
         25 113.554861    0.00167     0.1000      6.000  1025.1509  51111.779    31.8610      0.708    7.16170     5.3563     5.3598    25.1476   12.83581 2.5377e+02      0.715 0.0000e+00
         26 113.554864    0.00174     0.1042      6.250  1025.1385  51089.186    31.8453      0.710    7.16259     5.3522     5.3590    25.1352   12.83748 2.5407e+02      0.717 0.0000e+00
         27 113.554867    0.00181     0.1083      6.500  1025.1300  51073.821    31.8341      0.716    7.16359     5.3476     5.3564    25.1267   12.83926 2.5567e+02      0.722 0.0000e+00
         28 113.554870    0.00187     0.1125      6.750  1025.1280  51070.526    31.8310      0.724    7.16443     5.3432     5.3523    25.1246   12.84070 2.5745e+02      0.730 0.0000e+00
         29 113.554873    0.00194     0.1167      7.000  1025.1318  51077.746    31.8350      0.732    7.16502     5.3394     5.3477    25.1283   12.84162 2.5873e+02      0.738 0.0000e+00
         30 113.554876    0.00201     0.1208      7.250  1025.1371  51087.849    31.8410      0.735    7.16547     5.3356     5.3433    25.1336   12.84228 2.5961e+02      0.742 0.0000e+00
         31 113.554878    0.00208     0.1250      7.500  1025.1384  51090.637    31.8421      0.731    7.16607     5.3312     5.3395    25.1349   12.84325 2.6000e+02      0.738 0.0000e+00
         32 113.554881    0.00215     0.1292      7.750  1025.1335  51082.141    31.8355      0.722    7.16703     5.3263     5.3357    25.1301   12.84493 2.6027e+02      0.729 0.0000e+00
         33 113.554884    0.00222     0.1333      8.000  1025.1255  51067.977    31.8248      0.713    7.16829     5.3217     5.3313    25.1221   12.84715 2.6052e+02      0.719 0.0000e+00
         34 113.554887    0.00229     0.1375      8.250  1025.1195  51057.570    31.8166      0.707    7.16952     5.3178     5.3264    25.1162   12.84929 2.6068e+02      0.713 0.0000e+00
         35 113.554890    0.00236     0.1417      8.500  1025.1188  51056.794    31.8151      0.707    7.17039     5.3148     5.3217    25.1155   12.85073 2.6082e+02      0.713 0.0000e+00
         36 113.554893    0.00243     0.1458      8.750  1025.1239  51066.502    31.8209      0.714    7.17077     5.3127     5.3179    25.1206   12.85129 2.6041e+02      0.721 0.0000e+00
         37 113.554896    0.00250     0.1500      9.000  1025.1340  51085.161    31.8332      0.725    7.17070     5.3117     5.3148    25.1306   12.85102 2.5960e+02      0.732 0.0000e+00
         38 113.554899    0.00257     0.1542      9.250  1025.1474  51109.854    31.8497      0.736    7.17026     5.3114     5.3127    25.1440   12.85009 2.5963e+02      0.743 0.0000e+00
         39 113.554902    0.00264     0.1583      9.500  1025.1598  51132.618    31.8652      0.743    7.16970     5.3109     5.3117    25.1563   12.84895 2.6047e+02      0.750 0.0000e+00
         40 113.554905    0.00271     0.1625      9.750  1025.1647  51141.607    31.8713      0.742    7.16946     5.3094     5.3114    25.1612   12.84848 2.6112e+02      0.750 0.0000e+00
         41 113.554907    0.00278     0.1667     10.000  1025.1604  51133.937    31.8659      0.736    7.16980     5.3071     5.3109    25.1570   12.84911 2.6149e+02      0.743 0.0000e+00
         42 113.554910    0.00285     0.1708     10.250  1025.1516  51117.991    31.8547      0.726    7.17058     5.3045     5.3095    25.1482   12.85055 2.6162e+02      0.734 0.0000e+00
         43 113.554913    0.00292     0.1750     10.500  1025.1433  51103.065    31.8439      0.719    7.17149     5.3023     5.3072    25.1400   12.85219 2.6108e+02      0.726 0.0000e+00
         44 113.554916    0.00299     0.1792     10.750  1025.1391  51095.711    31.8383      0.717    7.17221     5.3013     5.3046    25.1358   12.85345 2.5994e+02      0.724 0.0000e+00
         45 113.554919    0.00306     0.1833     11.000  1025.1416  51100.378    31.8410      0.723    7.17245     5.3023     5.3024    25.1382   12.85382 2.5890e+02      0.730 0.0000e+00
         46 113.554922    0.00313     0.1875     11.250  1025.1526  51120.622    31.8547      0.735    7.17198     5.3069     5.3013    25.1492   12.85285 2.5839e+02      0.742 0.0000e+00
         47 113.554925    0.00319     0.1917     11.500  1025.1724  51156.611    31.8798      0.750    7.17060     5.3163     5.3024    25.1689   12.85025 2.5841e+02      0.756 0.0000e+00
         48 113.554928    0.00326     0.1958     11.750  1025.1934  51194.581    31.9069      0.759    7.16853     5.3312     5.3069    25.1898   12.84648 2.5906e+02      0.765 0.0000e+00
         49 113.554931    0.00333     0.2000     12.000  1025.2020  51209.383    31.9191      0.758    7.16633     5.3480     5.3164    25.1984   12.84270 2.6038e+02      0.764 0.0000e+00
         50 113.554933    0.00340     0.2042     12.250  1025.1897  51185.556    31.9058      0.746    7.16443     5.3600     5.3312    25.1862   12.83974 2.6194e+02      0.753 0.0000e+00
         51 113.554936    0.00347     0.2083     12.500  1025.1611  51131.495    31.8721      0.729    7.16318     5.3628     5.3481    25.1577   12.83810 2.6309e+02      0.735 0.0000e+00
         52 113.554939    0.00354     0.2125     12.750  1025.1302  51073.949    31.8349      0.712    7.16292     5.3577     5.3600    25.1269   12.83814 2.6343e+02      0.718 0.0000e+00
         53 113.554942    0.00361     0.2167     13.000  1025.1105  51037.563    31.8104      0.702    7.16362     5.3494     5.3628    25.1073   12.83960 2.6252e+02      0.708 0.0000e+00
         54 113.554945    0.00368     0.2208     13.250  1025.1075  51032.498    31.8058      0.703    7.16470     5.3428     5.3577    25.1042   12.84146 2.6133e+02      0.709 0.0000e+00
         55 113.554948    0.00375     0.2250     13.500  1025.1214  51058.707    31.8222      0.714    7.16533     5.3415     5.3495    25.1181   12.84229 2.6112e+02      0.721 0.0000e+00
         56 113.554951    0.00382     0.2292     13.750  1025.1473  51106.709    31.8539      0.732    7.16494     5.3479     5.3429    25.1439   12.84123 2.6130e+02      0.739 0.0000e+00
         57 113.554954    0.00389     0.2333     14.000  1025.1736  51154.841    31.8868      0.748    7.16359     5.3624     5.3415    25.1701   12.83859 2.6140e+02      0.755 0.0000e+00
         58 113.554957    0.00396     0.2375     14.250  1025.1872  51179.125    31.9049      0.757    7.16163     5.3806     5.3480    25.1836   12.83512 2.6181e+02      0.765 0.0000e+00
         59 113.554959    0.00403     0.2417     14.500  1025.1820  51168.290    31.9004      0.757    7.15937     5.3958     5.3625    25.1785   12.83145 2.6238e+02      0.764 0.0000e+00
         60 113.554962    0.00410     0.2458     14.750  1025.1622  51130.218    31.8780      0.749    7.15735     5.4037     5.3806    25.1587   12.82840 2.6202e+02      0.756 0.0000e+00
         61 113.554965    0.00417     0.2500     15.000  1025.1393  51086.916    31.8513      0.738    7.15603     5.4034     5.3959    25.1359   12.82655 2.6077e+02      0.745 0.0000e+00
         62 113.554968    0.00424     0.2542     15.250  1025.1248  51059.637    31.8342      0.728    7.15551     5.3980     5.4038    25.1214   12.82592 2.5997e+02      0.735 0.0000e+00
         63 113.554971    0.00431     0.2583     15.500  1025.1234  51057.102    31.8324      0.723    7.15564     5.3918     5.4035    25.1200   12.82616 2.5950e+02      0.730 0.0000e+00
         64 113.554974    0.00438     0.2625     15.750  1025.1339  51076.823    31.8448      0.723    7.15597     5.3877     5.3981    25.1305   12.82654 2.5913e+02      0.730 0.0000e+00
         65 113.554977    0.00444     0.2667     16.000  1025.1519  51110.429    31.8667      0.725    7.15598     5.3870     5.3919    25.1485   12.82627 2.5980e+02      0.732 0.0000e+00
         66 113.554980    0.00451     0.2708     16.250  1025.1706  51145.014    31.8897      0.726    7.15558     5.3909     5.3878    25.1672   12.82532 2.6121e+02      0.733 0.0000e+00
         67 113.554983    0.00458     0.2750     16.500  1025.1836  51169.001    31.9061      0.725    7.15491     5.3995     5.3871    25.1802   12.82400 2.6230e+02      0.732 0.0000e+00
         68 113.554986    0.00465     0.2792     16.750  1025.1880  51176.700    31.9123      0.722    7.15396     5.4107     5.3910    25.1846   12.82236 2.6251e+02      0.729 0.0000e+00
         69 113.554988    0.00472     0.2833     17.000  1025.1825  51165.895    31.9066      0.719    7.15275     5.4201     5.3996    25.1792   12.82044 2.6210e+02      0.726 0.0000e+00
         70 113.554991    0.00479     0.2875     17.250  1025.1687  51139.557    31.8908      0.719    7.15162     5.4247     5.4108    25.1654   12.81877 2.6188e+02      0.726 0.0000e+00
         71 113.554994    0.00486     0.2917     17.500  1025.1518  51107.668    31.8707      0.723    7.15098     5.4237     5.4202    25.1485   12.81797 2.6167e+02      0.730 0.0000e+00
         72 113.554997    0.00493     0.2958     17.750  1025.1389  51083.510    31.8550      0.732    7.15095     5.4186     5.4248    25.1355   12.81812 2.6128e+02      0.739 0.0000e+00
         73 113.555000    0.00500     0.3000     18.000  1025.1356  51077.453    31.8506      0.743    7.15132     5.4123     5.4238    25.1322   12.81879 2.6151e+02      0.750 0.0000e+00
         74 113.555003    0.00507     0.3042     18.250  1025.1433  51091.949    31.8596      0.755    7.15176     5.4075     5.4187    25.1398   12.81940 2.6213e+02      0.762 0.0000e+00
         75 113.555006    0.00514     0.3083     18.500  1025.1586  51120.385    31.8779      0.763    7.15195     5.4047     5.4124    25.1550   12.81948 2.6248e+02      0.770 0.0000e+00
         76 113.555009    0.00521     0.3125     18.750  1025.1750  51150.827    31.8979      0.767    7.15183     5.4043     5.4076    25.1714   12.81902 2.6276e+02      0.775 0.0000e+00
         77 113.555012    0.00528     0.3167     19.000  1025.1878  51174.553    31.9137      0.767    7.15154     5.4072     5.4048    25.1842   12.81835 2.6328e+02      0.775 0.0000e+00
         78 113.555014    0.00535     0.3208     19.250  1025.1957  51189.196    31.9237      0.764    7.15113     5.4134     5.4044    25.1921   12.81754 2.6415e+02      0.772 0.0000e+00
         79 113.555017    0.00542     0.3250     19.500  1025.1985  51194.018    31.9276      0.759    7.15045     5.4209     5.4073    25.1949   12.81637 2.6486e+02      0.766 0.0000e+00
         80 113.555020    0.00549     0.3292     19.750  1025.1959  51188.860    31.9254      0.753    7.14951     5.4265     5.4135    25.1924   12.81484 2.6500e+02      0.760 0.0000e+00
         81 113.555023    0.00556     0.3333     20.000  1025.1892  51175.785    31.9179      0.746    7.14861     5.4280     5.4209    25.1857   12.81344 2.6468e+02      0.753 0.0000e+00
         82 113.555026    0.00562     0.3375     20.250  1025.1796  51157.831    31.9067      0.741    7.14818     5.4247     5.4266    25.1762   12.81289 2.6405e+02      0.748 0.0000e+00
         83 113.555029    0.00569     0.3417     20.500  1025.1694  51138.932    31.8940      0.740    7.14853     5.4180     5.4281    25.1660   12.81363 2.6405e+02      0.747 0.0000e+00
         84 113.555032    0.00576     0.3458     20.750  1025.1622  51126.034    31.8844      0.744    7.14956     5.4109     5.4248    25.1587   12.81544 2.6507e+02      0.751 0.0000e+00
         85 113.555035    0.00583     0.3500     21.000  1025.1627  51127.535    31.8840      0.752    7.15071     5.4066     5.4181    25.1592   12.81735 2.6603e+02      0.759 0.0000e+00
