CTD-processing/allCTD/CNV--homogene/2018_12-06_alongbay_skb03_cast024.cnv
* Sea-Bird SBE19plus Data File:
* FileName = C:\Users\Kim.Powell\Desktop\Not Processed\2018\2018_12-06_AlongBay, T9_4141\2018_12-06_TRANSECT_STATION_cast024.hex
* Software Version 1.59
* Temperature SN =  4141
* Conductivity SN =  4141
* System UpLoad Time = Jan 10 2019 09:44:02
** 2018_12-06
** Station: KB03
** Start Time: 11:26
** Depth (m): 111
** Comment: 2 flow meters - one on each side for different mesh sizes
** Comment: Salp in sample?
# nquan = 17
# nvalues = 838                         
# units = specified
# name 0 = scan: Scan Count
# name 1 = timeJ: Julian Days
# name 2 = timeH: Time, Elapsed [hours]
# name 3 = timeM: Time, Elapsed [minutes]
# name 4 = timeS: Time, Elapsed [seconds]
# name 5 = density00: Density [density, kg/m^3]
# name 6 = specc: Specific Conductance [uS/cm]
# name 7 = sal00: Salinity, Practical [PSU]
# name 8 = depSM: Depth [salt water, m], lat = 59.00
# name 9 = oxsolML/L: Oxygen Saturation, Garcia & Gordon [ml/l]
# name 10 = potemp090C: Potential Temperature [ITS-90, deg C]
# name 11 = tv290C: Temperature [ITS-90, deg C]
# name 12 = sigma-é00: Density [sigma-theta, kg/m^3]
# name 13 = n2satML/L: Nitrogen Saturation [ml/l]
# name 14 = par: PAR/Irradiance, Biospherical/Licor
# name 15 = prdM: Pressure, Strain Gauge [db]
# name 16 = flag:  0.000e+00
# span 0 =          1,        838       
# span 1 = 340.476262, 340.478683       
# span 2 =    0.00000,    0.05813       
# span 3 =     0.0000,     3.4875       
# span 4 =      0.000,    209.250       
# span 5 =  1022.5079,  1024.7526       
# span 6 =  46174.431,  49531.905       
# span 7 =    28.6585,    31.1905       
# span 8 =      0.057,     99.426       
# span 9 =    6.77519,    7.15376       
# span 10 =     6.6656,     7.9294      
# span 11 =     6.3175,     7.9386      
# span 12 =    22.5076,    24.2960      
# span 13 =   12.20537,   12.86413      
# span 14 = 3.6274e-02, 7.4613e+01      
# span 15 =      0.057,    100.389      
# span 16 = 0.0000e+00, 0.0000e+00      
# interval = seconds: 0.25
# start_time = Dec 06 2018 11:25:49 [Instrument's time stamp, header]
# bad_flag = -9.990e-29
*END*
[from data line 86]
         87 340.476510    0.00597     0.3583     21.500  1023.8791  48697.798    30.5863      0.646    6.86793     7.5141     7.5154    23.8761   12.36633 3.6951e+01      0.652 0.0000e+00
         88 340.476513    0.00604     0.3625     21.750  1023.8850  48708.766    30.5938      0.639    6.86771     7.5136     7.5147    23.8821   12.36587 3.6895e+01      0.645 0.0000e+00
         89 340.476516    0.00611     0.3667     22.000  1023.8918  48721.167    30.6023      0.637    6.86740     7.5128     7.5142    23.8889   12.36525 3.6923e+01      0.643 0.0000e+00
         90 340.476519    0.00618     0.3708     22.250  1023.8951  48727.176    30.6064      0.642    6.86730     7.5115     7.5137    23.8922   12.36502 3.6971e+01      0.648 0.0000e+00
         91 340.476522    0.00625     0.3750     22.500  1023.8932  48723.680    30.6039      0.655    6.86754     7.5095     7.5129    23.8903   12.36546 3.7131e+01      0.661 0.0000e+00
         92 340.476525    0.00632     0.3792     22.750  1023.8855  48709.340    30.5937      0.669    6.86821     7.5069     7.5115    23.8825   12.36669 3.7490e+01      0.675 0.0000e+00
         93 340.476528    0.00639     0.3833     23.000  1023.8729  48686.157    30.5772      0.681    6.86926     7.5036     7.5095    23.8698   12.36864 3.7839e+01      0.687 0.0000e+00
         94 340.476531    0.00646     0.3875     23.250  1023.8609  48664.107    30.5615      0.685    6.87037     7.4995     7.5070    23.8578   12.37068 3.7998e+01      0.692 0.0000e+00
         95 340.476534    0.00653     0.3917     23.500  1023.8567  48656.301    30.5555      0.681    6.87115     7.4949     7.5037    23.8536   12.37204 3.7911e+01      0.688 0.0000e+00
         96 340.476536    0.00660     0.3958     23.750  1023.8635  48668.711    30.5635      0.671    6.87145     7.4914     7.4995    23.8604   12.37244 3.7655e+01      0.678 0.0000e+00
         97 340.476539    0.00667     0.4000     24.000  1023.8785  48696.158    30.5819      0.663    6.87134     7.4897     7.4950    23.8754   12.37202 3.7421e+01      0.669 0.0000e+00
         98 340.476542    0.00674     0.4042     24.250  1023.8938  48724.261    30.6008      0.660    6.87104     7.4894     7.4915    23.8908   12.37128 3.7430e+01      0.667 0.0000e+00
         99 340.476545    0.00681     0.4083     24.500  1023.9028  48740.588    30.6119      0.666    6.87081     7.4897     7.4898    23.8997   12.37077 3.7901e+01      0.672 0.0000e+00
        100 340.476548    0.00688     0.4125     24.750  1023.9035  48741.780    30.6127      0.675    6.87083     7.4903     7.4895    23.9003   12.37079 3.8667e+01      0.682 0.0000e+00
        101 340.476551    0.00694     0.4167     25.000  1023.8972  48730.237    30.6047      0.685    6.87113     7.4910     7.4898    23.8940   12.37139 3.9191e+01      0.691 0.0000e+00
        102 340.476554    0.00701     0.4208     25.250  1023.8883  48713.819    30.5934      0.690    6.87155     7.4918     7.4904    23.8850   12.37222 3.9257e+01      0.697 0.0000e+00
        103 340.476557    0.00708     0.4250     25.500  1023.8833  48704.805    30.5872      0.692    6.87171     7.4927     7.4911    23.8801   12.37257 3.9210e+01      0.699 0.0000e+00
        104 340.476560    0.00715     0.4292     25.750  1023.8855  48708.768    30.5901      0.694    6.87145     7.4933     7.4919    23.8822   12.37210 3.9416e+01      0.700 0.0000e+00
        105 340.476563    0.00722     0.4333     26.000  1023.8910  48718.902    30.5973      0.697    6.87100     7.4936     7.4928    23.8877   12.37126 3.9747e+01      0.703 0.0000e+00
        106 340.476565    0.00729     0.4375     26.250  1023.8952  48726.466    30.6027      0.701    6.87065     7.4933     7.4934    23.8919   12.37062 3.9760e+01      0.707 0.0000e+00
        107 340.476568    0.00736     0.4417     26.500  1023.8964  48728.753    30.6043      0.704    6.87054     7.4925     7.4937    23.8931   12.37042 3.9326e+01      0.711 0.0000e+00
        108 340.476571    0.00743     0.4458     26.750  1023.8955  48727.132    30.6031      0.705    6.87064     7.4915     7.4934    23.8922   12.37060 3.8755e+01      0.712 0.0000e+00
        109 340.476574    0.00750     0.4500     27.000  1023.8935  48723.497    30.6005      0.706    6.87089     7.4906     7.4926    23.8903   12.37104 3.8500e+01      0.713 0.0000e+00
        110 340.476577    0.00757     0.4542     27.250  1023.8910  48718.741    30.5970      0.707    6.87120     7.4899     7.4916    23.8877   12.37159 3.8710e+01      0.714 0.0000e+00
        111 340.476580    0.00764     0.4583     27.500  1023.8879  48713.098    30.5929      0.710    6.87152     7.4894     7.4907    23.8846   12.37218 3.8960e+01      0.717 0.0000e+00
        112 340.476583    0.00771     0.4625     27.750  1023.8845  48706.763    30.5884      0.714    6.87183     7.4888     7.4900    23.8811   12.37276 3.8861e+01      0.721 0.0000e+00
        113 340.476586    0.00778     0.4667     28.000  1023.8808  48699.870    30.5835      0.718    6.87214     7.4881     7.4894    23.8774   12.37333 3.8700e+01      0.725 0.0000e+00
        114 340.476589    0.00785     0.4708     28.250  1023.8766  48692.190    30.5781      0.721    6.87248     7.4872     7.4888    23.8732   12.37395 3.8863e+01      0.728 0.0000e+00
        115 340.476591    0.00792     0.4750     28.500  1023.8717  48683.256    30.5718      0.721    6.87287     7.4861     7.4881    23.8683   12.37469 3.9201e+01      0.728 0.0000e+00
        116 340.476594    0.00799     0.4792     28.750  1023.8663  48673.261    30.5647      0.719    6.87333     7.4847     7.4872    23.8629   12.37554 3.9403e+01      0.726 0.0000e+00
        117 340.476597    0.00806     0.4833     29.000  1023.8612  48663.945    30.5580      0.718    6.87381     7.4832     7.4861    23.8578   12.37641 3.9405e+01      0.725 0.0000e+00
        118 340.476600    0.00813     0.4875     29.250  1023.8577  48657.692    30.5535      0.718    6.87423     7.4819     7.4848    23.8544   12.37716 3.9451e+01      0.725 0.0000e+00
        119 340.476603    0.00819     0.4917     29.500  1023.8567  48655.815    30.5519      0.719    6.87453     7.4809     7.4833    23.8534   12.37768 3.9754e+01      0.726 0.0000e+00
        120 340.476606    0.00826     0.4958     29.750  1023.8580  48658.020    30.5533      0.721    6.87468     7.4803     7.4820    23.8546   12.37791 4.0164e+01      0.728 0.0000e+00
        121 340.476609    0.00833     0.5000     30.000  1023.8606  48662.714    30.5564      0.725    6.87470     7.4803     7.4809    23.8572   12.37790 4.0376e+01      0.731 0.0000e+00
        122 340.476612    0.00840     0.5042     30.250  1023.8634  48667.951    30.5599      0.728    6.87463     7.4806     7.4804    23.8600   12.37774 4.0226e+01      0.735 0.0000e+00
        123 340.476615    0.00847     0.5083     30.500  1023.8657  48672.079    30.5627      0.732    6.87451     7.4810     7.4803    23.8623   12.37751 3.9899e+01      0.739 0.0000e+00
        124 340.476617    0.00854     0.5125     30.750  1023.8664  48673.401    30.5637      0.736    6.87442     7.4814     7.4806    23.8630   12.37734 3.9653e+01      0.743 0.0000e+00
        125 340.476620    0.00861     0.5167     31.000  1023.8645  48669.928    30.5614      0.741    6.87446     7.4814     7.4811    23.8611   12.37743 3.9454e+01      0.748 0.0000e+00
        126 340.476623    0.00868     0.5208     31.250  1023.8591  48659.874    30.5545      0.745    6.87471     7.4812     7.4815    23.8557   12.37793 3.9234e+01      0.752 0.0000e+00
        127 340.476626    0.00875     0.5250     31.500  1023.8505  48644.124    30.5435      0.746    6.87519     7.4807     7.4815    23.8471   12.37887 3.9224e+01      0.753 0.0000e+00
        128 340.476629    0.00882     0.5292     31.750  1023.8416  48627.963    30.5323      0.744    6.87574     7.4803     7.4813    23.8382   12.37992 3.9491e+01      0.751 0.0000e+00
        129 340.476632    0.00889     0.5333     32.000  1023.8357  48617.133    30.5247      0.740    6.87615     7.4800     7.4808    23.8323   12.38070 3.9602e+01      0.747 0.0000e+00
        130 340.476635    0.00896     0.5375     32.250  1023.8340  48613.992    30.5224      0.737    6.87631     7.4795     7.4804    23.8306   12.38099 3.9335e+01      0.743 0.0000e+00
        131 340.476638    0.00903     0.5417     32.500  1023.8365  48618.635    30.5256      0.736    6.87623     7.4790     7.4801    23.8332   12.38082 3.8977e+01      0.742 0.0000e+00
        132 340.476641    0.00910     0.5458     32.750  1023.8417  48628.164    30.5321      0.738    6.87601     7.4786     7.4796    23.8384   12.38037 3.8825e+01      0.744 0.0000e+00
        133 340.476644    0.00917     0.5500     33.000  1023.8461  48636.033    30.5375      0.741    6.87584     7.4778     7.4791    23.8426   12.38002 3.8840e+01      0.748 0.0000e+00
        134 340.476646    0.00924     0.5542     33.250  1023.8468  48637.326    30.5383      0.743    6.87588     7.4767     7.4786    23.8433   12.38008 3.8843e+01      0.750 0.0000e+00
        135 340.476649    0.00931     0.5583     33.500  1023.8440  48632.289    30.5347      0.742    6.87616     7.4752     7.4779    23.8406   12.38059 3.8884e+01      0.749 0.0000e+00
        136 340.476652    0.00937     0.5625     33.750  1023.8398  48624.601    30.5291      0.739    6.87660     7.4739     7.4767    23.8364   12.38137 3.8988e+01      0.746 0.0000e+00
        137 340.476655    0.00944     0.5667     34.000  1023.8365  48618.446    30.5246      0.734    6.87703     7.4731     7.4753    23.8331   12.38215 3.9080e+01      0.741 0.0000e+00
        138 340.476658    0.00951     0.5708     34.250  1023.8357  48617.001    30.5234      0.729    6.87729     7.4729     7.4739    23.8323   12.38259 3.9223e+01      0.735 0.0000e+00
        139 340.476661    0.00958     0.5750     34.500  1023.8389  48622.868    30.5274      0.725    6.87724     7.4734     7.4731    23.8355   12.38246 3.9265e+01      0.731 0.0000e+00
        140 340.476664    0.00965     0.5792     34.750  1023.8461  48636.175    30.5366      0.724    6.87685     7.4748     7.4730    23.8428   12.38171 3.9190e+01      0.731 0.0000e+00
        141 340.476667    0.00972     0.5833     35.000  1023.8551  48652.509    30.5480      0.728    6.87625     7.4770     7.4735    23.8517   12.38056 3.9387e+01      0.735 0.0000e+00
        142 340.476670    0.00979     0.5875     35.250  1023.8621  48665.370    30.5572      0.736    6.87561     7.4794     7.4749    23.8587   12.37939 3.9905e+01      0.743 0.0000e+00
        143 340.476672    0.00986     0.5917     35.500  1023.8643  48669.334    30.5603      0.746    6.87513     7.4813     7.4771    23.8608   12.37856 4.0529e+01      0.753 0.0000e+00
        144 340.476675    0.00993     0.5958     35.750  1023.8605  48662.466    30.5559      0.753    6.87496     7.4829     7.4795    23.8571   12.37833 4.0949e+01      0.760 0.0000e+00
        145 340.476678    0.01000     0.6000     36.000  1023.8534  48649.453    30.5472      0.753    6.87504     7.4845     7.4814    23.8499   12.37858 4.0864e+01      0.760 0.0000e+00
        146 340.476681    0.01007     0.6042     36.250  1023.8483  48640.172    30.5410      0.749    6.87508     7.4866     7.4829    23.8448   12.37872 4.0468e+01      0.756 0.0000e+00
        147 340.476684    0.01014     0.6083     36.500  1023.8496  48642.492    30.5429      0.742    6.87474     7.4891     7.4846    23.8461   12.37813 4.0115e+01      0.749 0.0000e+00
        148 340.476687    0.01021     0.6125     36.750  1023.8572  48656.624    30.5531      0.738    6.87395     7.4919     7.4867    23.8538   12.37670 3.9749e+01      0.745 0.0000e+00
        149 340.476690    0.01028     0.6167     37.000  1023.8671  48674.766    30.5661      0.739    6.87297     7.4948     7.4892    23.8637   12.37492 3.9279e+01      0.746 0.0000e+00
        150 340.476693    0.01035     0.6208     37.250  1023.8737  48686.861    30.5749      0.744    6.87213     7.4970     7.4920    23.8703   12.37342 3.8836e+01      0.751 0.0000e+00
        151 340.476696    0.01042     0.6250     37.500  1023.8738  48686.976    30.5754      0.750    6.87166     7.4983     7.4948    23.8703   12.37264 3.8386e+01      0.757 0.0000e+00
        152 340.476698    0.01049     0.6292     37.750  1023.8671  48674.744    30.5673      0.753    6.87168     7.4992     7.4970    23.8636   12.37277 3.8010e+01      0.760 0.0000e+00
        153 340.476701    0.01056     0.6333     38.000  1023.8565  48655.453    30.5541      0.752    6.87206     7.5002     7.4983    23.8531   12.37357 3.8046e+01      0.759 0.0000e+00
        154 340.476704    0.01063     0.6375     38.250  1023.8467  48637.518    30.5418      0.746    6.87248     7.5012     7.4992    23.8433   12.37442 3.8394e+01      0.753 0.0000e+00
        155 340.476707    0.01069     0.6417     38.500  1023.8408  48626.742    30.5344      0.738    6.87266     7.5019     7.5002    23.8374   12.37479 3.8555e+01      0.745 0.0000e+00
        156 340.476710    0.01076     0.6458     38.750  1023.8402  48625.700    30.5339      0.730    6.87251     7.5021     7.5012    23.8368   12.37455 3.8463e+01      0.737 0.0000e+00
        157 340.476713    0.01083     0.6500     39.000  1023.8457  48635.913    30.5411      0.725    6.87208     7.5021     7.5019    23.8424   12.37375 3.8506e+01      0.732 0.0000e+00
        158 340.476716    0.01090     0.6542     39.250  1023.8565  48655.620    30.5548      0.726    6.87143     7.5020     7.5021    23.8531   12.37250 3.8674e+01      0.733 0.0000e+00
        159 340.476719    0.01097     0.6583     39.500  1023.8691  48678.564    30.5708      0.733    6.87072     7.5018     7.5021    23.8657   12.37113 3.8631e+01      0.740 0.0000e+00
        160 340.476722    0.01104     0.6625     39.750  1023.8798  48698.169    30.5844      0.745    6.87012     7.5013     7.5020    23.8764   12.36997 3.8252e+01      0.752 0.0000e+00
        161 340.476725    0.01111     0.6667     40.000  1023.8864  48710.092    30.5926      0.758    6.86978     7.5001     7.5019    23.8829   12.36930 3.7643e+01      0.765 0.0000e+00
        162 340.476727    0.01118     0.6708     40.250  1023.8870  48711.162    30.5933      0.768    6.86983     7.4981     7.5014    23.8835   12.36938 3.7163e+01      0.775 0.0000e+00
        163 340.476730    0.01125     0.6750     40.500  1023.8815  48701.074    30.5861      0.771    6.87034     7.4955     7.5002    23.8780   12.37031 3.6872e+01      0.779 0.0000e+00
        164 340.476733    0.01132     0.6792     40.750  1023.8732  48685.898    30.5752      0.765    6.87114     7.4922     7.4982    23.8697   12.37177 3.6361e+01      0.773 0.0000e+00
        165 340.476736    0.01139     0.6833     41.000  1023.8675  48675.441    30.5675      0.750    6.87190     7.4883     7.4956    23.8640   12.37312 3.5539e+01      0.758 0.0000e+00
        166 340.476739    0.01146     0.6875     41.250  1023.8688  48678.010    30.5688      0.732    6.87236     7.4845     7.4923    23.8654   12.37387 3.4666e+01      0.739 0.0000e+00
        167 340.476742    0.01153     0.6917     41.500  1023.8787  48696.255    30.5808      0.718    6.87244     7.4820     7.4883    23.8754   12.37385 3.4019e+01      0.725 0.0000e+00
        168 340.476745    0.01160     0.6958     41.750  1023.8932  48722.632    30.5986      0.714    6.87223     7.4810     7.4846    23.8899   12.37328 3.3634e+01      0.721 0.0000e+00
        169 340.476748    0.01167     0.7000     42.000  1023.9054  48744.916    30.6136      0.719    6.87195     7.4811     7.4821    23.9021   12.37262 3.3200e+01      0.726 0.0000e+00
        170 340.476751    0.01174     0.7042     42.250  1023.9114  48755.931    30.6211      0.729    6.87177     7.4815     7.4811    23.9081   12.37223 3.2701e+01      0.736 0.0000e+00
