CTD-processing/allCTD/CNV--homogene/2018_05-24_t9_s02_cast096.cnv
* Sea-Bird SBE19plus Data File:
* FileName = C:\Users\Kim.Powell\Desktop\Not Processed\2018\2018_05-24_AlongBay, T9_5028\2018_05-24_TRANSECT_STATION_cast096.hex
* Software Version 1.59
* Temperature SN =  5028
* Conductivity SN =  5028
* System UpLoad Time = May 25 2018 13:33:24
** 2018_05-24
** Station: 9-02
** Start Time: 14:22
** Depth (m): 74
** Comment:
** Comment:
# nquan = 17
# nvalues = 620                         
# units = specified
# name 0 = scan: Scan Count
# name 1 = timeJ: Julian Days
# name 2 = timeH: Time, Elapsed [hours]
# name 3 = timeM: Time, Elapsed [minutes]
# name 4 = timeS: Time, Elapsed [seconds]
# name 5 = density00: Density [density, kg/m^3]
# name 6 = specc: Specific Conductance [uS/cm]
# name 7 = sal00: Salinity, Practical [PSU]
# name 8 = depSM: Depth [salt water, m], lat = 59.00
# name 9 = oxsolML/L: Oxygen Saturation, Garcia & Gordon [ml/l]
# name 10 = potemp090C: Potential Temperature [ITS-90, deg C]
# name 11 = tv290C: Temperature [ITS-90, deg C]
# name 12 = sigma-é00: Density [sigma-theta, kg/m^3]
# name 13 = n2satML/L: Nitrogen Saturation [ml/l]
# name 14 = par: PAR/Irradiance, Biospherical/Licor
# name 15 = prdM: Pressure, Strain Gauge [db]
# name 16 = flag:  0.000e+00
# span 0 =          1,        620       
# span 1 = 144.598565, 144.600356       
# span 2 =    0.00000,    0.04299       
# span 3 =     0.0000,     2.5792       
# span 4 =      0.000,    154.750       
# span 5 =  1024.0688,  1025.4704       
# span 6 =  49038.795,  51099.496       
# span 7 =    30.7762,    31.8733       
# span 8 =      0.486,     73.552       
# span 9 =    6.89443,    7.11516       
# span 10 =     5.6257,     7.2864      
# span 11 =     5.6314,     7.2864      
# span 12 =    24.0634,    25.1269      
# span 13 =   12.40749,   12.75879      
# span 14 = 4.2872e-02, 3.9416e+02      
# span 15 =      0.491,     74.259      
# span 16 = 0.0000e+00, 0.0000e+00      
# interval = seconds: 0.25
# start_time = May 24 2018 14:21:56 [Instrument's time stamp, header]
# bad_flag = -9.990e-29
*END*
[from data line 171]
        172 144.599060    0.01188     0.7125     42.750  1024.0865  49074.492    30.8063      0.749    6.89839     7.2599     7.2599    24.0830   12.41397 2.6728e+02      0.756 0.0000e+00
        173 144.599063    0.01194     0.7167     43.000  1024.0882  49077.617    30.8086      0.745    6.89822     7.2588     7.2603    24.0848   12.41366 2.6500e+02      0.751 0.0000e+00
        174 144.599065    0.01201     0.7208     43.250  1024.0897  49080.479    30.8105      0.737    6.89820     7.2576     7.2599    24.0863   12.41360 2.6137e+02      0.743 0.0000e+00
        175 144.599068    0.01208     0.7250     43.500  1024.0902  49081.449    30.8110      0.729    6.89835     7.2568     7.2589    24.0868   12.41384 2.6112e+02      0.736 0.0000e+00
        176 144.599071    0.01215     0.7292     43.750  1024.0899  49080.893    30.8104      0.727    6.89856     7.2564     7.2577    24.0865   12.41420 2.6388e+02      0.733 0.0000e+00
        177 144.599074    0.01222     0.7333     44.000  1024.0897  49080.413    30.8099      0.730    6.89872     7.2565     7.2568    24.0863   12.41446 2.6534e+02      0.737 0.0000e+00
        178 144.599077    0.01229     0.7375     44.250  1024.0900  49080.936    30.8102      0.738    6.89875     7.2568     7.2565    24.0866   12.41452 2.6559e+02      0.744 0.0000e+00
        179 144.599080    0.01236     0.7417     44.500  1024.0909  49082.539    30.8114      0.744    6.89869     7.2572     7.2566    24.0875   12.41441 2.6668e+02      0.751 0.0000e+00
        180 144.599083    0.01243     0.7458     44.750  1024.0920  49084.599    30.8129      0.747    6.89858     7.2576     7.2568    24.0886   12.41421 2.6682e+02      0.754 0.0000e+00
        181 144.599086    0.01250     0.7500     45.000  1024.0929  49086.121    30.8140      0.745    6.89846     7.2577     7.2573    24.0894   12.41399 2.6327e+02      0.752 0.0000e+00
        182 144.599089    0.01257     0.7542     45.250  1024.0932  49086.754    30.8145      0.740    6.89838     7.2575     7.2577    24.0897   12.41385 2.5839e+02      0.747 0.0000e+00
        183 144.599091    0.01264     0.7583     45.500  1024.0931  49086.744    30.8145      0.734    6.89837     7.2573     7.2578    24.0897   12.41382 2.5646e+02      0.741 0.0000e+00
        184 144.599094    0.01271     0.7625     45.750  1024.0928  49086.119    30.8140      0.728    6.89841     7.2574     7.2576    24.0894   12.41390 2.5747e+02      0.735 0.0000e+00
        185 144.599097    0.01278     0.7667     46.000  1024.0919  49084.576    30.8129      0.725    6.89849     7.2577     7.2574    24.0885   12.41405 2.5949e+02      0.731 0.0000e+00
        186 144.599100    0.01285     0.7708     46.250  1024.0905  49082.019    30.8112      0.725    6.89856     7.2583     7.2575    24.0871   12.41419 2.6247e+02      0.731 0.0000e+00
        187 144.599103    0.01292     0.7750     46.500  1024.0889  49078.936    30.8091      0.728    6.89860     7.2590     7.2578    24.0855   12.41428 2.6599e+02      0.735 0.0000e+00
        188 144.599106    0.01299     0.7792     46.750  1024.0873  49076.114    30.8072      0.733    6.89858     7.2595     7.2584    24.0839   12.41428 2.6814e+02      0.740 0.0000e+00
        189 144.599109    0.01306     0.7833     47.000  1024.0863  49074.231    30.8060      0.739    6.89853     7.2598     7.2591    24.0829   12.41421 2.6842e+02      0.746 0.0000e+00
        190 144.599112    0.01313     0.7875     47.250  1024.0860  49073.637    30.8057      0.744    6.89847     7.2600     7.2596    24.0826   12.41410 2.6784e+02      0.750 0.0000e+00
        191 144.599115    0.01319     0.7917     47.500  1024.0863  49074.170    30.8061      0.744    6.89840     7.2602     7.2599    24.0828   12.41398 2.6799e+02      0.751 0.0000e+00
        192 144.599117    0.01326     0.7958     47.750  1024.0868  49075.086    30.8068      0.741    6.89834     7.2602     7.2601    24.0833   12.41387 2.6932e+02      0.748 0.0000e+00
        193 144.599120    0.01333     0.8000     48.000  1024.0870  49075.425    30.8070      0.737    6.89831     7.2600     7.2602    24.0835   12.41382 2.7030e+02      0.744 0.0000e+00
        194 144.599123    0.01340     0.8042     48.250  1024.0867  49074.920    30.8067      0.733    6.89833     7.2596     7.2602    24.0833   12.41385 2.6972e+02      0.740 0.0000e+00
        195 144.599126    0.01347     0.8083     48.500  1024.0864  49074.449    30.8063      0.733    6.89838     7.2590     7.2600    24.0830   12.41394 2.6772e+02      0.739 0.0000e+00
        196 144.599129    0.01354     0.8125     48.750  1024.0868  49075.164    30.8067      0.734    6.89842     7.2583     7.2596    24.0834   12.41401 2.6545e+02      0.741 0.0000e+00
        197 144.599132    0.01361     0.8167     49.000  1024.0882  49077.650    30.8084      0.736    6.89844     7.2574     7.2590    24.0848   12.41401 2.6438e+02      0.743 0.0000e+00
        198 144.599135    0.01368     0.8208     49.250  1024.0904  49081.725    30.8111      0.736    6.89843     7.2563     7.2583    24.0870   12.41397 2.6434e+02      0.743 0.0000e+00
        199 144.599138    0.01375     0.8250     49.500  1024.0928  49086.097    30.8140      0.732    6.89844     7.2550     7.2574    24.0894   12.41395 2.6457e+02      0.739 0.0000e+00
        200 144.599141    0.01382     0.8292     49.750  1024.0943  49088.910    30.8158      0.727    6.89853     7.2537     7.2563    24.0909   12.41408 2.6360e+02      0.734 0.0000e+00
        201 144.599144    0.01389     0.8333     50.000  1024.0948  49089.823    30.8162      0.725    6.89872     7.2523     7.2550    24.0914   12.41438 2.6101e+02      0.732 0.0000e+00
        202 144.599146    0.01396     0.8375     50.250  1024.0953  49090.606    30.8165      0.730    6.89891     7.2508     7.2537    24.0919   12.41470 2.5968e+02      0.737 0.0000e+00
        203 144.599149    0.01403     0.8417     50.500  1024.0967  49093.178    30.8181      0.739    6.89906     7.2493     7.2523    24.0933   12.41492 2.5983e+02      0.746 0.0000e+00
        204 144.599152    0.01410     0.8458     50.750  1024.0994  49098.118    30.8212      0.746    6.89916     7.2483     7.2508    24.0960   12.41505 2.5950e+02      0.753 0.0000e+00
        205 144.599155    0.01417     0.8500     51.000  1024.1027  49104.164    30.8252      0.747    6.89921     7.2481     7.2494    24.0993   12.41508 2.5871e+02      0.754 0.0000e+00
        206 144.599158    0.01424     0.8542     51.250  1024.1051  49108.625    30.8281      0.740    6.89923     7.2483     7.2484    24.1017   12.41509 2.5687e+02      0.747 0.0000e+00
        207 144.599161    0.01431     0.8583     51.500  1024.1055  49109.321    30.8286      0.729    6.89926     7.2485     7.2481    24.1021   12.41512 2.5462e+02      0.736 0.0000e+00
        208 144.599164    0.01438     0.8625     51.750  1024.1039  49106.572    30.8267      0.719    6.89930     7.2482     7.2484    24.1006   12.41521 2.5441e+02      0.726 0.0000e+00
        209 144.599167    0.01444     0.8667     52.000  1024.1019  49102.937    30.8242      0.716    6.89938     7.2473     7.2486    24.0986   12.41537 2.5509e+02      0.723 0.0000e+00
        210 144.599170    0.01451     0.8708     52.250  1024.1008  49100.954    30.8228      0.722    6.89950     7.2459     7.2483    24.0975   12.41558 2.5442e+02      0.729 0.0000e+00
        211 144.599172    0.01458     0.8750     52.500  1024.1014  49101.864    30.8232      0.733    6.89963     7.2447     7.2473    24.0980   12.41579 2.5343e+02      0.740 0.0000e+00
        212 144.599175    0.01465     0.8792     52.750  1024.1035  49105.637    30.8256      0.745    6.89973     7.2439     7.2460    24.1001   12.41592 2.5358e+02      0.752 0.0000e+00
        213 144.599178    0.01472     0.8833     53.000  1024.1064  49110.942    30.8291      0.752    6.89976     7.2437     7.2448    24.1030   12.41594 2.5473e+02      0.759 0.0000e+00
        214 144.599181    0.01479     0.8875     53.250  1024.1090  49115.560    30.8322      0.752    6.89975     7.2442     7.2440    24.1055   12.41588 2.5481e+02      0.759 0.0000e+00
        215 144.599184    0.01486     0.8917     53.500  1024.1100  49117.464    30.8335      0.745    6.89972     7.2449     7.2438    24.1065   12.41582 2.5276e+02      0.753 0.0000e+00
        216 144.599187    0.01493     0.8958     53.750  1024.1091  49115.968    30.8325      0.736    6.89969     7.2456     7.2443    24.1057   12.41579 2.5121e+02      0.743 0.0000e+00
        217 144.599190    0.01500     0.9000     54.000  1024.1071  49112.303    30.8301      0.728    6.89968     7.2460     7.2450    24.1037   12.41580 2.5165e+02      0.735 0.0000e+00
        218 144.599193    0.01507     0.9042     54.250  1024.1049  49108.443    30.8275      0.723    6.89969     7.2461     7.2457    24.1016   12.41584 2.5263e+02      0.730 0.0000e+00
        219 144.599196    0.01514     0.9083     54.500  1024.1033  49105.380    30.8255      0.721    6.89971     7.2460     7.2461    24.0999   12.41591 2.5408e+02      0.728 0.0000e+00
        220 144.599198    0.01521     0.9125     54.750  1024.1021  49103.180    30.8240      0.724    6.89976     7.2456     7.2462    24.0987   12.41601 2.5746e+02      0.731 0.0000e+00
        221 144.599201    0.01528     0.9167     55.000  1024.1014  49101.945    30.8231      0.731    6.89983     7.2451     7.2461    24.0980   12.41613 2.6157e+02      0.737 0.0000e+00
        222 144.599204    0.01535     0.9208     55.250  1024.1015  49102.044    30.8231      0.739    6.89989     7.2446     7.2457    24.0981   12.41623 2.6384e+02      0.746 0.0000e+00
        223 144.599207    0.01542     0.9250     55.500  1024.1024  49103.645    30.8241      0.747    6.89992     7.2443     7.2452    24.0990   12.41627 2.6434e+02      0.754 0.0000e+00
        224 144.599210    0.01549     0.9292     55.750  1024.1039  49106.212    30.8258      0.750    6.89992     7.2440     7.2447    24.1004   12.41624 2.6325e+02      0.757 0.0000e+00
        225 144.599213    0.01556     0.9333     56.000  1024.1051  49108.556    30.8274      0.748    6.89991     7.2439     7.2443    24.1017   12.41621 2.6068e+02      0.755 0.0000e+00
        226 144.599216    0.01563     0.9375     56.250  1024.1056  49109.476    30.8280      0.741    6.89993     7.2438     7.2440    24.1022   12.41623 2.5901e+02      0.748 0.0000e+00
        227 144.599219    0.01569     0.9417     56.500  1024.1051  49108.613    30.8274      0.734    6.89999     7.2437     7.2439    24.1017   12.41633 2.5951e+02      0.741 0.0000e+00
        228 144.599222    0.01576     0.9458     56.750  1024.1041  49106.713    30.8260      0.728    6.90006     7.2437     7.2438    24.1007   12.41648 2.6063e+02      0.735 0.0000e+00
        229 144.599225    0.01583     0.9500     57.000  1024.1030  49104.750    30.8247      0.724    6.90013     7.2436     7.2437    24.0996   12.41661 2.6079e+02      0.731 0.0000e+00
        230 144.599227    0.01590     0.9542     57.250  1024.1021  49103.108    30.8235      0.724    6.90019     7.2436     7.2437    24.0987   12.41672 2.6072e+02      0.731 0.0000e+00
        231 144.599230    0.01597     0.9583     57.500  1024.1013  49101.798    30.8226      0.726    6.90024     7.2437     7.2437    24.0980   12.41681 2.6261e+02      0.733 0.0000e+00
        232 144.599233    0.01604     0.9625     57.750  1024.1009  49100.900    30.8220      0.731    6.90027     7.2439     7.2437    24.0975   12.41687 2.6606e+02      0.738 0.0000e+00
        233 144.599236    0.01611     0.9667     58.000  1024.1008  49100.681    30.8219      0.737    6.90026     7.2441     7.2437    24.0974   12.41686 2.6760e+02      0.744 0.0000e+00
        234 144.599239    0.01618     0.9708     58.250  1024.1012  49101.402    30.8224      0.742    6.90020     7.2444     7.2439    24.0978   12.41676 2.6549e+02      0.749 0.0000e+00
        235 144.599242    0.01625     0.9750     58.500  1024.1020  49102.870    30.8234      0.745    6.90011     7.2445     7.2442    24.0986   12.41660 2.6196e+02      0.752 0.0000e+00
        236 144.599245    0.01632     0.9792     58.750  1024.1027  49104.260    30.8244      0.744    6.90003     7.2444     7.2444    24.0993   12.41645 2.6023e+02      0.751 0.0000e+00
        237 144.599248    0.01639     0.9833     59.000  1024.1029  49104.527    30.8246      0.740    6.90000     7.2441     7.2445    24.0995   12.41640 2.6185e+02      0.747 0.0000e+00
        238 144.599251    0.01646     0.9875     59.250  1024.1022  49103.236    30.8237      0.736    6.90006     7.2435     7.2445    24.0988   12.41650 2.6557e+02      0.743 0.0000e+00
        239 144.599253    0.01653     0.9917     59.500  1024.1008  49100.844    30.8220      0.734    6.90018     7.2425     7.2442    24.0974   12.41673 2.6740e+02      0.741 0.0000e+00
        240 144.599256    0.01660     0.9958     59.750  1024.0992  49097.878    30.8199      0.735    6.90037     7.2410     7.2436    24.0958   12.41707 2.6656e+02      0.742 0.0000e+00
        241 144.599259    0.01667     1.0000     60.000  1024.0973  49094.333    30.8173      0.737    6.90065     7.2384     7.2426    24.0939   12.41756 2.6602e+02      0.744 0.0000e+00
        242 144.599262    0.01674     1.0042     60.250  1024.0948  49089.686    30.8138      0.740    6.90104     7.2342     7.2411    24.0914   12.41826 2.6778e+02      0.747 0.0000e+00
        243 144.599265    0.01681     1.0083     60.500  1024.0923  49085.207    30.8102      0.741    6.90162     7.2291     7.2385    24.0889   12.41925 2.7063e+02      0.748 0.0000e+00
        244 144.599268    0.01688     1.0125     60.750  1024.0921  49084.737    30.8092      0.741    6.90233     7.2250     7.2343    24.0887   12.42044 2.7041e+02      0.748 0.0000e+00
        245 144.599271    0.01694     1.0167     61.000  1024.0946  49089.402    30.8116      0.739    6.90303     7.2228     7.2292    24.0912   12.42157 2.6716e+02      0.746 0.0000e+00
        246 144.599274    0.01701     1.0208     61.250  1024.0980  49095.546    30.8151      0.736    6.90353     7.2221     7.2251    24.0946   12.42235 2.6568e+02      0.743 0.0000e+00
        247 144.599277    0.01708     1.0250     61.500  1024.1000  49099.256    30.8173      0.734    6.90378     7.2220     7.2229    24.0966   12.42274 2.6725e+02      0.741 0.0000e+00
        248 144.599280    0.01715     1.0292     61.750  1024.1005  49100.073    30.8178      0.735    6.90386     7.2221     7.2222    24.0970   12.42288 2.6937e+02      0.742 0.0000e+00
        249 144.599282    0.01722     1.0333     62.000  1024.1005  49100.085    30.8178      0.737    6.90388     7.2225     7.2221    24.0970   12.42290 2.7023e+02      0.744 0.0000e+00
        250 144.599285    0.01729     1.0375     62.250  1024.1007  49100.432    30.8180      0.740    6.90385     7.2232     7.2222    24.0972   12.42284 2.6993e+02      0.747 0.0000e+00
        251 144.599288    0.01736     1.0417     62.500  1024.1008  49100.609    30.8182      0.740    6.90377     7.2238     7.2226    24.0973   12.42272 2.6892e+02      0.747 0.0000e+00
        252 144.599291    0.01743     1.0458     62.750  1024.1004  49100.014    30.8179      0.739    6.90368     7.2240     7.2233    24.0970   12.42258 2.6792e+02      0.746 0.0000e+00
        253 144.599294    0.01750     1.0500     63.000  1024.0997  49098.717    30.8171      0.737    6.90362     7.2236     7.2239    24.0963   12.42248 2.6841e+02      0.744 0.0000e+00
        254 144.599297    0.01757     1.0542     63.250  1024.0989  49097.227    30.8161      0.736    6.90364     7.2228     7.2241    24.0955   12.42252 2.6955e+02      0.743 0.0000e+00
        255 144.599300    0.01764     1.0583     63.500  1024.0986  49096.757    30.8157      0.736    6.90372     7.2229     7.2237    24.0952   12.42267 2.6889e+02      0.743 0.0000e+00
