CTD-processing/allCTD/CNV--homogene/2018_06-22_alongbay_skb13_cast117.cnv
* Sea-Bird SBE19plus Data File:
* FileName = C:\Users\Kim.Powell\Desktop\Not Processed\2018\2018_06-XX\2018_06-XX_TRANSECT_STATION_cast117.hex
* Software Version 1.59
* Temperature SN =  5028
* Conductivity SN =  5028
* System UpLoad Time = Jul 05 2018 09:35:28
** 2018_06-22
** Station: KB13
** Start Time: 13:06
** Depth (m):30.5
** Comment: Convergence
** Comment:
# nquan = 17
# nvalues = 422                         
# units = specified
# name 0 = scan: Scan Count
# name 1 = timeJ: Julian Days
# name 2 = timeH: Time, Elapsed [hours]
# name 3 = timeM: Time, Elapsed [minutes]
# name 4 = timeS: Time, Elapsed [seconds]
# name 5 = density00: Density [density, kg/m^3]
# name 6 = specc: Specific Conductance [uS/cm]
# name 7 = sal00: Salinity, Practical [PSU]
# name 8 = depSM: Depth [salt water, m], lat = 59.00
# name 9 = oxsolML/L: Oxygen Saturation, Garcia & Gordon [ml/l]
# name 10 = potemp090C: Potential Temperature [ITS-90, deg C]
# name 11 = tv290C: Temperature [ITS-90, deg C]
# name 12 = sigma-é00: Density [sigma-theta, kg/m^3]
# name 13 = n2satML/L: Nitrogen Saturation [ml/l]
# name 14 = par: PAR/Irradiance, Biospherical/Licor
# name 15 = prdM: Pressure, Strain Gauge [db]
# name 16 = flag:  0.000e+00
# span 0 =          1,        422       
# span 1 = 173.546470, 173.547688       
# span 2 =    0.00000,    0.02924       
# span 3 =     0.0000,     1.7542       
# span 4 =      0.000,    105.250       
# span 5 =  1008.6211,  1024.9476       
# span 6 =  19715.279,  50459.431       
# span 7 =    11.5250,    31.5696       
# span 8 =      0.759,     28.200       
# span 9 =    6.79052,    7.24470       
# span 10 =     6.2210,    10.5650      
# span 11 =     6.2234,    10.5651      
# span 12 =     8.6175,    24.8162      
# span 13 =   12.25565,   13.24254      
# span 14 = 6.0372e-02, 1.0842e+03      
# span 15 =      0.767,     28.468      
# span 16 = 0.0000e+00, 0.0000e+00      
# interval = seconds: 0.25
# start_time = Jun 22 2018 13:06:55 [Instrument's time stamp, header]
# bad_flag = -9.990e-29
*END*
[from data line 86]
         87 173.546719    0.00597     0.3583     21.500  1009.0828  20636.883    12.1070      0.849    7.23101    10.4844    10.4839     9.0788   13.21170 6.4489e+02      0.857 0.0000e+00
         88 173.546722    0.00604     0.3625     21.750  1009.0815  20634.361    12.1054      0.849    7.23104    10.4848    10.4841     9.0775   13.21177 6.4280e+02      0.857 0.0000e+00
         89 173.546725    0.00611     0.3667     22.000  1009.0803  20632.022    12.1039      0.849    7.23106    10.4853    10.4845     9.0763   13.21182 6.4114e+02      0.857 0.0000e+00
         90 173.546727    0.00618     0.3708     22.250  1009.0794  20630.262    12.1028      0.848    7.23104    10.4856    10.4849     9.0754   13.21180 6.3923e+02      0.856 0.0000e+00
         91 173.546730    0.00625     0.3750     22.500  1009.0787  20628.927    12.1020      0.846    7.23100    10.4859    10.4854     9.0747   13.21174 6.4061e+02      0.854 0.0000e+00
         92 173.546733    0.00632     0.3792     22.750  1009.0782  20627.919    12.1014      0.845    7.23096    10.4861    10.4857     9.0742   13.21169 6.4456e+02      0.853 0.0000e+00
         93 173.546736    0.00639     0.3833     23.000  1009.0778  20627.310    12.1010      0.844    7.23094    10.4864    10.4860     9.0739   13.21166 6.4462e+02      0.852 0.0000e+00
         94 173.546739    0.00646     0.3875     23.250  1009.0777  20627.066    12.1008      0.845    7.23092    10.4867    10.4862     9.0737   13.21162 6.4188e+02      0.853 0.0000e+00
         95 173.546742    0.00653     0.3917     23.500  1009.0776  20627.006    12.1008      0.846    7.23087    10.4870    10.4865     9.0737   13.21155 6.4156e+02      0.854 0.0000e+00
         96 173.546745    0.00660     0.3958     23.750  1009.0776  20626.922    12.1007      0.847    7.23082    10.4873    10.4868     9.0736   13.21146 6.4150e+02      0.855 0.0000e+00
         97 173.546748    0.00667     0.4000     24.000  1009.0775  20626.738    12.1006      0.847    7.23077    10.4877    10.4871     9.0735   13.21138 6.3732e+02      0.855 0.0000e+00
         98 173.546751    0.00674     0.4042     24.250  1009.0773  20626.463    12.1005      0.847    7.23072    10.4880    10.4874     9.0733   13.21130 6.3203e+02      0.855 0.0000e+00
         99 173.546753    0.00681     0.4083     24.500  1009.0771  20626.117    12.1003      0.847    7.23068    10.4883    10.4878     9.0731   13.21124 6.3100e+02      0.855 0.0000e+00
        100 173.546756    0.00688     0.4125     24.750  1009.0769  20625.775    12.1001      0.847    7.23064    10.4885    10.4881     9.0729   13.21117 6.3228e+02      0.855 0.0000e+00
        101 173.546759    0.00694     0.4167     25.000  1009.0767  20625.465    12.0999      0.846    7.23060    10.4888    10.4883     9.0727   13.21111 6.3254e+02      0.854 0.0000e+00
        102 173.546762    0.00701     0.4208     25.250  1009.0765  20625.045    12.0996      0.846    7.23057    10.4891    10.4886     9.0725   13.21106 6.3410e+02      0.854 0.0000e+00
        103 173.546765    0.00708     0.4250     25.500  1009.0762  20624.448    12.0993      0.846    7.23054    10.4894    10.4888     9.0722   13.21102 6.3663e+02      0.854 0.0000e+00
        104 173.546768    0.00715     0.4292     25.750  1009.0758  20623.714    12.0988      0.847    7.23052    10.4898    10.4891     9.0718   13.21098 6.3970e+02      0.855 0.0000e+00
        105 173.546771    0.00722     0.4333     26.000  1009.0754  20622.872    12.0983      0.847    7.23049    10.4902    10.4895     9.0714   13.21094 6.4391e+02      0.855 0.0000e+00
        106 173.546774    0.00729     0.4375     26.250  1009.0750  20622.288    12.0980      0.848    7.23044    10.4905    10.4899     9.0710   13.21087 6.4431e+02      0.856 0.0000e+00
        107 173.546777    0.00736     0.4417     26.500  1009.0751  20622.557    12.0982      0.850    7.23037    10.4907    10.4903     9.0711   13.21075 6.4164e+02      0.858 0.0000e+00
        108 173.546780    0.00743     0.4458     26.750  1009.0757  20623.759    12.0989      0.851    7.23028    10.4910    10.4906     9.0717   13.21059 6.3957e+02      0.859 0.0000e+00
        109 173.546782    0.00750     0.4500     27.000  1009.0764  20625.346    12.0999      0.853    7.23019    10.4913    10.4908     9.0724   13.21042 6.3621e+02      0.861 0.0000e+00
        110 173.546785    0.00757     0.4542     27.250  1009.0771  20626.647    12.1008      0.855    7.23011    10.4917    10.4911     9.0731   13.21028 6.3238e+02      0.863 0.0000e+00
        111 173.546788    0.00764     0.4583     27.500  1009.0775  20627.605    12.1014      0.857    7.23004    10.4922    10.4914     9.0735   13.21014 6.2953e+02      0.865 0.0000e+00
        112 173.546791    0.00771     0.4625     27.750  1009.0779  20628.540    12.1020      0.858    7.22994    10.4929    10.4918     9.0739   13.20998 6.2501e+02      0.866 0.0000e+00
        113 173.546794    0.00778     0.4667     28.000  1009.0783  20629.343    12.1025      0.858    7.22983    10.4938    10.4923     9.0743   13.20978 6.1995e+02      0.866 0.0000e+00
        114 173.546797    0.00785     0.4708     28.250  1009.0786  20630.129    12.1030      0.858    7.22970    10.4949    10.4930     9.0746   13.20955 6.1855e+02      0.866 0.0000e+00
        115 173.546800    0.00792     0.4750     28.500  1009.0792  20631.483    12.1039      0.858    7.22952    10.4965    10.4938     9.0752   13.20923 6.1900e+02      0.866 0.0000e+00
        116 173.546803    0.00799     0.4792     28.750  1009.0800  20633.309    12.1051      0.860    7.22927    10.4986    10.4950     9.0760   13.20880 6.1681e+02      0.868 0.0000e+00
        117 173.546806    0.00806     0.4833     29.000  1009.0806  20634.858    12.1062      0.862    7.22896    10.5007    10.4966     9.0766   13.20826 6.1409e+02      0.870 0.0000e+00
        118 173.546808    0.00813     0.4875     29.250  1009.0808  20635.611    12.1067      0.864    7.22860    10.5026    10.4987     9.0768   13.20765 6.1478e+02      0.872 0.0000e+00
        119 173.546811    0.00819     0.4917     29.500  1009.0805  20635.451    12.1067      0.866    7.22824    10.5041    10.5008     9.0765   13.20706 6.1740e+02      0.874 0.0000e+00
        120 173.546814    0.00826     0.4958     29.750  1009.0799  20634.564    12.1062      0.867    7.22795    10.5051    10.5027     9.0758   13.20658 6.2008e+02      0.875 0.0000e+00
        121 173.546817    0.00833     0.5000     30.000  1009.0791  20633.151    12.1054      0.867    7.22775    10.5056    10.5042     9.0750   13.20625 6.2385e+02      0.875 0.0000e+00
        122 173.546820    0.00840     0.5042     30.250  1009.0781  20631.398    12.1043      0.866    7.22764    10.5058    10.5052     9.0740   13.20608 6.2998e+02      0.874 0.0000e+00
        123 173.546823    0.00847     0.5083     30.500  1009.0772  20629.677    12.1032      0.865    7.22760    10.5058    10.5057     9.0731   13.20603 6.3433e+02      0.873 0.0000e+00
        124 173.546826    0.00854     0.5125     30.750  1009.0765  20628.287    12.1024      0.864    7.22760    10.5058    10.5059     9.0724   13.20605 6.3372e+02      0.873 0.0000e+00
        125 173.546829    0.00861     0.5167     31.000  1009.0760  20627.268    12.1017      0.864    7.22763    10.5058    10.5059     9.0719   13.20611 6.3517e+02      0.872 0.0000e+00
        126 173.546832    0.00868     0.5208     31.250  1009.0756  20626.500    12.1012      0.864    7.22766    10.5058    10.5058     9.0716   13.20617 6.4225e+02      0.872 0.0000e+00
        127 173.546834    0.00875     0.5250     31.500  1009.0753  20625.868    12.1008      0.865    7.22769    10.5058    10.5058     9.0713   13.20621 6.4973e+02      0.873 0.0000e+00
        128 173.546837    0.00882     0.5292     31.750  1009.0750  20625.264    12.1005      0.866    7.22771    10.5060    10.5058     9.0710   13.20624 6.5478e+02      0.874 0.0000e+00
        129 173.546840    0.00889     0.5333     32.000  1009.0747  20624.508    12.1000      0.868    7.22772    10.5061    10.5059     9.0706   13.20627 6.5825e+02      0.876 0.0000e+00
        130 173.546843    0.00896     0.5375     32.250  1009.0741  20623.427    12.0993      0.869    7.22773    10.5063    10.5060     9.0700   13.20630 6.6140e+02      0.877 0.0000e+00
        131 173.546846    0.00903     0.5417     32.500  1009.0734  20622.012    12.0984      0.869    7.22774    10.5064    10.5062     9.0693   13.20634 6.6411e+02      0.877 0.0000e+00
        132 173.546849    0.00910     0.5458     32.750  1009.0727  20620.503    12.0975      0.868    7.22776    10.5066    10.5064     9.0686   13.20638 6.6668e+02      0.876 0.0000e+00
        133 173.546852    0.00917     0.5500     33.000  1009.0720  20619.249    12.0967      0.867    7.22777    10.5066    10.5065     9.0679   13.20640 6.7259e+02      0.875 0.0000e+00
        134 173.546855    0.00924     0.5542     33.250  1009.0716  20618.367    12.0961      0.865    7.22778    10.5067    10.5067     9.0675   13.20642 6.8013e+02      0.873 0.0000e+00
        135 173.546858    0.00931     0.5583     33.500  1009.0712  20617.729    12.0957      0.864    7.22778    10.5068    10.5067     9.0671   13.20643 6.8549e+02      0.872 0.0000e+00
        136 173.546861    0.00937     0.5625     33.750  1009.0710  20617.196    12.0953      0.864    7.22779    10.5070    10.5068     9.0669   13.20645 6.8665e+02      0.872 0.0000e+00
        137 173.546863    0.00944     0.5667     34.000  1009.0707  20616.711    12.0950      0.865    7.22778    10.5073    10.5069     9.0666   13.20645 6.8120e+02      0.873 0.0000e+00
        138 173.546866    0.00951     0.5708     34.250  1009.0704  20616.221    12.0947      0.866    7.22777    10.5075    10.5071     9.0664   13.20642 6.7442e+02      0.874 0.0000e+00
        139 173.546869    0.00958     0.5750     34.500  1009.0702  20615.697    12.0944      0.868    7.22774    10.5078    10.5073     9.0661   13.20638 6.6917e+02      0.876 0.0000e+00
        140 173.546872    0.00965     0.5792     34.750  1009.0699  20615.263    12.0941      0.868    7.22771    10.5080    10.5076     9.0659   13.20633 6.6394e+02      0.876 0.0000e+00
        141 173.546875    0.00972     0.5833     35.000  1009.0698  20615.051    12.0940      0.868    7.22767    10.5082    10.5078     9.0657   13.20628 6.6094e+02      0.876 0.0000e+00
        142 173.546878    0.00979     0.5875     35.250  1009.0698  20614.999    12.0940      0.867    7.22764    10.5084    10.5080     9.0657   13.20622 6.5955e+02      0.876 0.0000e+00
        143 173.546881    0.00986     0.5917     35.500  1009.0698  20615.024    12.0940      0.866    7.22761    10.5087    10.5082     9.0657   13.20616 6.5901e+02      0.875 0.0000e+00
        144 173.546884    0.00993     0.5958     35.750  1009.0698  20615.157    12.0941      0.866    7.22757    10.5090    10.5085     9.0658   13.20609 6.5891e+02      0.874 0.0000e+00
        145 173.546887    0.01000     0.6000     36.000  1009.0699  20615.487    12.0943      0.865    7.22751    10.5095    10.5087     9.0659   13.20600 6.5737e+02      0.874 0.0000e+00
        146 173.546889    0.01007     0.6042     36.250  1009.0702  20616.163    12.0948      0.865    7.22743    10.5101    10.5091     9.0662   13.20586 6.5553e+02      0.874 0.0000e+00
        147 173.546892    0.01014     0.6083     36.500  1009.0707  20617.260    12.0955      0.866    7.22732    10.5108    10.5096     9.0667   13.20567 6.5446e+02      0.874 0.0000e+00
        148 173.546895    0.01021     0.6125     36.750  1009.0713  20618.543    12.0963      0.867    7.22718    10.5116    10.5102     9.0672   13.20542 6.5687e+02      0.876 0.0000e+00
        149 173.546898    0.01028     0.6167     37.000  1009.0718  20619.587    12.0970      0.869    7.22703    10.5122    10.5109     9.0677   13.20516 6.6221e+02      0.877 0.0000e+00
        150 173.546901    0.01035     0.6208     37.250  1009.0720  20620.163    12.0974      0.869    7.22690    10.5128    10.5116     9.0679   13.20492 6.6570e+02      0.877 0.0000e+00
        151 173.546904    0.01042     0.6250     37.500  1009.0720  20620.375    12.0976      0.869    7.22678    10.5132    10.5123     9.0679   13.20472 6.6801e+02      0.877 0.0000e+00
        152 173.546907    0.01049     0.6292     37.750  1009.0720  20620.460    12.0977      0.868    7.22669    10.5135    10.5128     9.0679   13.20457 6.6729e+02      0.876 0.0000e+00
        153 173.546910    0.01056     0.6333     38.000  1009.0720  20620.596    12.0978      0.866    7.22661    10.5138    10.5133     9.0679   13.20444 6.6337e+02      0.874 0.0000e+00
        154 173.546913    0.01063     0.6375     38.250  1009.0722  20620.971    12.0980      0.865    7.22655    10.5141    10.5136     9.0681   13.20433 6.6000e+02      0.873 0.0000e+00
        155 173.546916    0.01069     0.6417     38.500  1009.0725  20621.776    12.0986      0.865    7.22648    10.5144    10.5139     9.0685   13.20420 6.5714e+02      0.873 0.0000e+00
        156 173.546918    0.01076     0.6458     38.750  1009.0730  20622.837    12.0993      0.865    7.22640    10.5148    10.5142     9.0690   13.20406 6.5717e+02      0.873 0.0000e+00
        157 173.546921    0.01083     0.6500     39.000  1009.0734  20623.525    12.0997      0.865    7.22632    10.5151    10.5145     9.0693   13.20393 6.5820e+02      0.873 0.0000e+00
        158 173.546924    0.01090     0.6542     39.250  1009.0733  20623.373    12.0996      0.866    7.22627    10.5154    10.5149     9.0692   13.20384 6.5737e+02      0.874 0.0000e+00
        159 173.546927    0.01097     0.6583     39.500  1009.0729  20622.604    12.0991      0.867    7.22623    10.5155    10.5152     9.0688   13.20379 6.5730e+02      0.875 0.0000e+00
        160 173.546930    0.01104     0.6625     39.750  1009.0725  20621.896    12.0987      0.867    7.22621    10.5156    10.5154     9.0684   13.20376 6.5650e+02      0.876 0.0000e+00
        161 173.546933    0.01111     0.6667     40.000  1009.0724  20621.785    12.0986      0.868    7.22619    10.5157    10.5156     9.0683   13.20372 6.5576e+02      0.877 0.0000e+00
        162 173.546936    0.01118     0.6708     40.250  1009.0728  20622.487    12.0991      0.868    7.22616    10.5161    10.5157     9.0687   13.20366 6.5721e+02      0.877 0.0000e+00
        163 173.546939    0.01125     0.6750     40.500  1009.0735  20624.019    12.1001      0.869    7.22609    10.5167    10.5158     9.0694   13.20353 6.6170e+02      0.877 0.0000e+00
        164 173.546942    0.01132     0.6792     40.750  1009.0743  20625.630    12.1011      0.869    7.22598    10.5176    10.5161     9.0702   13.20334 6.6807e+02      0.878 0.0000e+00
        165 173.546944    0.01139     0.6833     41.000  1009.0741  20625.447    12.1010      0.869    7.22588    10.5187    10.5168     9.0700   13.20317 6.7130e+02      0.878 0.0000e+00
        166 173.546947    0.01146     0.6875     41.250  1009.0723  20622.006    12.0989      0.869    7.22583    10.5196    10.5177     9.0683   13.20312 6.7267e+02      0.877 0.0000e+00
        167 173.546950    0.01153     0.6917     41.500  1009.0691  20615.725    12.0949      0.868    7.22585    10.5205    10.5187     9.0651   13.20320 6.7597e+02      0.877 0.0000e+00
        168 173.546953    0.01160     0.6958     41.750  1009.0654  20608.412    12.0902      0.868    7.22590    10.5211    10.5197     9.0614   13.20335 6.7995e+02      0.876 0.0000e+00
        169 173.546956    0.01167     0.7000     42.000  1009.0620  20601.614    12.0859      0.867    7.22596    10.5215    10.5205     9.0579   13.20351 6.8280e+02      0.875 0.0000e+00
        170 173.546959    0.01174     0.7042     42.250  1009.0590  20595.584    12.0821      0.866    7.22603    10.5219    10.5212     9.0549   13.20368 6.8497e+02      0.874 0.0000e+00
