CTD-processing/allCTD/CNV--homogene/2018_07-18_t6_s03_cast145.cnv
* Sea-Bird SBE19plus Data File:
* FileName = C:\Users\Kim.Powell\Desktop\Not Processed\2018\2018_07-18_AlongBay,T6,T7_5028\2018_07-18_TRANSECT_STATION_cast145.hex
* Software Version 1.59
* Temperature SN =  5028
* Conductivity SN =  5028
* System UpLoad Time = Jul 19 2018 13:04:40
** 2018_07-18
** Station: 6-03
** Start Time: 10:34
** Depth (m): 102.7
** Comment:
** Comment:
# nquan = 17
# nvalues = 2016                        
# units = specified
# name 0 = scan: Scan Count
# name 1 = timeJ: Julian Days
# name 2 = timeH: Time, Elapsed [hours]
# name 3 = timeM: Time, Elapsed [minutes]
# name 4 = timeS: Time, Elapsed [seconds]
# name 5 = density00: Density [density, kg/m^3]
# name 6 = specc: Specific Conductance [uS/cm]
# name 7 = sal00: Salinity, Practical [PSU]
# name 8 = depSM: Depth [salt water, m], lat = 59.00
# name 9 = oxsolML/L: Oxygen Saturation, Garcia & Gordon [ml/l]
# name 10 = potemp090C: Potential Temperature [ITS-90, deg C]
# name 11 = tv290C: Temperature [ITS-90, deg C]
# name 12 = sigma-é00: Density [sigma-theta, kg/m^3]
# name 13 = n2satML/L: Nitrogen Saturation [ml/l]
# name 14 = par: PAR/Irradiance, Biospherical/Licor
# name 15 = prdM: Pressure, Strain Gauge [db]
# name 16 = flag:  0.000e+00
# span 0 =          1,       2016       
# span 1 = 199.440532, 199.446363       
# span 2 =    0.00000,    0.13993       
# span 3 =     0.0000,     8.3958       
# span 4 =      0.000,    503.750       
# span 5 =   999.9778,  1025.1273       
# span 6 =    731.174,  50263.558       
# span 7 =     0.3520,    31.7395       
# span 8 =      0.003,     94.506       
# span 9 =    6.54762,    7.87812       
# span 10 =     8.1544,    10.0203      
# span 11 =     8.1635,    10.0203      
# span 12 =    -0.0222,    24.6920      
# span 13 =   11.82449,   14.46766      
# span 14 = 5.6839e-02, 1.7435e+03      
# span 15 =      0.003,     95.420      
# span 16 = 0.0000e+00, 0.0000e+00      
# interval = seconds: 0.25
# start_time = Jul 18 2018 10:34:22 [Instrument's time stamp, header]
# bad_flag = -9.990e-29
*END*
[from data line 1277]
       1278 199.444227    0.08868     5.3208    319.250  1024.3062  49559.163    31.4340      0.703    6.58197     9.1519     9.1565    24.3030   11.88262 8.4924e+02      0.710 0.0000e+00
       1279 199.444230    0.08875     5.3250    319.500  1024.3070  49560.481    31.4346      0.695    6.58230     9.1496     9.1541    24.3038   11.88316 9.1204e+02      0.702 0.0000e+00
       1280 199.444233    0.08882     5.3292    319.750  1024.3072  49560.578    31.4344      0.693    6.58262     9.1467     9.1519    24.3040   11.88370 9.4082e+02      0.699 0.0000e+00
       1281 199.444236    0.08889     5.3333    320.000  1024.3069  49559.797    31.4335      0.697    6.58299     9.1433     9.1497    24.3037   11.88433 1.0201e+03      0.704 0.0000e+00
       1282 199.444239    0.08896     5.3375    320.250  1024.3067  49559.225    31.4327      0.709    6.58344     9.1396     9.1468    24.3035   11.88508 1.1495e+03      0.716 0.0000e+00
       1283 199.444242    0.08903     5.3417    320.500  1024.3073  49559.830    31.4327      0.724    6.58395     9.1363     9.1434    24.3040   11.88591 1.1799e+03      0.731 0.0000e+00
       1284 199.444245    0.08910     5.3458    320.750  1024.3086  49561.822    31.4335      0.738    6.58445     9.1338     9.1397    24.3052   11.88673 1.0735e+03      0.745 0.0000e+00
       1285 199.444248    0.08917     5.3500    321.000  1024.3105  49564.975    31.4353      0.744    6.58486     9.1324     9.1364    24.3071   11.88740 9.2206e+02      0.751 0.0000e+00
       1286 199.444251    0.08924     5.3542    321.250  1024.3126  49568.671    31.4375      0.738    6.58514     9.1322     9.1338    24.3092   11.88782 7.9534e+02      0.745 0.0000e+00
       1287 199.444253    0.08931     5.3583    321.500  1024.3143  49571.661    31.4395      0.723    6.58525     9.1326     9.1325    24.3109   11.88798 7.2040e+02      0.730 0.0000e+00
       1288 199.444256    0.08937     5.3625    321.750  1024.3149  49572.876    31.4403      0.703    6.58524     9.1330     9.1323    24.3116   11.88796 7.0026e+02      0.710 0.0000e+00
       1289 199.444259    0.08944     5.3667    322.000  1024.3145  49572.374    31.4400      0.688    6.58519     9.1332     9.1327    24.3113   11.88789 7.2049e+02      0.694 0.0000e+00
       1290 199.444262    0.08951     5.3708    322.250  1024.3139  49571.375    31.4393      0.682    6.58517     9.1333     9.1331    24.3108   11.88786 7.7417e+02      0.689 0.0000e+00
       1291 199.444265    0.08958     5.3750    322.500  1024.3138  49571.128    31.4392      0.688    6.58516     9.1338     9.1332    24.3106   11.88784 8.3422e+02      0.694 0.0000e+00
       1292 199.444268    0.08965     5.3792    322.750  1024.3143  49572.039    31.4398      0.702    6.58511     9.1351     9.1333    24.3111   11.88776 8.8574e+02      0.708 0.0000e+00
       1293 199.444271    0.08972     5.3833    323.000  1024.3152  49573.582    31.4410      0.717    6.58499     9.1370     9.1338    24.3120   11.88754 9.3163e+02      0.724 0.0000e+00
       1294 199.444274    0.08979     5.3875    323.250  1024.3158  49574.686    31.4419      0.727    6.58476     9.1391     9.1351    24.3125   11.88716 9.4064e+02      0.733 0.0000e+00
       1295 199.444277    0.08986     5.3917    323.500  1024.3156  49574.411    31.4420      0.726    6.58448     9.1409     9.1370    24.3123   11.88669 8.8738e+02      0.732 0.0000e+00
       1296 199.444280    0.08993     5.3958    323.750  1024.3145  49572.715    31.4411      0.715    6.58420     9.1422     9.1391    24.3112   11.88624 8.0005e+02      0.722 0.0000e+00
       1297 199.444282    0.09000     5.4000    324.000  1024.3134  49571.021    31.4402      0.700    6.58398     9.1436     9.1410    24.3102   11.88588 7.3653e+02      0.707 0.0000e+00
       1298 199.444285    0.09007     5.4042    324.250  1024.3133  49570.930    31.4403      0.687    6.58378     9.1457     9.1423    24.3101   11.88555 6.9193e+02      0.694 0.0000e+00
       1299 199.444288    0.09014     5.4083    324.500  1024.3142  49572.665    31.4417      0.683    6.58353     9.1492     9.1436    24.3110   11.88511 6.3757e+02      0.690 0.0000e+00
       1300 199.444291    0.09021     5.4125    324.750  1024.3159  49575.886    31.4443      0.690    6.58311     9.1544     9.1457    24.3127   11.88440 5.8738e+02      0.696 0.0000e+00
       1301 199.444294    0.09028     5.4167    325.000  1024.3177  49579.468    31.4473      0.703    6.58247     9.1611     9.1492    24.3145   11.88330 5.5630e+02      0.710 0.0000e+00
       1302 199.444297    0.09035     5.4208    325.250  1024.3186  49581.443    31.4494      0.718    6.58161     9.1682     9.1545    24.3153   11.88185 5.5927e+02      0.725 0.0000e+00
       1303 199.444300    0.09042     5.4250    325.500  1024.3179  49580.577    31.4497      0.728    6.58062     9.1750     9.1612    24.3146   11.88021 5.9443e+02      0.735 0.0000e+00
       1304 199.444303    0.09049     5.4292    325.750  1024.3159  49577.492    31.4485      0.731    6.57963     9.1811     9.1683    24.3126   11.87858 6.4951e+02      0.738 0.0000e+00
       1305 199.444306    0.09056     5.4333    326.000  1024.3135  49573.765    31.4469      0.726    6.57871     9.1863     9.1751    24.3102   11.87707 7.0843e+02      0.733 0.0000e+00
       1306 199.444308    0.09062     5.4375    326.250  1024.3109  49569.536    31.4447      0.716    6.57791     9.1904     9.1812    24.3076   11.87576 7.5024e+02      0.723 0.0000e+00
       1307 199.444311    0.09069     5.4417    326.500  1024.3084  49565.590    31.4427      0.706    6.57724     9.1939     9.1864    24.3052   11.87469 7.8738e+02      0.712 0.0000e+00
       1308 199.444314    0.09076     5.4458    326.750  1024.3068  49563.111    31.4415      0.698    6.57669     9.1970     9.1905    24.3036   11.87379 8.2158e+02      0.704 0.0000e+00
       1309 199.444317    0.09083     5.4500    327.000  1024.3057  49561.443    31.4408      0.695    6.57622     9.1998     9.1939    24.3025   11.87301 8.1389e+02      0.702 0.0000e+00
       1310 199.444320    0.09090     5.4542    327.250  1024.3048  49559.980    31.4402      0.699    6.57579     9.2023     9.1971    24.3016   11.87231 7.7784e+02      0.705 0.0000e+00
       1311 199.444323    0.09097     5.4583    327.500  1024.3038  49558.337    31.4394      0.707    6.57540     9.2044     9.1999    24.3006   11.87168 7.5374e+02      0.713 0.0000e+00
       1312 199.444326    0.09104     5.4625    327.750  1024.3027  49556.565    31.4385      0.714    6.57508     9.2062     9.2024    24.2995   11.87116 7.4383e+02      0.721 0.0000e+00
       1313 199.444329    0.09111     5.4667    328.000  1024.3020  49555.360    31.4380      0.719    6.57480     9.2078     9.2044    24.2987   11.87071 7.5555e+02      0.726 0.0000e+00
       1314 199.444332    0.09118     5.4708    328.250  1024.3015  49554.665    31.4377      0.718    6.57455     9.2092     9.2062    24.2982   11.87031 7.9086e+02      0.725 0.0000e+00
       1315 199.444334    0.09125     5.4750    328.500  1024.3008  49553.579    31.4372      0.715    6.57433     9.2101     9.2078    24.2976   11.86995 8.3952e+02      0.722 0.0000e+00
       1316 199.444337    0.09132     5.4792    328.750  1024.2998  49551.910    31.4362      0.712    6.57417     9.2107     9.2093    24.2966   11.86969 8.5781e+02      0.719 0.0000e+00
       1317 199.444340    0.09139     5.4833    329.000  1024.2992  49550.867    31.4356      0.711    6.57406     9.2116     9.2102    24.2959   11.86951 8.1822e+02      0.718 0.0000e+00
       1318 199.444343    0.09146     5.4875    329.250  1024.2998  49551.850    31.4364      0.713    6.57395     9.2133     9.2108    24.2965   11.86932 7.6318e+02      0.720 0.0000e+00
       1319 199.444346    0.09153     5.4917    329.500  1024.3008  49553.877    31.4380      0.715    6.57375     9.2153     9.2117    24.2975   11.86898 7.2948e+02      0.722 0.0000e+00
       1320 199.444349    0.09160     5.4958    329.750  1024.3009  49554.181    31.4384      0.717    6.57349     9.2170     9.2133    24.2976   11.86854 7.2558e+02      0.724 0.0000e+00
       1321 199.444352    0.09167     5.5000    330.000  1024.2999  49552.552    31.4375      0.716    6.57323     9.2181     9.2154    24.2966   11.86812 7.5162e+02      0.723 0.0000e+00
       1322 199.444355    0.09174     5.5042    330.250  1024.2988  49550.689    31.4364      0.714    6.57303     9.2187     9.2171    24.2955   11.86779 7.7894e+02      0.721 0.0000e+00
       1323 199.444358    0.09181     5.5083    330.500  1024.2978  49548.996    31.4354      0.711    6.57291     9.2186     9.2182    24.2946   11.86761 7.5193e+02      0.718 0.0000e+00
       1324 199.444361    0.09187     5.5125    330.750  1024.2969  49547.406    31.4344      0.708    6.57287     9.2181     9.2187    24.2937   11.86756 6.9858e+02      0.715 0.0000e+00
       1325 199.444363    0.09194     5.5167    331.000  1024.2963  49546.335    31.4336      0.707    6.57291     9.2173     9.2187    24.2931   11.86764 7.0144e+02      0.714 0.0000e+00
       1326 199.444366    0.09201     5.5208    331.250  1024.2962  49546.097    31.4334      0.707    6.57300     9.2166     9.2182    24.2930   11.86778 7.4545e+02      0.714 0.0000e+00
       1327 199.444369    0.09208     5.5250    331.500  1024.2964  49546.371    31.4335      0.707    6.57310     9.2156     9.2174    24.2931   11.86795 7.6453e+02      0.714 0.0000e+00
       1328 199.444372    0.09215     5.5292    331.750  1024.2963  49546.066    31.4331      0.707    6.57323     9.2138     9.2166    24.2930   11.86817 7.3919e+02      0.714 0.0000e+00
       1329 199.444375    0.09222     5.5333    332.000  1024.2950  49543.739    31.4314      0.708    6.57345     9.2103     9.2157    24.2918   11.86855 7.1734e+02      0.715 0.0000e+00
       1330 199.444378    0.09229     5.5375    332.250  1024.2928  49539.605    31.4282      0.711    6.57385     9.2051     9.2138    24.2896   11.86925 7.3931e+02      0.718 0.0000e+00
       1331 199.444381    0.09236     5.5417    332.500  1024.2914  49536.609    31.4256      0.716    6.57447     9.1994     9.2103    24.2881   11.87032 7.8489e+02      0.723 0.0000e+00
       1332 199.444384    0.09243     5.5458    332.750  1024.2919  49537.170    31.4253      0.723    6.57523     9.1942     9.2051    24.2886   11.87159 8.1957e+02      0.730 0.0000e+00
       1333 199.444387    0.09250     5.5500    333.000  1024.2940  49540.437    31.4268      0.729    6.57600     9.1897     9.1995    24.2907   11.87283 8.2853e+02      0.736 0.0000e+00
       1334 199.444389    0.09257     5.5542    333.250  1024.2961  49543.646    31.4283      0.732    6.57669     9.1852     9.1943    24.2927   11.87396 8.2724e+02      0.739 0.0000e+00
       1335 199.444392    0.09264     5.5583    333.500  1024.2969  49544.740    31.4285      0.729    6.57735     9.1800     9.1897    24.2935   11.87505 8.1472e+02      0.735 0.0000e+00
       1336 199.444395    0.09271     5.5625    333.750  1024.2967  49544.075    31.4274      0.719    6.57806     9.1742     9.1852    24.2934   11.87623 7.6598e+02      0.725 0.0000e+00
       1337 199.444398    0.09278     5.5667    334.000  1024.2968  49543.995    31.4266      0.705    6.57884     9.1681     9.1801    24.2936   11.87754 6.7385e+02      0.712 0.0000e+00
       1338 199.444401    0.09285     5.5708    334.250  1024.2977  49545.252    31.4267      0.692    6.57969     9.1619     9.1743    24.2945   11.87894 5.5499e+02      0.699 0.0000e+00
       1339 199.444404    0.09292     5.5750    334.500  1024.2987  49546.523    31.4267      0.685    6.58057     9.1556     9.1682    24.2955   11.88040 4.3542e+02      0.692 0.0000e+00
       1340 199.444407    0.09299     5.5792    334.750  1024.3000  49548.436    31.4272      0.685    6.58146     9.1502     9.1620    24.2968   11.88187 3.5113e+02      0.692 0.0000e+00
       1341 199.444410    0.09306     5.5833    335.000  1024.3028  49552.901    31.4295      0.692    6.58228     9.1468     9.1557    24.2996   11.88319 3.0913e+02      0.698 0.0000e+00
       1342 199.444413    0.09312     5.5875    335.250  1024.3066  49559.433    31.4333      0.703    6.58290     9.1456     9.1503    24.3034   11.88417 2.8298e+02      0.709 0.0000e+00
       1343 199.444416    0.09319     5.5917    335.500  1024.3104  49565.956    31.4374      0.714    6.58323     9.1465     9.1469    24.3071   11.88467 2.6532e+02      0.721 0.0000e+00
       1344 199.444418    0.09326     5.5958    335.750  1024.3135  49571.393    31.4411      0.723    6.58325     9.1493     9.1457    24.3102   11.88466 2.6462e+02      0.729 0.0000e+00
       1345 199.444421    0.09333     5.6000    336.000  1024.3158  49575.540    31.4441      0.726    6.58298     9.1535     9.1466    24.3125   11.88418 2.7920e+02      0.733 0.0000e+00
       1346 199.444424    0.09340     5.6042    336.250  1024.3171  49578.243    31.4464      0.726    6.58248     9.1589     9.1494    24.3138   11.88333 3.0374e+02      0.732 0.0000e+00
       1347 199.444427    0.09347     5.6083    336.500  1024.3177  49579.608    31.4480      0.722    6.58179     9.1649     9.1536    24.3144   11.88217 3.4953e+02      0.728 0.0000e+00
       1348 199.444430    0.09354     5.6125    336.750  1024.3173  49579.451    31.4486      0.716    6.58098     9.1709     9.1590    24.3141   11.88081 4.0707e+02      0.723 0.0000e+00
       1349 199.444433    0.09361     5.6167    337.000  1024.3159  49577.366    31.4480      0.712    6.58013     9.1763     9.1650    24.3126   11.87941 4.5455e+02      0.718 0.0000e+00
       1350 199.444436    0.09368     5.6208    337.250  1024.3136  49573.683    31.4463      0.708    6.57933     9.1806     9.1710    24.3103   11.87811 5.1259e+02      0.715 0.0000e+00
       1351 199.444439    0.09375     5.6250    337.500  1024.3111  49569.683    31.4442      0.706    6.57864     9.1842     9.1763    24.3079   11.87700 5.9559e+02      0.713 0.0000e+00
       1352 199.444442    0.09382     5.6292    337.750  1024.3092  49566.533    31.4426      0.706    6.57807     9.1871     9.1807    24.3059   11.87607 6.5496e+02      0.712 0.0000e+00
       1353 199.444444    0.09389     5.6333    338.000  1024.3075  49563.692    31.4411      0.708    6.57761     9.1891     9.1843    24.3042   11.87533 6.7248e+02      0.714 0.0000e+00
       1354 199.444447    0.09396     5.6375    338.250  1024.3056  49560.543    31.4392      0.712    6.57727     9.1902     9.1871    24.3023   11.87478 6.7513e+02      0.719 0.0000e+00
       1355 199.444450    0.09403     5.6417    338.500  1024.3040  49557.652    31.4374      0.718    6.57705     9.1904     9.1891    24.3006   11.87444 6.5753e+02      0.725 0.0000e+00
       1356 199.444453    0.09410     5.6458    338.750  1024.3026  49555.168    31.4358      0.725    6.57696     9.1897     9.1902    24.2992   11.87431 6.1896e+02      0.732 0.0000e+00
       1357 199.444456    0.09417     5.6500    339.000  1024.3012  49552.733    31.4342      0.729    6.57701     9.1878     9.1905    24.2979   11.87440 5.6976e+02      0.736 0.0000e+00
       1358 199.444459    0.09424     5.6542    339.250  1024.2997  49549.878    31.4321      0.730    6.57720     9.1844     9.1898    24.2964   11.87475 5.2710e+02      0.736 0.0000e+00
       1359 199.444462    0.09431     5.6583    339.500  1024.2978  49546.300    31.4293      0.725    6.57759     9.1791     9.1879    24.2945   11.87543 5.0899e+02      0.731 0.0000e+00
       1360 199.444465    0.09438     5.6625    339.750  1024.2959  49542.720    31.4263      0.716    6.57822     9.1723     9.1845    24.2927   11.87650 5.0965e+02      0.723 0.0000e+00
       1361 199.444468    0.09444     5.6667    340.000  1024.2950  49540.660    31.4241      0.708    6.57908     9.1647     9.1792    24.2918   11.87795 5.1530e+02      0.715 0.0000e+00
