CTD-processing/allCTD/CNV--homogene/2018_03-02_alongbay_skb08_cast008.cnv
* Sea-Bird SBE19plus Data File:
* FileName = C:\Users\Kim.Powell\Desktop\Not Processed\2018\2018_03-02_AlongBay,T9_5028\2018_03-02_TRANSECT_STATION_cast008.hex
* Software Version 1.59
* Temperature SN =  5028
* Conductivity SN =  5028
* System UpLoad Time = Mar 05 2018 11:27:20
** 2018_03-02
** Station: KB08
** Start Time: 12:46
** Depth (m): 88.4
** Comment:**CTD time 1 hour off
** Comment:
# nquan = 17
# nvalues = 688                         
# units = specified
# name 0 = scan: Scan Count
# name 1 = timeJ: Julian Days
# name 2 = timeH: Time, Elapsed [hours]
# name 3 = timeM: Time, Elapsed [minutes]
# name 4 = timeS: Time, Elapsed [seconds]
# name 5 = density00: Density [density, kg/m^3]
# name 6 = specc: Specific Conductance [uS/cm]
# name 7 = sal00: Salinity, Practical [PSU]
# name 8 = depSM: Depth [salt water, m], lat = 59.00
# name 9 = oxsolML/L: Oxygen Saturation, Garcia & Gordon [ml/l]
# name 10 = potemp090C: Potential Temperature [ITS-90, deg C]
# name 11 = tv290C: Temperature [ITS-90, deg C]
# name 12 = sigma-é00: Density [sigma-theta, kg/m^3]
# name 13 = n2satML/L: Nitrogen Saturation [ml/l]
# name 14 = par: PAR/Irradiance, Biospherical/Licor
# name 15 = prdM: Pressure, Strain Gauge [db]
# name 16 = flag:  0.000e+00
# span 0 =          1,        688       
# span 1 =  61.574259,  61.576247       
# span 2 =    0.00000,    0.04771       
# span 3 =     0.0000,     2.8625       
# span 4 =      0.000,    171.750       
# span 5 =  1001.1495,  1025.4981       
# span 6 =   3266.718,  51432.619       
# span 7 =     1.6795,    31.5954       
# span 8 =      0.040,     81.630       
# span 9 =    7.50778,   10.36541       
# span 10 =    -0.7925,     3.4816      
# span 11 =    -0.8461,     3.4862      
# span 12 =     1.1493,    25.1337      
# span 13 =   13.41069,   18.61854      
# span 14 = 3.7976e-02, 3.8275e+02      
# span 15 =      0.041,     82.417      
# span 16 = 0.0000e+00, 0.0000e+00      
# interval = seconds: 0.25
# start_time = Mar 02 2018 13:46:56 [Instrument's time stamp, header]
# bad_flag = -9.990e-29
*END*
[from data line 596]
        597  61.575984    0.04139     2.4833    149.000  1025.4202  51392.505    31.5767     64.249    7.51714     3.4346     3.4375    25.1161   13.42622 3.7976e-02     64.865 0.0000e+00
        598  61.575987    0.04146     2.4875    149.250  1025.4209  51392.063    31.5765     64.452    7.51706     3.4348     3.4381    25.1158   13.42609 3.7976e-02     65.070 0.0000e+00
        599  61.575990    0.04153     2.4917    149.500  1025.4217  51391.653    31.5762     64.668    7.51700     3.4348     3.4385    25.1156   13.42600 3.7976e-02     65.289 0.0000e+00
        600  61.575992    0.04160     2.4958    149.750  1025.4223  51390.941    31.5757     64.895    7.51698     3.4342     3.4387    25.1151   13.42598 3.7976e-02     65.517 0.0000e+00
        601  61.575995    0.04167     2.5000    150.000  1025.4222  51388.908    31.5742     65.123    7.51706     3.4328     3.4387    25.1139   13.42613 3.7976e-02     65.748 0.0000e+00
        602  61.575998    0.04174     2.5042    150.250  1025.4216  51386.252    31.5721     65.344    7.51728     3.4310     3.4381    25.1123   13.42651 3.7976e-02     65.971 0.0000e+00
        603  61.576001    0.04181     2.5083    150.500  1025.4218  51385.245    31.5710     65.552    7.51759     3.4294     3.4367    25.1115   13.42704 3.7976e-02     66.182 0.0000e+00
        604  61.576004    0.04188     2.5125    150.750  1025.4233  51386.863    31.5715     65.745    7.51789     3.4282     3.4349    25.1121   13.42754 3.7976e-02     66.377 0.0000e+00
        605  61.576007    0.04194     2.5167    151.000  1025.4252  51389.183    31.5726     65.922    7.51814     3.4274     3.4333    25.1131   13.42793 3.7976e-02     66.556 0.0000e+00
        606  61.576010    0.04201     2.5208    151.250  1025.4265  51390.517    31.5731     66.089    7.51832     3.4265     3.4321    25.1136   13.42823 3.7976e-02     66.724 0.0000e+00
        607  61.576013    0.04208     2.5250    151.500  1025.4271  51390.564    31.5728     66.254    7.51849     3.4252     3.4313    25.1135   13.42851 3.7976e-02     66.891 0.0000e+00
        608  61.576016    0.04215     2.5292    151.750  1025.4270  51389.161    31.5716     66.425    7.51872     3.4231     3.4304    25.1126   13.42890 3.7976e-02     67.064 0.0000e+00
        609  61.576019    0.04222     2.5333    152.000  1025.4264  51386.757    31.5695     66.610    7.51907     3.4203     3.4291    25.1110   13.42951 3.7976e-02     67.250 0.0000e+00
        610  61.576021    0.04229     2.5375    152.250  1025.4260  51384.840    31.5676     66.809    7.51955     3.4175     3.4270    25.1097   13.43033 3.7976e-02     67.451 0.0000e+00
        611  61.576024    0.04236     2.5417    152.500  1025.4272  51385.886    31.5675     67.021    7.52008     3.4161     3.4242    25.1098   13.43120 3.7976e-02     67.665 0.0000e+00
        612  61.576027    0.04243     2.5458    152.750  1025.4311  51392.073    31.5708     67.240    7.52041     3.4173     3.4215    25.1128   13.43171 3.7976e-02     67.886 0.0000e+00
        613  61.576030    0.04250     2.5500    153.000  1025.4375  51402.318    31.5773     67.461    7.52034     3.4213     3.4201    25.1181   13.43149 3.7976e-02     68.109 0.0000e+00
        614  61.576033    0.04257     2.5542    153.250  1025.4439  51412.304    31.5843     67.673    7.51976     3.4274     3.4213    25.1235   13.43044 3.7976e-02     68.323 0.0000e+00
        615  61.576036    0.04264     2.5583    153.500  1025.4485  51418.330    31.5893     67.871    7.51875     3.4343     3.4254    25.1272   13.42872 3.7976e-02     68.523 0.0000e+00
        616  61.576039    0.04271     2.5625    153.750  1025.4508  51420.022    31.5919     68.052    7.51750     3.4412     3.4314    25.1287   13.42663 3.7976e-02     68.706 0.0000e+00
        617  61.576042    0.04278     2.5667    154.000  1025.4516  51418.686    31.5927     68.219    7.51618     3.4479     3.4384    25.1287   13.42443 3.7976e-02     68.875 0.0000e+00
        618  61.576045    0.04285     2.5708    154.250  1025.4518  51416.355    31.5928     68.380    7.51489     3.4542     3.4453    25.1281   13.42230 3.7976e-02     69.037 0.0000e+00
        619  61.576047    0.04292     2.5750    154.500  1025.4523  51414.564    31.5932     68.543    7.51364     3.4602     3.4520    25.1278   13.42023 3.7976e-02     69.201 0.0000e+00
        620  61.576050    0.04299     2.5792    154.750  1025.4524  51412.171    31.5931     68.714    7.51246     3.4654     3.4584    25.1272   13.41829 3.7976e-02     69.374 0.0000e+00
        621  61.576053    0.04306     2.5833    155.000  1025.4519  51408.527    31.5920     68.899    7.51141     3.4697     3.4643    25.1259   13.41656 3.7976e-02     69.561 0.0000e+00
        622  61.576056    0.04312     2.5875    155.250  1025.4512  51404.561    31.5906     69.097    7.51051     3.4730     3.4695    25.1242   13.41511 3.7976e-02     69.761 0.0000e+00
        623  61.576059    0.04319     2.5917    155.500  1025.4504  51400.579    31.5888     69.304    7.50980     3.4753     3.4738    25.1225   13.41396 3.7976e-02     69.970 0.0000e+00
        624  61.576062    0.04326     2.5958    155.750  1025.4497  51396.957    31.5871     69.512    7.50928     3.4769     3.4771    25.1208   13.41312 3.7976e-02     70.180 0.0000e+00
        625  61.576065    0.04333     2.6000    156.000  1025.4495  51394.468    31.5859     69.716    7.50892     3.4780     3.4794    25.1197   13.41254 3.7976e-02     70.386 0.0000e+00
        626  61.576068    0.04340     2.6042    156.250  1025.4498  51393.064    31.5852     69.910    7.50865     3.4789     3.4810    25.1190   13.41211 3.7976e-02     70.582 0.0000e+00
        627  61.576071    0.04347     2.6083    156.500  1025.4502  51392.039    31.5847     70.093    7.50846     3.4794     3.4822    25.1185   13.41181 3.7976e-02     70.767 0.0000e+00
        628  61.576073    0.04354     2.6125    156.750  1025.4505  51391.055    31.5842     70.266    7.50833     3.4797     3.4831    25.1180   13.41160 3.7976e-02     70.942 0.0000e+00
        629  61.576076    0.04361     2.6167    157.000  1025.4508  51390.191    31.5836     70.434    7.50825     3.4798     3.4836    25.1175   13.41147 3.7976e-02     71.111 0.0000e+00
        630  61.576079    0.04368     2.6208    157.250  1025.4513  51389.694    31.5833     70.601    7.50821     3.4798     3.4839    25.1172   13.41141 3.7976e-02     71.279 0.0000e+00
        631  61.576082    0.04375     2.6250    157.500  1025.4520  51389.700    31.5832     70.773    7.50820     3.4798     3.4840    25.1171   13.41139 3.7976e-02     71.453 0.0000e+00
        632  61.576085    0.04382     2.6292    157.750  1025.4530  51390.014    31.5834     70.953    7.50820     3.4798     3.4840    25.1172   13.41138 3.7976e-02     71.635 0.0000e+00
        633  61.576088    0.04389     2.6333    158.000  1025.4539  51390.192    31.5834     71.143    7.50819     3.4798     3.4840    25.1172   13.41137 3.7976e-02     71.827 0.0000e+00
        634  61.576091    0.04396     2.6375    158.250  1025.4547  51390.138    31.5833     71.342    7.50819     3.4797     3.4841    25.1171   13.41138 3.7976e-02     72.027 0.0000e+00
        635  61.576094    0.04403     2.6417    158.500  1025.4557  51390.276    31.5832     71.546    7.50820     3.4797     3.4841    25.1171   13.41139 3.7976e-02     72.234 0.0000e+00
        636  61.576097    0.04410     2.6458    158.750  1025.4568  51390.609    31.5833     71.752    7.50820     3.4795     3.4840    25.1172   13.41139 3.7976e-02     72.442 0.0000e+00
        637  61.576100    0.04417     2.6500    159.000  1025.4577  51390.686    31.5833     71.956    7.50821     3.4793     3.4840    25.1172   13.41142 3.7976e-02     72.648 0.0000e+00
        638  61.576102    0.04424     2.6542    159.250  1025.4584  51390.421    31.5830     72.156    7.50825     3.4788     3.4839    25.1169   13.41148 3.7976e-02     72.849 0.0000e+00
        639  61.576105    0.04431     2.6583    159.500  1025.4590  51390.087    31.5826     72.352    7.50832     3.4782     3.4836    25.1167   13.41160 3.7976e-02     73.047 0.0000e+00
        640  61.576108    0.04437     2.6625    159.750  1025.4598  51390.015    31.5823     72.546    7.50841     3.4776     3.4832    25.1165   13.41176 3.7976e-02     73.243 0.0000e+00
        641  61.576111    0.04444     2.6667    160.000  1025.4608  51390.391    31.5823     72.739    7.50852     3.4772     3.4826    25.1165   13.41193 3.7976e-02     73.438 0.0000e+00
        642  61.576114    0.04451     2.6708    160.250  1025.4620  51391.268    31.5827     72.933    7.50861     3.4771     3.4820    25.1169   13.41207 3.7976e-02     73.634 0.0000e+00
        643  61.576117    0.04458     2.6750    160.500  1025.4636  51392.798    31.5835     73.127    7.50865     3.4774     3.4816    25.1176   13.41212 3.7976e-02     73.830 0.0000e+00
        644  61.576120    0.04465     2.6792    160.750  1025.4655  51394.666    31.5847     73.321    7.50861     3.4780     3.4815    25.1185   13.41205 3.7976e-02     74.026 0.0000e+00
        645  61.576123    0.04472     2.6833    161.000  1025.4670  51395.865    31.5855     73.514    7.50851     3.4787     3.4818    25.1191   13.41187 3.7976e-02     74.221 0.0000e+00
        646  61.576126    0.04479     2.6875    161.250  1025.4679  51395.965    31.5856     73.705    7.50839     3.4792     3.4824    25.1192   13.41166 3.7976e-02     74.414 0.0000e+00
        647  61.576128    0.04486     2.6917    161.500  1025.4685  51395.520    31.5854     73.895    7.50827     3.4797     3.4831    25.1189   13.41147 3.7976e-02     74.606 0.0000e+00
        648  61.576131    0.04493     2.6958    161.750  1025.4692  51395.143    31.5852     74.086    7.50818     3.4800     3.4837    25.1187   13.41132 3.7976e-02     74.799 0.0000e+00
        649  61.576134    0.04500     2.7000    162.000  1025.4700  51394.916    31.5850     74.283    7.50810     3.4802     3.4842    25.1186   13.41120 3.7976e-02     74.998 0.0000e+00
        650  61.576137    0.04507     2.7042    162.250  1025.4709  51394.672    31.5848     74.491    7.50805     3.4804     3.4845    25.1184   13.41111 3.7976e-02     75.207 0.0000e+00
        651  61.576140    0.04514     2.7083    162.500  1025.4717  51394.397    31.5846     74.711    7.50801     3.4804     3.4847    25.1181   13.41106 3.7976e-02     75.430 0.0000e+00
        652  61.576143    0.04521     2.7125    162.750  1025.4726  51394.126    31.5843     74.943    7.50800     3.4804     3.4849    25.1179   13.41103 3.7976e-02     75.665 0.0000e+00
        653  61.576146    0.04528     2.7167    163.000  1025.4736  51394.063    31.5842     75.179    7.50799     3.4804     3.4849    25.1178   13.41103 3.7976e-02     75.902 0.0000e+00
        654  61.576149    0.04535     2.7208    163.250  1025.4747  51394.410    31.5843     75.406    7.50799     3.4806     3.4849    25.1179   13.41102 3.7976e-02     76.132 0.0000e+00
        655  61.576152    0.04542     2.7250    163.500  1025.4759  51394.852    31.5845     75.616    7.50797     3.4809     3.4850    25.1180   13.41099 3.7976e-02     76.343 0.0000e+00
        656  61.576155    0.04549     2.7292    163.750  1025.4769  51395.090    31.5846     75.803    7.50793     3.4812     3.4852    25.1181   13.41092 3.7976e-02     76.533 0.0000e+00
        657  61.576157    0.04556     2.7333    164.000  1025.4777  51395.169    31.5846     75.972    7.50787     3.4815     3.4855    25.1182   13.41082 3.7976e-02     76.704 0.0000e+00
        658  61.576160    0.04562     2.7375    164.250  1025.4783  51395.005    31.5845     76.134    7.50781     3.4816     3.4858    25.1181   13.41073 3.7976e-02     76.867 0.0000e+00
        659  61.576163    0.04569     2.7417    164.500  1025.4788  51394.531    31.5842     76.301    7.50778     3.4815     3.4860    25.1178   13.41069 3.7976e-02     77.036 0.0000e+00
        660  61.576166    0.04576     2.7458    164.750  1025.4793  51393.920    31.5837     76.486    7.50778     3.4813     3.4862    25.1174   13.41070 3.7976e-02     77.222 0.0000e+00
        661  61.576169    0.04583     2.7500    165.000  1025.4798  51393.187    31.5831     76.694    7.50782     3.4807     3.4861    25.1169   13.41077 3.7976e-02     77.432 0.0000e+00
        662  61.576172    0.04590     2.7542    165.250  1025.4803  51392.388    31.5823     76.924    7.50791     3.4800     3.4859    25.1163   13.41092 3.7976e-02     77.664 0.0000e+00
        663  61.576175    0.04597     2.7583    165.500  1025.4811  51391.950    31.5818     77.168    7.50803     3.4794     3.4854    25.1159   13.41113 3.7976e-02     77.910 0.0000e+00
        664  61.576178    0.04604     2.7625    165.750  1025.4821  51392.047    31.5816     77.415    7.50817     3.4788     3.4847    25.1158   13.41136 3.7976e-02     78.160 0.0000e+00
        665  61.576181    0.04611     2.7667    166.000  1025.4833  51392.415    31.5815     77.657    7.50829     3.4784     3.4840    25.1158   13.41156 3.7976e-02     78.405 0.0000e+00
        666  61.576183    0.04618     2.7708    166.250  1025.4844  51392.748    31.5815     77.885    7.50839     3.4781     3.4835    25.1158   13.41173 3.7976e-02     78.635 0.0000e+00
        667  61.576186    0.04625     2.7750    166.500  1025.4853  51392.874    31.5814     78.093    7.50847     3.4778     3.4831    25.1158   13.41186 3.7976e-02     78.845 0.0000e+00
        668  61.576189    0.04632     2.7792    166.750  1025.4861  51392.961    31.5813     78.276    7.50853     3.4775     3.4828    25.1157   13.41197 3.7976e-02     79.030 0.0000e+00
        669  61.576192    0.04639     2.7833    167.000  1025.4869  51393.131    31.5813     78.440    7.50859     3.4772     3.4825    25.1157   13.41206 3.7976e-02     79.195 0.0000e+00
        670  61.576195    0.04646     2.7875    167.250  1025.4875  51393.205    31.5812     78.592    7.50864     3.4769     3.4822    25.1156   13.41215 3.7976e-02     79.349 0.0000e+00
        671  61.576198    0.04653     2.7917    167.500  1025.4882  51393.267    31.5811     78.747    7.50870     3.4767     3.4819    25.1156   13.41224 3.7976e-02     79.505 0.0000e+00
        672  61.576201    0.04660     2.7958    167.750  1025.4890  51393.486    31.5810     78.918    7.50875     3.4764     3.4817    25.1156   13.41232 3.7976e-02     79.678 0.0000e+00
        673  61.576204    0.04667     2.8000    168.000  1025.4900  51393.865    31.5811     79.112    7.50880     3.4763     3.4814    25.1157   13.41240 3.7976e-02     79.874 0.0000e+00
        674  61.576207    0.04674     2.8042    168.250  1025.4912  51394.374    31.5813     79.330    7.50883     3.4762     3.4812    25.1159   13.41244 3.7976e-02     80.095 0.0000e+00
        675  61.576209    0.04681     2.8083    168.500  1025.4923  51394.534    31.5813     79.565    7.50885     3.4759     3.4811    25.1158   13.41248 3.7976e-02     80.331 0.0000e+00
        676  61.576212    0.04688     2.8125    168.750  1025.4930  51393.908    31.5807     79.803    7.50890     3.4753     3.4810    25.1154   13.41258 3.7976e-02     80.571 0.0000e+00
        677  61.576215    0.04694     2.8167    169.000  1025.4935  51393.059    31.5799     80.034    7.50899     3.4746     3.4807    25.1148   13.41274 3.7976e-02     80.804 0.0000e+00
        678  61.576218    0.04701     2.8208    169.250  1025.4942  51392.638    31.5794     80.250    7.50913     3.4738     3.4801    25.1145   13.41297 3.7976e-02     81.023 0.0000e+00
        679  61.576221    0.04708     2.8250    169.500  1025.4949  51392.621    31.5790     80.449    7.50928     3.4731     3.4794    25.1143   13.41323 3.7976e-02     81.224 0.0000e+00
        680  61.576224    0.04715     2.8292    169.750  1025.4958  51392.893    31.5789     80.630    7.50943     3.4725     3.4786    25.1143   13.41348 3.7976e-02     81.407 0.0000e+00
