CTD-processing/allCTD/CNV--homogene/2018_06-25_t4_s09_cast134.cnv
* Sea-Bird SBE19plus Data File:
* FileName = C:\Users\Kim.Powell\Desktop\Not Processed\2018\2018_06-XX\2018_06-XX_TRANSECT_STATION_cast134.hex
* Software Version 1.59
* Temperature SN =  5028
* Conductivity SN =  5028
* System UpLoad Time = Jul 05 2018 09:51:29
** 2018_06-25
** Station: 4-09
** Start Time: 12:34
** Depth (m): 29
** Comment:
** Comment:
# nquan = 17
# nvalues = 454                         
# units = specified
# name 0 = scan: Scan Count
# name 1 = timeJ: Julian Days
# name 2 = timeH: Time, Elapsed [hours]
# name 3 = timeM: Time, Elapsed [minutes]
# name 4 = timeS: Time, Elapsed [seconds]
# name 5 = density00: Density [density, kg/m^3]
# name 6 = specc: Specific Conductance [uS/cm]
# name 7 = sal00: Salinity, Practical [PSU]
# name 8 = depSM: Depth [salt water, m], lat = 59.00
# name 9 = oxsolML/L: Oxygen Saturation, Garcia & Gordon [ml/l]
# name 10 = potemp090C: Potential Temperature [ITS-90, deg C]
# name 11 = tv290C: Temperature [ITS-90, deg C]
# name 12 = sigma-é00: Density [sigma-theta, kg/m^3]
# name 13 = n2satML/L: Nitrogen Saturation [ml/l]
# name 14 = par: PAR/Irradiance, Biospherical/Licor
# name 15 = prdM: Pressure, Strain Gauge [db]
# name 16 = flag:  0.000e+00
# span 0 =          1,        454       
# span 1 = 176.524005, 176.525315       
# span 2 =    0.00000,    0.03146       
# span 3 =     0.0000,     1.8875       
# span 4 =      0.000,    113.250       
# span 5 =  1021.2262,  1024.8915       
# span 6 =  44166.641,  50338.442       
# span 7 =    27.8823,    31.7214       
# span 8 =      0.597,     27.431       
# span 9 =    6.43189,    6.81478       
# span 10 =     7.5282,    11.2050      
# span 11 =     7.5306,    11.2051      
# span 12 =    21.2220,    24.7659      
# span 13 =   11.67474,   12.26430      
# span 14 = 6.5368e-01, 2.4753e+02      
# span 15 =      0.603,     27.692      
# span 16 = 0.0000e+00, 0.0000e+00      
# interval = seconds: 0.25
# start_time = Jun 25 2018 12:34:34 [Instrument's time stamp, header]
# bad_flag = -9.990e-29
*END*
[from data line 341]
        342 176.524991    0.02368     1.4208     85.250  1021.9445  45387.500    28.6803      3.885    6.49148    10.2067    10.5917    21.9267   11.76584 5.9981e+01      3.922 0.0000e+00
        343 176.524994    0.02375     1.4250     85.500  1022.1239  45688.936    28.8703      4.084    6.51041    10.0184    10.4031    22.1052   11.79497 5.6097e+01      4.123 0.0000e+00
        344 176.524997    0.02382     1.4292     85.750  1022.3035  45990.554    29.0592      4.288    6.53052     9.8427    10.2072    22.2838   11.82604 5.2425e+01      4.329 0.0000e+00
        345 176.525000    0.02389     1.4333     86.000  1022.4737  46276.955    29.2378      4.499    6.55007     9.6732    10.0189    22.4530   11.85631 4.9034e+01      4.542 0.0000e+00
        346 176.525003    0.02396     1.4375     86.250  1022.6353  46550.290    29.4082      4.716    6.56824     9.4985     9.8433    22.6136   11.88439 4.5960e+01      4.761 0.0000e+00
        347 176.525006    0.02403     1.4417     86.500  1022.7949  46821.919    29.5776      4.937    6.58569     9.3122     9.6738    22.7722   11.91126 4.3181e+01      4.984 0.0000e+00
        348 176.525009    0.02410     1.4458     86.750  1022.9577  47099.939    29.7502      5.160    6.60388     9.1203     9.4991    22.9340   11.93932 4.0630e+01      5.209 0.0000e+00
        349 176.525012    0.02417     1.4500     87.000  1023.1246  47385.401    29.9259      5.382    6.62373     8.9385     9.3128    23.0998   11.97008 3.8223e+01      5.433 0.0000e+00
        350 176.525014    0.02424     1.4542     87.250  1023.2905  47669.806    30.0996      5.603    6.64461     8.7803     9.1209    23.2647   12.00256 3.5872e+01      5.657 0.0000e+00
        351 176.525017    0.02431     1.4583     87.500  1023.4459  47936.819    30.2620      5.824    6.66459     8.6477     8.9391    23.4191   12.03368 3.3525e+01      5.879 0.0000e+00
        352 176.525020    0.02438     1.4625     87.750  1023.5835  48174.143    30.4063      6.046    6.68192     8.5323     8.7809    23.5556   12.06061 3.1186e+01      6.103 0.0000e+00
        353 176.525023    0.02444     1.4667     88.000  1023.7050  48384.802    30.5351      6.270    6.69618     8.4226     8.6483    23.6761   12.08265 2.8888e+01      6.329 0.0000e+00
        354 176.525026    0.02451     1.4708     88.250  1023.8208  48586.815    30.6599      6.497    6.70809     8.3132     8.5328    23.7908   12.10084 2.6678e+01      6.558 0.0000e+00
        355 176.525029    0.02458     1.4750     88.500  1023.9402  48796.504    30.7905      6.726    6.71894     8.2078     8.4232    23.9091   12.11719 2.4625e+01      6.790 0.0000e+00
        356 176.525032    0.02465     1.4792     88.750  1024.0611  49009.511    30.9232      6.953    6.72969     8.1122     8.3139    24.0289   12.13335 2.2806e+01      7.018 0.0000e+00
        357 176.525035    0.02472     1.4833     89.000  1024.1742  49209.113    31.0469      7.172    6.74028     8.0304     8.2085    24.1410   12.14937 2.1276e+01      7.239 0.0000e+00
        358 176.525038    0.02479     1.4875     89.250  1024.2737  49384.698    31.1551      7.379    6.75009     7.9636     8.1129    24.2396   12.16427 2.0046e+01      7.449 0.0000e+00
        359 176.525041    0.02486     1.4917     89.500  1024.3562  49530.245    31.2442      7.572    6.75866     7.9102     8.0311    24.3212   12.17736 1.9076e+01      7.644 0.0000e+00
        360 176.525043    0.02493     1.4958     89.750  1024.4198  49642.311    31.3121      7.754    6.76589     7.8677     7.9643    24.3839   12.18848 1.8300e+01      7.827 0.0000e+00
        361 176.525046    0.02500     1.5000     90.000  1024.4670  49725.268    31.3617      7.931    6.77188     7.8345     7.9110    24.4304   12.19777 1.7639e+01      8.006 0.0000e+00
        362 176.525049    0.02507     1.5042     90.250  1024.5030  49788.047    31.3989      8.112    6.77676     7.8097     7.8685    24.4655   12.20539 1.7029e+01      8.189 0.0000e+00
        363 176.525052    0.02514     1.5083     90.500  1024.5307  49836.014    31.4271      8.306    6.78061     7.7917     7.8353    24.4923   12.21141 1.6427e+01      8.385 0.0000e+00
        364 176.525055    0.02521     1.5125     90.750  1024.5514  49871.386    31.4478      8.517    6.78352     7.7791     7.8105    24.5121   12.21597 1.5811e+01      8.597 0.0000e+00
        365 176.525058    0.02528     1.5167     91.000  1024.5666  49896.737    31.4625      8.745    6.78563     7.7704     7.7925    24.5262   12.21927 1.5175e+01      8.828 0.0000e+00
        366 176.525061    0.02535     1.5208     91.250  1024.5776  49914.491    31.4728      8.988    6.78711     7.7643     7.7800    24.5360   12.22159 1.4533e+01      9.073 0.0000e+00
        367 176.525064    0.02542     1.5250     91.500  1024.5853  49926.465    31.4797      9.238    6.78814     7.7598     7.7713    24.5426   12.22321 1.3908e+01      9.325 0.0000e+00
        368 176.525067    0.02549     1.5292     91.750  1024.5909  49934.595    31.4843      9.482    6.78887     7.7562     7.7652    24.5471   12.22437 1.3330e+01      9.571 0.0000e+00
        369 176.525069    0.02556     1.5333     92.000  1024.5954  49940.865    31.4878      9.711    6.78941     7.7532     7.7607    24.5505   12.22523 1.2825e+01      9.803 0.0000e+00
        370 176.525072    0.02562     1.5375     92.250  1024.5995  49946.508    31.4911      9.922    6.78982     7.7506     7.7571    24.5536   12.22586 1.2401e+01     10.016 0.0000e+00
        371 176.525075    0.02569     1.5417     92.500  1024.6034  49952.123    31.4945     10.116    6.79013     7.7481     7.7542    24.5566   12.22633 1.2048e+01     10.211 0.0000e+00
        372 176.525078    0.02576     1.5458     92.750  1024.6075  49958.093    31.4981     10.298    6.79036     7.7456     7.7516    24.5599   12.22667 1.1743e+01     10.395 0.0000e+00
        373 176.525081    0.02583     1.5500     93.000  1024.6120  49964.739    31.5023     10.477    6.79056     7.7430     7.7491    24.5635   12.22695 1.1459e+01     10.576 0.0000e+00
        374 176.525084    0.02590     1.5542     93.250  1024.6167  49971.935    31.5068     10.662    6.79075     7.7406     7.7466    24.5674   12.22720 1.1171e+01     10.763 0.0000e+00
        375 176.525087    0.02597     1.5583     93.500  1024.6215  49979.005    31.5113     10.860    6.79094     7.7385     7.7440    24.5713   12.22747 1.0863e+01     10.963 0.0000e+00
        376 176.525090    0.02604     1.5625     93.750  1024.6259  49985.313    31.5152     11.074    6.79114     7.7369     7.7416    24.5747   12.22775 1.0525e+01     11.179 0.0000e+00
        377 176.525093    0.02611     1.5667     94.000  1024.6299  49990.705    31.5185     11.304    6.79132     7.7359     7.7395    24.5776   12.22800 1.0156e+01     11.412 0.0000e+00
        378 176.525095    0.02618     1.5708     94.250  1024.6337  49995.704    31.5216     11.549    6.79143     7.7357     7.7379    24.5803   12.22815 9.7569e+00     11.659 0.0000e+00
        379 176.525098    0.02625     1.5750     94.500  1024.6377  50001.147    31.5251     11.806    6.79142     7.7367     7.7370    24.5832   12.22809 9.3365e+00     11.917 0.0000e+00
        380 176.525101    0.02632     1.5792     94.750  1024.6426  50007.934    31.5297     12.069    6.79124     7.7390     7.7369    24.5868   12.22773 8.9099e+00     12.183 0.0000e+00
        381 176.525104    0.02639     1.5833     95.000  1024.6487  50017.079    31.5362     12.331    6.79080     7.7428     7.7378    24.5917   12.22692 8.4967e+00     12.448 0.0000e+00
        382 176.525107    0.02646     1.5875     95.250  1024.6556  50027.806    31.5439     12.582    6.79009     7.7476     7.7402    24.5975   12.22565 8.1185e+00     12.701 0.0000e+00
        383 176.525110    0.02653     1.5917     95.500  1024.6616  50037.075    31.5509     12.811    6.78918     7.7523     7.7441    24.6025   12.22406 7.7942e+00     12.932 0.0000e+00
        384 176.525113    0.02660     1.5958     95.750  1024.6655  50042.661    31.5555     13.010    6.78823     7.7559     7.7489    24.6054   12.22244 7.5320e+00     13.134 0.0000e+00
        385 176.525116    0.02667     1.6000     96.000  1024.6672  50044.578    31.5575     13.178    6.78742     7.7582     7.7536    24.6063   12.22107 7.3260e+00     13.303 0.0000e+00
        386 176.525119    0.02674     1.6042     96.250  1024.6678  50044.570    31.5581     13.318    6.78684     7.7593     7.7572    24.6062   12.22010 7.1606e+00     13.444 0.0000e+00
        387 176.525122    0.02681     1.6083     96.500  1024.6683  50044.528    31.5583     13.442    6.78647     7.7594     7.7595    24.6061   12.21948 7.0153e+00     13.569 0.0000e+00
        388 176.525124    0.02688     1.6125     96.750  1024.6692  50045.317    31.5590     13.561    6.78626     7.7586     7.7606    24.6065   12.21913 6.8703e+00     13.690 0.0000e+00
        389 176.525127    0.02694     1.6167     97.000  1024.6709  50047.438    31.5605     13.693    6.78618     7.7567     7.7607    24.6076   12.21898 6.7084e+00     13.823 0.0000e+00
        390 176.525130    0.02701     1.6208     97.250  1024.6740  50051.782    31.5633     13.850    6.78619     7.7542     7.7599    24.6099   12.21896 6.5191e+00     13.982 0.0000e+00
        391 176.525133    0.02708     1.6250     97.500  1024.6798  50060.886    31.5693     14.042    6.78621     7.7521     7.7580    24.6149   12.21893 6.3019e+00     14.175 0.0000e+00
        392 176.525136    0.02715     1.6292     97.750  1024.6898  50077.138    31.5801     14.269    6.78611     7.7509     7.7556    24.6238   12.21863 6.0628e+00     14.404 0.0000e+00
        393 176.525139    0.02722     1.6333     98.000  1024.7018  50096.935    31.5935     14.527    6.78584     7.7500     7.7535    24.6346   12.21802 5.8112e+00     14.664 0.0000e+00
        394 176.525142    0.02729     1.6375     98.250  1024.7119  50113.246    31.6046     14.803    6.78553     7.7485     7.7523    24.6434   12.21737 5.5587e+00     14.943 0.0000e+00
        395 176.525145    0.02736     1.6417     98.500  1024.7189  50123.861    31.6117     15.083    6.78535     7.7458     7.7514    24.6492   12.21697 5.3165e+00     15.227 0.0000e+00
        396 176.525148    0.02743     1.6458     98.750  1024.7237  50130.458    31.6160     15.357    6.78538     7.7414     7.7500    24.6527   12.21698 5.0931e+00     15.503 0.0000e+00
        397 176.525150    0.02750     1.6500     99.000  1024.7270  50134.385    31.6182     15.614    6.78570     7.7346     7.7473    24.6548   12.21749 4.8946e+00     15.763 0.0000e+00
        398 176.525153    0.02757     1.6542     99.250  1024.7290  50136.101    31.6185     15.851    6.78637     7.7251     7.7428    24.6557   12.21859 4.7237e+00     16.002 0.0000e+00
        399 176.525156    0.02764     1.6583     99.500  1024.7304  50136.737    31.6178     16.065    6.78744     7.7132     7.7361    24.6561   12.22037 4.5786e+00     16.218 0.0000e+00
        400 176.525159    0.02771     1.6625     99.750  1024.7331  50140.083    31.6185     16.257    6.78888     7.7008     7.7266    24.6580   12.22274 4.4542e+00     16.411 0.0000e+00
        401 176.525162    0.02778     1.6667    100.000  1024.7391  50149.465    31.6230     16.430    6.79052     7.6899     7.7148    24.6632   12.22538 4.3432e+00     16.585 0.0000e+00
        402 176.525165    0.02785     1.6708    100.250  1024.7475  50163.267    31.6306     16.592    6.79210     7.6812     7.7024    24.6708   12.22789 4.2373e+00     16.749 0.0000e+00
        403 176.525168    0.02792     1.6750    100.500  1024.7560  50177.287    31.6385     16.752    6.79343     7.6741     7.6915    24.6786   12.23001 4.1300e+00     16.911 0.0000e+00
        404 176.525171    0.02799     1.6792    100.750  1024.7633  50188.957    31.6452     16.919    6.79449     7.6679     7.6828    24.6850   12.23167 4.0160e+00     17.079 0.0000e+00
        405 176.525174    0.02806     1.6833    101.000  1024.7695  50198.767    31.6508     17.100    6.79533     7.6613     7.6757    24.6904   12.23299 3.8925e+00     17.262 0.0000e+00
        406 176.525177    0.02813     1.6875    101.250  1024.7757  50208.527    31.6565     17.298    6.79604     7.6531     7.6695    24.6957   12.23411 3.7608e+00     17.462 0.0000e+00
        407 176.525179    0.02819     1.6917    101.500  1024.7813  50216.831    31.6611     17.513    6.79685     7.6420     7.6629    24.7003   12.23539 3.6233e+00     17.678 0.0000e+00
        408 176.525182    0.02826     1.6958    101.750  1024.7851  50221.921    31.6632     17.740    6.79802     7.6282     7.6548    24.7030   12.23730 3.4834e+00     17.908 0.0000e+00
        409 176.525185    0.02833     1.7000    102.000  1024.7894  50227.722    31.6653     17.976    6.79964     7.6133     7.6437    24.7062   12.23995 3.3454e+00     18.146 0.0000e+00
        410 176.525188    0.02840     1.7042    102.250  1024.7963  50238.159    31.6702     18.215    6.80157     7.5990     7.6299    24.7120   12.24307 3.2129e+00     18.388 0.0000e+00
        411 176.525191    0.02847     1.7083    102.500  1024.8051  50252.112    31.6774     18.453    6.80356     7.5864     7.6150    24.7197   12.24628 3.0884e+00     18.628 0.0000e+00
        412 176.525194    0.02854     1.7125    102.750  1024.8143  50266.969    31.6853     18.684    6.80543     7.5760     7.6007    24.7279   12.24927 2.9735e+00     18.861 0.0000e+00
        413 176.525197    0.02861     1.7167    103.000  1024.8230  50280.837    31.6928     18.906    6.80705     7.5678     7.5881    24.7355   12.25185 2.8686e+00     19.085 0.0000e+00
        414 176.525200    0.02868     1.7208    103.250  1024.8305  50292.647    31.6992     19.117    6.80837     7.5615     7.5778    24.7420   12.25396 2.7731e+00     19.298 0.0000e+00
        415 176.525203    0.02875     1.7250    103.500  1024.8365  50302.023    31.7043     19.319    6.80942     7.5565     7.5696    24.7472   12.25563 2.6847e+00     19.502 0.0000e+00
        416 176.525205    0.02882     1.7292    103.750  1024.8413  50309.014    31.7081     19.517    6.81023     7.5526     7.5633    24.7510   12.25693 2.6004e+00     19.702 0.0000e+00
        417 176.525208    0.02889     1.7333    104.000  1024.8449  50314.047    31.7107     19.717    6.81088     7.5491     7.5584    24.7537   12.25796 2.5174e+00     19.904 0.0000e+00
        418 176.525211    0.02896     1.7375    104.250  1024.8478  50317.667    31.7125     19.925    6.81142     7.5459     7.5544    24.7556   12.25883 2.4335e+00     20.114 0.0000e+00
        419 176.525214    0.02903     1.7417    104.500  1024.8502  50320.208    31.7136     20.144    6.81190     7.5427     7.5510    24.7570   12.25961 2.3477e+00     20.335 0.0000e+00
        420 176.525217    0.02910     1.7458    104.750  1024.8522  50322.040    31.7142     20.375    6.81236     7.5394     7.5478    24.7579   12.26038 2.2603e+00     20.568 0.0000e+00
        421 176.525220    0.02917     1.7500    105.000  1024.8543  50323.974    31.7149     20.616    6.81283     7.5364     7.5446    24.7589   12.26115 2.1722e+00     20.811 0.0000e+00
        422 176.525223    0.02924     1.7542    105.250  1024.8568  50326.604    31.7161     20.864    6.81328     7.5340     7.5414    24.7603   12.26188 2.0844e+00     21.062 0.0000e+00
        423 176.525226    0.02931     1.7583    105.500  1024.8596  50329.606    31.7176     21.116    6.81368     7.5322     7.5384    24.7619   12.26252 1.9973e+00     21.316 0.0000e+00
        424 176.525229    0.02937     1.7625    105.750  1024.8622  50332.320    31.7189     21.370    6.81399     7.5310     7.5359    24.7633   12.26302 1.9114e+00     21.573 0.0000e+00
        425 176.525231    0.02944     1.7667    106.000  1024.8644  50334.444    31.7200     21.628    6.81422     7.5302     7.5342    24.7644   12.26338 1.8273e+00     21.833 0.0000e+00
