CTD-processing/allCTD/CNV--homogene/2018_03-27_t9_s08_cast023.cnv
* Sea-Bird SBE19plus Data File:
* FileName = P:\My Documents\kasitsna\Research-KBL\Oceanography-AK\CTD-Data-ALL-to-2017-02\2018-CTD-KachemakBay-CookInlet\2018-03-27-CookInlet-Tran9-HomerSpit\2018-03-27-CookInlet-Tran9-cast023.hex
* Software Version 1.59
* Temperature SN =  5028
* Conductivity SN =  5028
* System UpLoad Time = Mar 28 2018 11:08:50
** Cook Inlet LTM Transect 9 Homer Spit Line north to south
** Date: 2018_03-27
** Station: (eg. 9-01): 9-08
** Start time (AKDT): 10:22
** Depth (m): 95.7
** Comment:
** Comment:
# nquan = 17
# nvalues = 746                         
# units = specified
# name 0 = scan: Scan Count
# name 1 = timeJ: Julian Days
# name 2 = timeH: Time, Elapsed [hours]
# name 3 = timeM: Time, Elapsed [minutes]
# name 4 = timeS: Time, Elapsed [seconds]
# name 5 = density00: Density [density, kg/m^3]
# name 6 = specc: Specific Conductance [uS/cm]
# name 7 = sal00: Salinity, Practical [PSU]
# name 8 = depSM: Depth [salt water, m], lat = 59.00
# name 9 = oxsolML/L: Oxygen Saturation, Garcia & Gordon [ml/l]
# name 10 = potemp090C: Potential Temperature [ITS-90, deg C]
# name 11 = tv290C: Temperature [ITS-90, deg C]
# name 12 = sigma-é00: Density [sigma-theta, kg/m^3]
# name 13 = n2satML/L: Nitrogen Saturation [ml/l]
# name 14 = par: PAR/Irradiance, Biospherical/Licor
# name 15 = prdM: Pressure, Strain Gauge [db]
# name 16 = flag:  0.000e+00
# span 0 =          1,        746       
# span 1 =  86.432431,  86.434586       
# span 2 =    0.00000,    0.05174       
# span 3 =     0.0000,     3.1042       
# span 4 =      0.000,    186.250       
# span 5 =  1024.8172,  1025.6308       
# span 6 =  50849.096,  51460.918       
# span 7 =    31.1673,    31.7490       
# span 8 =      0.376,     91.588       
# span 9 =    7.40092,    7.61293       
# span 10 =     3.0284,     4.0198      
# span 11 =     3.0075,     4.0257      
# span 12 =    24.8147,    25.2017      
# span 13 =   13.23218,   13.58820      
# span 14 = 3.7976e-02, 1.5171e+02      
# span 15 =      0.380,     92.473      
# span 16 = 0.0000e+00, 0.0000e+00      
# interval = seconds: 0.25
# start_time = Mar 27 2018 10:22:42 [Instrument's time stamp, header]
# bad_flag = -9.990e-29
*END*
[from data line 426]
        427  86.433663    0.02958     1.7750    106.500  1025.2305  51314.204    31.5540     28.954    7.50945     3.4839     3.4854    25.0934   13.41384 1.7965e-01     29.230 0.0000e+00
        428  86.433666    0.02965     1.7792    106.750  1025.2316  51314.592    31.5542     29.154    7.50941     3.4841     3.4856    25.0936   13.41377 1.7304e-01     29.431 0.0000e+00
        429  86.433669    0.02972     1.7833    107.000  1025.2327  51314.939    31.5543     29.350    7.50937     3.4844     3.4857    25.0937   13.41370 1.6677e-01     29.629 0.0000e+00
        430  86.433672    0.02979     1.7875    107.250  1025.2338  51315.438    31.5546     29.547    7.50932     3.4848     3.4859    25.0939   13.41361 1.6069e-01     29.828 0.0000e+00
        431  86.433675    0.02986     1.7917    107.500  1025.2352  51316.276    31.5552     29.749    7.50924     3.4853     3.4862    25.0943   13.41348 1.5470e-01     30.032 0.0000e+00
        432  86.433678    0.02993     1.7958    107.750  1025.2366  51317.298    31.5558     29.958    7.50914     3.4860     3.4865    25.0948   13.41329 1.4879e-01     30.243 0.0000e+00
        433  86.433681    0.03000     1.8000    108.000  1025.2381  51318.138    31.5564     30.170    7.50901     3.4866     3.4871    25.0953   13.41307 1.4311e-01     30.457 0.0000e+00
        434  86.433683    0.03007     1.8042    108.250  1025.2393  51318.497    31.5567     30.380    7.50887     3.4872     3.4877    25.0955   13.41285 1.3781e-01     30.669 0.0000e+00
        435  86.433686    0.03014     1.8083    108.500  1025.2402  51318.531    31.5568     30.585    7.50875     3.4877     3.4884    25.0955   13.41264 1.3295e-01     30.876 0.0000e+00
        436  86.433689    0.03021     1.8125    108.750  1025.2412  51318.688    31.5570     30.781    7.50863     3.4882     3.4890    25.0956   13.41244 1.2851e-01     31.074 0.0000e+00
        437  86.433692    0.03028     1.8167    109.000  1025.2424  51319.278    31.5574     30.971    7.50851     3.4888     3.4895    25.0959   13.41223 1.2434e-01     31.266 0.0000e+00
        438  86.433695    0.03035     1.8208    109.250  1025.2437  51320.083    31.5580     31.163    7.50837     3.4895     3.4901    25.0963   13.41200 1.2028e-01     31.459 0.0000e+00
        439  86.433698    0.03042     1.8250    109.500  1025.2450  51320.614    31.5584     31.361    7.50824     3.4901     3.4907    25.0965   13.41177 1.1621e-01     31.660 0.0000e+00
        440  86.433701    0.03049     1.8292    109.750  1025.2460  51320.779    31.5586     31.571    7.50811     3.4906     3.4914    25.0966   13.41156 1.1209e-01     31.872 0.0000e+00
        441  86.433704    0.03056     1.8333    110.000  1025.2470  51320.730    31.5586     31.792    7.50800     3.4910     3.4920    25.0966   13.41138 1.0799e-01     32.094 0.0000e+00
        442  86.433707    0.03062     1.8375    110.250  1025.2480  51320.555    31.5585     32.016    7.50790     3.4914     3.4925    25.0965   13.41123 1.0407e-01     32.320 0.0000e+00
        443  86.433709    0.03069     1.8417    110.500  1025.2489  51320.345    31.5583     32.236    7.50783     3.4916     3.4930    25.0963   13.41111 1.0048e-01     32.542 0.0000e+00
        444  86.433712    0.03076     1.8458    110.750  1025.2498  51320.266    31.5582     32.442    7.50777     3.4919     3.4933    25.0962   13.41101 9.7325e-02     32.751 0.0000e+00
        445  86.433715    0.03083     1.8500    111.000  1025.2506  51320.269    31.5582     32.633    7.50771     3.4921     3.4936    25.0962   13.41091 9.4622e-02     32.943 0.0000e+00
        446  86.433718    0.03090     1.8542    111.250  1025.2512  51319.929    31.5580     32.809    7.50767     3.4920     3.4939    25.0959   13.41085 9.2234e-02     33.121 0.0000e+00
        447  86.433721    0.03097     1.8583    111.500  1025.2514  51318.903    31.5573     32.978    7.50767     3.4916     3.4941    25.0953   13.41087 8.9973e-02     33.291 0.0000e+00
        448  86.433724    0.03104     1.8625    111.750  1025.2514  51317.444    31.5562     33.151    7.50774     3.4910     3.4940    25.0945   13.41099 8.7691e-02     33.467 0.0000e+00
        449  86.433727    0.03111     1.8667    112.000  1025.2516  51316.470    31.5553     33.338    7.50785     3.4904     3.4936    25.0938   13.41119 8.5304e-02     33.655 0.0000e+00
        450  86.433730    0.03118     1.8708    112.250  1025.2525  51316.518    31.5551     33.541    7.50798     3.4899     3.4930    25.0937   13.41140 8.2821e-02     33.860 0.0000e+00
        451  86.433733    0.03125     1.8750    112.500  1025.2535  51316.828    31.5550     33.756    7.50809     3.4896     3.4924    25.0937   13.41158 8.0329e-02     34.078 0.0000e+00
        452  86.433736    0.03132     1.8792    112.750  1025.2544  51316.865    31.5548     33.977    7.50819     3.4893     3.4919    25.0936   13.41175 7.7937e-02     34.300 0.0000e+00
        453  86.433738    0.03139     1.8833    113.000  1025.2554  51317.136    31.5548     34.193    7.50826     3.4893     3.4916    25.0936   13.41186 7.5734e-02     34.518 0.0000e+00
        454  86.433741    0.03146     1.8875    113.250  1025.2568  51318.088    31.5552     34.400    7.50827     3.4898     3.4914    25.0940   13.41188 7.3749e-02     34.727 0.0000e+00
        455  86.433744    0.03153     1.8917    113.500  1025.2587  51319.954    31.5564     34.596    7.50821     3.4910     3.4914    25.0950   13.41176 7.1957e-02     34.925 0.0000e+00
        456  86.433747    0.03160     1.8958    113.750  1025.2612  51322.977    31.5585     34.785    7.50801     3.4930     3.4919    25.0966   13.41141 7.0301e-02     35.116 0.0000e+00
        457  86.433750    0.03167     1.9000    114.000  1025.2641  51326.721    31.5612     34.972    7.50765     3.4957     3.4931    25.0986   13.41078 6.8731e-02     35.305 0.0000e+00
        458  86.433753    0.03174     1.9042    114.250  1025.2668  51329.764    31.5637     35.160    7.50715     3.4987     3.4951    25.1004   13.40992 6.7223e-02     35.495 0.0000e+00
        459  86.433756    0.03181     1.9083    114.500  1025.2687  51331.115    31.5652     35.350    7.50657     3.5016     3.4978    25.1014   13.40894 6.5774e-02     35.687 0.0000e+00
        460  86.433759    0.03188     1.9125    114.750  1025.2698  51331.033    31.5658     35.542    7.50599     3.5043     3.5008    25.1016   13.40797 6.4387e-02     35.880 0.0000e+00
        461  86.433762    0.03194     1.9167    115.000  1025.2706  51330.497    31.5661     35.732    7.50543     3.5071     3.5038    25.1015   13.40704 6.3071e-02     36.072 0.0000e+00
        462  86.433764    0.03201     1.9208    115.250  1025.2721  51331.188    31.5671     35.920    7.50487     3.5103     3.5065    25.1021   13.40611 6.1831e-02     36.262 0.0000e+00
        463  86.433767    0.03208     1.9250    115.500  1025.2750  51334.476    31.5700     36.109    7.50422     3.5148     3.5093    25.1041   13.40500 6.0650e-02     36.453 0.0000e+00
        464  86.433770    0.03215     1.9292    115.750  1025.2793  51340.139    31.5746     36.304    7.50338     3.5208     3.5125    25.1075   13.40356 5.9495e-02     36.650 0.0000e+00
        465  86.433773    0.03222     1.9333    116.000  1025.2845  51347.257    31.5804     36.506    7.50227     3.5282     3.5170    25.1117   13.40163 5.8346e-02     36.854 0.0000e+00
        466  86.433776    0.03229     1.9375    116.250  1025.2898  51354.190    31.5865     36.717    7.50085     3.5371     3.5230    25.1161   13.39922 5.7202e-02     37.067 0.0000e+00
        467  86.433779    0.03236     1.9417    116.500  1025.2953  51361.103    31.5930     36.934    7.49914     3.5470     3.5305    25.1206   13.39631 5.6083e-02     37.286 0.0000e+00
        468  86.433782    0.03243     1.9458    116.750  1025.3005  51367.301    31.5993     37.151    7.49719     3.5569     3.5393    25.1248   13.39301 5.5019e-02     37.506 0.0000e+00
        469  86.433785    0.03250     1.9500    117.000  1025.3030  51368.093    31.6022     37.364    7.49521     3.5655     3.5493    25.1262   13.38970 5.4032e-02     37.720 0.0000e+00
        470  86.433788    0.03257     1.9542    117.250  1025.3024  51363.507    31.6014     37.568    7.49342     3.5724     3.5592    25.1247   13.38675 5.3141e-02     37.925 0.0000e+00
        471  86.433791    0.03264     1.9583    117.500  1025.3011  51357.818    31.5996     37.759    7.49192     3.5779     3.5678    25.1225   13.38431 5.2355e-02     38.119 0.0000e+00
        472  86.433793    0.03271     1.9625    117.750  1025.3003  51353.496    31.5983     37.943    7.49071     3.5826     3.5747    25.1209   13.38233 5.1655e-02     38.304 0.0000e+00
        473  86.433796    0.03278     1.9667    118.000  1025.3008  51351.883    31.5985     38.124    7.48969     3.5874     3.5802    25.1205   13.38064 5.0999e-02     38.487 0.0000e+00
        474  86.433799    0.03285     1.9708    118.250  1025.3032  51353.894    31.6010     38.309    7.48870     3.5931     3.5849    25.1220   13.37897 5.0353e-02     38.675 0.0000e+00
        475  86.433802    0.03292     1.9750    118.500  1025.3076  51359.481    31.6059     38.505    7.48757     3.6002     3.5897    25.1255   13.37704 4.9701e-02     38.873 0.0000e+00
        476  86.433805    0.03299     1.9792    118.750  1025.3131  51366.882    31.6122     38.713    7.48619     3.6084     3.5955    25.1300   13.37468 4.9046e-02     39.083 0.0000e+00
        477  86.433808    0.03306     1.9833    119.000  1025.3180  51372.790    31.6179     38.929    7.48458     3.6166     3.6026    25.1339   13.37196 4.8400e-02     39.301 0.0000e+00
        478  86.433811    0.03313     1.9875    119.250  1025.3206  51374.197    31.6208     39.148    7.48293     3.6239     3.6108    25.1354   13.36919 4.7779e-02     39.522 0.0000e+00
        479  86.433814    0.03319     1.9917    119.500  1025.3210  51371.629    31.6210     39.364    7.48141     3.6298     3.6190    25.1349   13.36667 4.7196e-02     39.739 0.0000e+00
        480  86.433817    0.03326     1.9958    119.750  1025.3207  51367.894    31.6202     39.572    7.48011     3.6343     3.6263    25.1336   13.36454 4.6662e-02     39.950 0.0000e+00
        481  86.433819    0.03333     2.0000    120.000  1025.3204  51364.452    31.6192     39.775    7.47908     3.6376     3.6322    25.1322   13.36285 4.6176e-02     40.154 0.0000e+00
        482  86.433822    0.03340     2.0042    120.250  1025.3201  51361.429    31.6182     39.972    7.47829     3.6400     3.6368    25.1310   13.36157 4.5727e-02     40.354 0.0000e+00
        483  86.433825    0.03347     2.0083    120.500  1025.3199  51358.915    31.6172     40.169    7.47773     3.6416     3.6401    25.1299   13.36066 4.5295e-02     40.552 0.0000e+00
        484  86.433828    0.03354     2.0125    120.750  1025.3201  51357.294    31.6166     40.367    7.47733     3.6428     3.6425    25.1292   13.36001 4.4878e-02     40.752 0.0000e+00
        485  86.433831    0.03361     2.0167    121.000  1025.3209  51356.805    31.6165     40.569    7.47704     3.6438     3.6441    25.1290   13.35953 4.4480e-02     40.956 0.0000e+00
        486  86.433834    0.03368     2.0208    121.250  1025.3221  51357.295    31.6170     40.773    7.47679     3.6449     3.6453    25.1294   13.35911 4.4094e-02     41.161 0.0000e+00
        487  86.433837    0.03375     2.0250    121.500  1025.3236  51358.233    31.6178     40.978    7.47655     3.6460     3.6463    25.1299   13.35871 4.3712e-02     41.368 0.0000e+00
        488  86.433840    0.03382     2.0292    121.750  1025.3250  51358.944    31.6185     41.183    7.47632     3.6471     3.6474    25.1303   13.35831 4.3342e-02     41.575 0.0000e+00
        489  86.433843    0.03389     2.0333    122.000  1025.3262  51359.260    31.6189     41.389    7.47609     3.6481     3.6486    25.1305   13.35793 4.2994e-02     41.783 0.0000e+00
        490  86.433845    0.03396     2.0375    122.250  1025.3273  51359.377    31.6191     41.597    7.47588     3.6491     3.6497    25.1306   13.35757 4.2665e-02     41.993 0.0000e+00
        491  86.433848    0.03403     2.0417    122.500  1025.3284  51359.496    31.6194     41.807    7.47567     3.6500     3.6507    25.1307   13.35724 4.2344e-02     42.206 0.0000e+00
        492  86.433851    0.03410     2.0458    122.750  1025.3296  51359.849    31.6197     42.019    7.47548     3.6510     3.6517    25.1309   13.35691 4.2034e-02     42.419 0.0000e+00
        493  86.433854    0.03417     2.0500    123.000  1025.3309  51360.488    31.6203     42.231    7.47527     3.6521     3.6526    25.1312   13.35656 4.1739e-02     42.634 0.0000e+00
        494  86.433857    0.03424     2.0542    123.250  1025.3325  51361.432    31.6211     42.443    7.47505     3.6534     3.6536    25.1318   13.35619 4.1456e-02     42.847 0.0000e+00
        495  86.433860    0.03431     2.0583    123.500  1025.3343  51362.874    31.6222     42.652    7.47479     3.6551     3.6547    25.1326   13.35574 4.1190e-02     43.059 0.0000e+00
        496  86.433863    0.03438     2.0625    123.750  1025.3364  51364.919    31.6238     42.857    7.47447     3.6573     3.6560    25.1338   13.35518 4.0944e-02     43.266 0.0000e+00
        497  86.433866    0.03444     2.0667    124.000  1025.3390  51367.640    31.6260     43.057    7.47405     3.6601     3.6577    25.1353   13.35446 4.0709e-02     43.468 0.0000e+00
        498  86.433869    0.03451     2.0708    124.250  1025.3416  51370.473    31.6283     43.253    7.47352     3.6631     3.6599    25.1370   13.35357 4.0482e-02     43.666 0.0000e+00
        499  86.433872    0.03458     2.0750    124.500  1025.3435  51371.996    31.6300     43.448    7.47293     3.6660     3.6627    25.1380   13.35258 4.0272e-02     43.863 0.0000e+00
        500  86.433874    0.03465     2.0792    124.750  1025.3445  51371.707    31.6304     43.643    7.47235     3.6685     3.6658    25.1381   13.35161 4.0076e-02     44.060 0.0000e+00
        501  86.433877    0.03472     2.0833    125.000  1025.3450  51370.508    31.6302     43.843    7.47183     3.6705     3.6687    25.1377   13.35075 3.9884e-02     44.261 0.0000e+00
        502  86.433880    0.03479     2.0875    125.250  1025.3454  51369.191    31.6299     44.047    7.47139     3.6722     3.6712    25.1372   13.35003 3.9692e-02     44.467 0.0000e+00
        503  86.433883    0.03486     2.0917    125.500  1025.3458  51367.857    31.6294     44.256    7.47103     3.6735     3.6732    25.1366   13.34944 3.9500e-02     44.678 0.0000e+00
        504  86.433886    0.03493     2.0958    125.750  1025.3462  51366.556    31.6288     44.465    7.47075     3.6744     3.6749    25.1360   13.34899 3.9316e-02     44.889 0.0000e+00
        505  86.433889    0.03500     2.1000    126.000  1025.3467  51365.541    31.6283     44.670    7.47055     3.6751     3.6762    25.1355   13.34865 3.9147e-02     45.097 0.0000e+00
        506  86.433892    0.03507     2.1042    126.250  1025.3473  51364.976    31.6280     44.870    7.47039     3.6757     3.6772    25.1352   13.34839 3.8987e-02     45.299 0.0000e+00
        507  86.433895    0.03514     2.1083    126.500  1025.3481  51364.688    31.6279     45.065    7.47026     3.6762     3.6779    25.1350   13.34818 3.8839e-02     45.495 0.0000e+00
        508  86.433898    0.03521     2.1125    126.750  1025.3490  51364.611    31.6279     45.257    7.47014     3.6768     3.6785    25.1350   13.34800 3.8707e-02     45.689 0.0000e+00
        509  86.433900    0.03528     2.1167    127.000  1025.3501  51365.034    31.6283     45.450    7.47003     3.6776     3.6790    25.1352   13.34781 3.8587e-02     45.884 0.0000e+00
        510  86.433903    0.03535     2.1208    127.250  1025.3517  51366.306    31.6292     45.646    7.46988     3.6788     3.6796    25.1359   13.34755 3.8469e-02     46.082 0.0000e+00
