CTD-processing/allCTD/CNV--homogene/2018_10-17_t9_s04_cast068.cnv
* Sea-Bird SBE19plus Data File:
* FileName = C:\Users\Kim.Powell\Desktop\Not Processed\2018\2018_10-17_AlongBay, T9_5028\2018_10-17_TRANSECT_STATION_cast068.hex
* Software Version 1.59
* Temperature SN =  5028
* Conductivity SN =  5028
* System UpLoad Time = Oct 25 2018 17:11:20
** 2018_10-17
** Station: 9-04
** Start Time: 14:54
** Depth (m): 95
** Comment: Turbid
** Comment:
# nquan = 17
# nvalues = 706                         
# units = specified
# name 0 = scan: Scan Count
# name 1 = timeJ: Julian Days
# name 2 = timeH: Time, Elapsed [hours]
# name 3 = timeM: Time, Elapsed [minutes]
# name 4 = timeS: Time, Elapsed [seconds]
# name 5 = density00: Density [density, kg/m^3]
# name 6 = specc: Specific Conductance [uS/cm]
# name 7 = sal00: Salinity, Practical [PSU]
# name 8 = depSM: Depth [salt water, m], lat = 59.00
# name 9 = oxsolML/L: Oxygen Saturation, Garcia & Gordon [ml/l]
# name 10 = potemp090C: Potential Temperature [ITS-90, deg C]
# name 11 = tv290C: Temperature [ITS-90, deg C]
# name 12 = sigma-é00: Density [sigma-theta, kg/m^3]
# name 13 = n2satML/L: Nitrogen Saturation [ml/l]
# name 14 = par: PAR/Irradiance, Biospherical/Licor
# name 15 = prdM: Pressure, Strain Gauge [db]
# name 16 = flag:  0.000e+00
# span 0 =          1,        706       
# span 1 = 290.621979, 290.624019       
# span 2 =    0.00000,    0.04896       
# span 3 =     0.0000,     2.9375       
# span 4 =      0.000,    176.250       
# span 5 =  1002.5950,  1024.3130       
# span 6 =   6311.998,  48877.031       
# span 7 =     3.5936,    30.9314       
# span 8 =     -0.155,     91.317       
# span 9 =    6.56903,    7.89608       
# span 10 =     7.9255,     9.4687      
# span 11 =     7.9256,     9.4693      
# span 12 =     2.5958,    23.8938      
# span 13 =   11.86916,   14.45252      
# span 14 = 5.0912e-02, 6.0032e+02      
# span 15 =     -0.157,     92.199      
# span 16 = 0.0000e+00, 0.0000e+00      
# interval = seconds: 0.25
# start_time = Oct 17 2018 14:55:39 [Instrument's time stamp, header]
# bad_flag = -9.990e-29
*END*
[from data line 256]
        257 290.622720    0.01778     1.0667     64.000  1018.7405  39156.591    24.1029      0.623    7.09480     7.9420     7.9429    18.7376   12.82511 1.4808e+02      0.629 0.0000e+00
        258 290.622723    0.01785     1.0708     64.250  1018.7405  39156.620    24.1029      0.623    7.09488     7.9417     7.9424    18.7376   12.82525 1.4849e+02      0.629 0.0000e+00
        259 290.622726    0.01792     1.0750     64.500  1018.7398  39155.167    24.1018      0.623    7.09499     7.9412     7.9421    18.7369   12.82544 1.4896e+02      0.629 0.0000e+00
        260 290.622729    0.01799     1.0792     64.750  1018.7392  39154.076    24.1010      0.622    7.09508     7.9407     7.9417    18.7363   12.82561 1.4928e+02      0.628 0.0000e+00
        261 290.622731    0.01806     1.0833     65.000  1018.7382  39152.178    24.0997      0.620    7.09522     7.9401     7.9413    18.7353   12.82585 1.4935e+02      0.626 0.0000e+00
        262 290.622734    0.01812     1.0875     65.250  1018.7362  39148.279    24.0970      0.619    7.09543     7.9394     7.9408    18.7333   12.82624 1.4904e+02      0.625 0.0000e+00
        263 290.622737    0.01819     1.0917     65.500  1018.7342  39144.568    24.0944      0.619    7.09565     7.9389     7.9401    18.7313   12.82664 1.4855e+02      0.625 0.0000e+00
        264 290.622740    0.01826     1.0958     65.750  1018.7335  39143.116    24.0934      0.618    7.09580     7.9386     7.9395    18.7306   12.82690 1.4837e+02      0.624 0.0000e+00
        265 290.622743    0.01833     1.1000     66.000  1018.7334  39142.952    24.0932      0.618    7.09589     7.9385     7.9390    18.7305   12.82705 1.4863e+02      0.624 0.0000e+00
        266 290.622746    0.01840     1.1042     66.250  1018.7330  39142.108    24.0926      0.618    7.09596     7.9383     7.9387    18.7301   12.82719 1.4901e+02      0.624 0.0000e+00
        267 290.622749    0.01847     1.1083     66.500  1018.7313  39138.957    24.0904      0.619    7.09609     7.9379     7.9386    18.7284   12.82742 1.4924e+02      0.625 0.0000e+00
        268 290.622752    0.01854     1.1125     66.750  1018.7291  39134.645    24.0875      0.620    7.09626     7.9374     7.9383    18.7261   12.82775 1.4935e+02      0.626 0.0000e+00
        269 290.622755    0.01861     1.1167     67.000  1018.7276  39131.913    24.0856      0.621    7.09642     7.9369     7.9379    18.7247   12.82803 1.4942e+02      0.627 0.0000e+00
        270 290.622758    0.01868     1.1208     67.250  1018.7267  39130.152    24.0844      0.622    7.09656     7.9364     7.9374    18.7238   12.82828 1.4945e+02      0.628 0.0000e+00
        271 290.622760    0.01875     1.1250     67.500  1018.7252  39127.204    24.0823      0.622    7.09673     7.9357     7.9370    18.7222   12.82860 1.4952e+02      0.628 0.0000e+00
        272 290.622763    0.01882     1.1292     67.750  1018.7224  39122.055    24.0788      0.622    7.09698     7.9347     7.9364    18.7195   12.82906 1.4965e+02      0.628 0.0000e+00
        273 290.622766    0.01889     1.1333     68.000  1018.7188  39115.060    24.0740      0.621    7.09732     7.9334     7.9357    18.7158   12.82968 1.4988e+02      0.627 0.0000e+00
        274 290.622769    0.01896     1.1375     68.250  1018.7151  39108.039    24.0691      0.620    7.09770     7.9322     7.9347    18.7122   12.83039 1.4994e+02      0.626 0.0000e+00
        275 290.622772    0.01903     1.1417     68.500  1018.7120  39102.189    24.0650      0.620    7.09809     7.9309     7.9335    18.7091   12.83109 1.4970e+02      0.626 0.0000e+00
        276 290.622775    0.01910     1.1458     68.750  1018.7095  39097.397    24.0616      0.620    7.09846     7.9298     7.9323    18.7066   12.83174 1.4962e+02      0.626 0.0000e+00
        277 290.622778    0.01917     1.1500     69.000  1018.7074  39093.272    24.0587      0.620    7.09879     7.9289     7.9310    18.7045   12.83234 1.4966e+02      0.626 0.0000e+00
        278 290.622781    0.01924     1.1542     69.250  1018.7054  39089.363    24.0559      0.619    7.09910     7.9280     7.9299    18.7025   12.83288 1.4971e+02      0.625 0.0000e+00
        279 290.622784    0.01931     1.1583     69.500  1018.7033  39085.333    24.0531      0.619    7.09939     7.9272     7.9289    18.7004   12.83340 1.5003e+02      0.625 0.0000e+00
        280 290.622786    0.01938     1.1625     69.750  1018.7013  39081.606    24.0505      0.620    7.09966     7.9265     7.9280    18.6984   12.83388 1.5050e+02      0.626 0.0000e+00
        281 290.622789    0.01944     1.1667     70.000  1018.7000  39079.011    24.0486      0.622    7.09988     7.9259     7.9272    18.6971   12.83428 1.5082e+02      0.628 0.0000e+00
        282 290.622792    0.01951     1.1708     70.250  1018.6996  39078.196    24.0480      0.624    7.10003     7.9255     7.9265    18.6967   12.83453 1.5092e+02      0.630 0.0000e+00
        283 290.622795    0.01958     1.1750     70.500  1018.7009  39080.558    24.0496      0.625    7.10006     7.9257     7.9259    18.6980   12.83455 1.5067e+02      0.631 0.0000e+00
        284 290.622798    0.01965     1.1792     70.750  1018.7048  39087.814    24.0544      0.626    7.09989     7.9264     7.9256    18.7018   12.83420 1.5008e+02      0.632 0.0000e+00
        285 290.622801    0.01972     1.1833     71.000  1018.7110  39099.633    24.0624      0.628    7.09949     7.9277     7.9257    18.7081   12.83344 1.4938e+02      0.634 0.0000e+00
        286 290.622804    0.01979     1.1875     71.250  1018.7188  39114.328    24.0725      0.632    7.09891     7.9297     7.9265    18.7159   12.83235 1.4852e+02      0.638 0.0000e+00
        287 290.622807    0.01986     1.1917     71.500  1018.7286  39132.780    24.0852      0.641    7.09811     7.9326     7.9278    18.7256   12.83087 1.4725e+02      0.647 0.0000e+00
        288 290.622810    0.01993     1.1958     71.750  1018.7440  39161.802    24.1051      0.656    7.09689     7.9375     7.9297    18.7409   12.82858 1.4491e+02      0.662 0.0000e+00
        289 290.622813    0.02000     1.2000     72.000  1018.7718  39213.977    24.1408      0.682    7.09477     7.9460     7.9326    18.7685   12.82460 1.4049e+02      0.689 0.0000e+00
        290 290.622815    0.02007     1.2042     72.250  1018.8206  39305.985    24.2038      0.726    7.09108     7.9607     7.9376    18.8172   12.81766 1.3299e+02      0.733 0.0000e+00
        291 290.622818    0.02014     1.2083     72.500  1018.9042  39463.465    24.3116      0.798    7.08475     7.9850     7.9461    18.9005   12.80574 1.2096e+02      0.806 0.0000e+00
        292 290.622821    0.02021     1.2125     72.750  1019.0391  39717.451    24.4855      0.909    7.07438     8.0207     7.9608    19.0348   12.78626 1.0437e+02      0.918 0.0000e+00
        293 290.622824    0.02028     1.2167     73.000  1019.2205  40059.412    24.7204      1.060    7.05966     8.0659     7.9851    19.2156   12.75877 8.5979e+01      1.070 0.0000e+00
        294 290.622827    0.02035     1.2208     73.250  1019.4147  40425.467    24.9733      1.241    7.04230     8.1184     8.0208    19.4090   12.72669 6.8608e+01      1.252 0.0000e+00
        295 290.622830    0.02042     1.2250     73.500  1019.5972  40769.526    25.2127      1.439    7.02408     8.1783     8.0660    19.5906   12.69335 5.3579e+01      1.453 0.0000e+00
        296 290.622833    0.02049     1.2292     73.750  1019.7725  41099.770    25.4441      1.650    7.00514     8.2464     8.1185    19.7648   12.65894 4.1362e+01      1.666 0.0000e+00
        297 290.622836    0.02056     1.2333     74.000  1019.9599  41452.626    25.6924      1.869    6.98435     8.3243     8.1784    19.9512   12.62125 3.1891e+01      1.887 0.0000e+00
        298 290.622839    0.02063     1.2375     74.250  1020.1944  41893.318    26.0023      2.094    6.95958     8.4145     8.2465    20.1847   12.57620 2.4821e+01      2.114 0.0000e+00
        299 290.622841    0.02069     1.2417     74.500  1020.4919  42451.682    26.3946      2.324    6.92967     8.5170     8.3245    20.4811   12.52159 1.9649e+01      2.346 0.0000e+00
        300 290.622844    0.02076     1.2458     74.750  1020.8302  43085.839    26.8414      2.557    6.89557     8.6313     8.4147    20.8183   12.45936 1.5882e+01      2.581 0.0000e+00
        301 290.622847    0.02083     1.2500     75.000  1021.2095  43795.923    27.3431      2.793    6.85732     8.7595     8.5173    21.1965   12.38959 1.3133e+01      2.819 0.0000e+00
        302 290.622850    0.02090     1.2542     75.250  1021.6516  44621.823    27.9275      3.029    6.81384     8.8985     8.6316    21.6375   12.31016 1.1120e+01      3.058 0.0000e+00
        303 290.622853    0.02097     1.2583     75.500  1022.1074  45473.215    28.5325      3.263    6.76759     9.0339     8.7598    22.0923   12.22592 9.6348e+00      3.294 0.0000e+00
        304 290.622856    0.02104     1.2625     75.750  1022.4785  46168.154    29.0316      3.493    6.72460     9.1504     8.8989    22.4624   12.14843 8.5187e+00      3.526 0.0000e+00
        305 290.622859    0.02111     1.2667     76.000  1022.7417  46663.146    29.3923      3.720    6.68844     9.2427     9.0343    22.7245   12.08400 7.6612e+00      3.755 0.0000e+00
        306 290.622862    0.02118     1.2708     76.250  1022.9366  47030.413    29.6625      3.944    6.65922     9.3127     9.1509    22.9184   12.03223 6.9884e+00      3.981 0.0000e+00
        307 290.622865    0.02125     1.2750     76.500  1023.0885  47316.187    29.8732      4.166    6.63632     9.3645     9.2432    23.0693   11.99168 6.4453e+00      4.205 0.0000e+00
        308 290.622867    0.02132     1.2792     76.750  1023.2081  47540.537    30.0385      4.388    6.61879     9.4021     9.3132    23.1879   11.96059 5.9939e+00      4.429 0.0000e+00
        309 290.622870    0.02139     1.2833     77.000  1023.3039  47719.246    30.1698      4.609    6.60547     9.4282     9.3650    23.2827   11.93691 5.6098e+00      4.652 0.0000e+00
        310 290.622873    0.02146     1.2875     77.250  1023.3800  47860.517    30.2733      4.830    6.59548     9.4451     9.4026    23.3578   11.91909 5.2765e+00      4.876 0.0000e+00
        311 290.622876    0.02153     1.2917     77.500  1023.4360  47963.772    30.3487      5.052    6.58840     9.4555     9.4287    23.4128   11.90644 4.9867e+00      5.100 0.0000e+00
        312 290.622879    0.02160     1.2958     77.750  1023.4741  48033.324    30.3995      5.275    6.58374     9.4620     9.4457    23.4499   11.89810 4.7359e+00      5.325 0.0000e+00
        313 290.622882    0.02167     1.3000     78.000  1023.5002  48080.255    30.4336      5.501    6.58074     9.4659     9.4561    23.4749   11.89272 4.5138e+00      5.553 0.0000e+00
        314 290.622885    0.02174     1.3042     78.250  1023.5185  48112.691    30.4570      5.730    6.57879     9.4680     9.4626    23.4922   11.88920 4.3087e+00      5.784 0.0000e+00
        315 290.622888    0.02181     1.3083     78.500  1023.5317  48135.288    30.4732      5.960    6.57752     9.4687     9.4665    23.5043   11.88690 4.1162e+00      6.016 0.0000e+00
        316 290.622891    0.02187     1.3125     78.750  1023.5414  48151.486    30.4847      6.190    6.57672     9.4685     9.4686    23.5130   11.88544 3.9350e+00      6.248 0.0000e+00
        317 290.622894    0.02194     1.3167     79.000  1023.5492  48163.930    30.4934      6.419    6.57624     9.4677     9.4693    23.5197   11.88453 3.7622e+00      6.479 0.0000e+00
        318 290.622896    0.02201     1.3208     79.250  1023.5559  48174.419    30.5007      6.646    6.57596     9.4667     9.4692    23.5254   11.88398 3.5954e+00      6.709 0.0000e+00
        319 290.622899    0.02208     1.3250     79.500  1023.5621  48183.930    30.5072      6.871    6.57578     9.4656     9.4685    23.5305   11.88361 3.4322e+00      6.936 0.0000e+00
        320 290.622902    0.02215     1.3292     79.750  1023.5680  48192.794    30.5132      7.095    6.57567     9.4645     9.4675    23.5353   11.88335 3.2714e+00      7.162 0.0000e+00
        321 290.622905    0.02222     1.3333     80.000  1023.5736  48201.264    30.5189      7.320    6.57559     9.4636     9.4664    23.5400   11.88314 3.1119e+00      7.389 0.0000e+00
        322 290.622908    0.02229     1.3375     80.250  1023.5793  48209.823    30.5246      7.546    6.57550     9.4627     9.4654    23.5447   11.88292 2.9539e+00      7.617 0.0000e+00
        323 290.622911    0.02236     1.3417     80.500  1023.5853  48218.722    30.5307      7.775    6.57538     9.4620     9.4644    23.5495   11.88265 2.7981e+00      7.848 0.0000e+00
        324 290.622914    0.02243     1.3458     80.750  1023.5913  48227.822    30.5368      8.008    6.57524     9.4615     9.4635    23.5545   11.88235 2.6463e+00      8.083 0.0000e+00
        325 290.622917    0.02250     1.3500     81.000  1023.5973  48236.947    30.5431      8.242    6.57508     9.4614     9.4629    23.5595   11.88200 2.5007e+00      8.319 0.0000e+00
        326 290.622920    0.02257     1.3542     81.250  1023.6032  48245.787    30.5491      8.476    6.57488     9.4616     9.4625    23.5642   11.88160 2.3622e+00      8.556 0.0000e+00
        327 290.622922    0.02264     1.3583     81.500  1023.6087  48254.004    30.5548      8.708    6.57466     9.4620     9.4624    23.5687   11.88116 2.2312e+00      8.790 0.0000e+00
        328 290.622925    0.02271     1.3625     81.750  1023.6137  48261.463    30.5599      8.938    6.57441     9.4625     9.4626    23.5727   11.88069 2.1080e+00      9.023 0.0000e+00
        329 290.622928    0.02278     1.3667     82.000  1023.6183  48268.008    30.5645      9.166    6.57416     9.4630     9.4630    23.5762   11.88021 1.9922e+00      9.253 0.0000e+00
        330 290.622931    0.02285     1.3708     82.250  1023.6223  48273.581    30.5684      9.391    6.57391     9.4636     9.4635    23.5791   11.87977 1.8834e+00      9.480 0.0000e+00
        331 290.622934    0.02292     1.3750     82.500  1023.6257  48278.194    30.5716      9.612    6.57369     9.4641     9.4640    23.5816   11.87937 1.7809e+00      9.703 0.0000e+00
        332 290.622937    0.02299     1.3792     82.750  1023.6286  48281.829    30.5741      9.830    6.57351     9.4645     9.4646    23.5835   11.87902 1.6841e+00      9.923 0.0000e+00
        333 290.622940    0.02306     1.3833     83.000  1023.6311  48284.757    30.5761     10.046    6.57334     9.4649     9.4652    23.5850   11.87873 1.5919e+00     10.141 0.0000e+00
        334 290.622943    0.02313     1.3875     83.250  1023.6335  48287.474    30.5780     10.263    6.57320     9.4652     9.4656    23.5864   11.87846 1.5033e+00     10.360 0.0000e+00
        335 290.622946    0.02319     1.3917     83.500  1023.6360  48290.352    30.5800     10.480    6.57306     9.4654     9.4660    23.5879   11.87820 1.4182e+00     10.579 0.0000e+00
        336 290.622948    0.02326     1.3958     83.750  1023.6386  48293.382    30.5821     10.700    6.57292     9.4656     9.4663    23.5894   11.87795 1.3366e+00     10.801 0.0000e+00
        337 290.622951    0.02333     1.4000     84.000  1023.6410  48296.209    30.5840     10.922    6.57280     9.4657     9.4666    23.5909   11.87774 1.2594e+00     11.025 0.0000e+00
        338 290.622954    0.02340     1.4042     84.250  1023.6433  48298.663    30.5857     11.143    6.57271     9.4657     9.4668    23.5922   11.87756 1.1873e+00     11.248 0.0000e+00
        339 290.622957    0.02347     1.4083     84.500  1023.6455  48300.923    30.5872     11.363    6.57263     9.4656     9.4669    23.5933   11.87741 1.1204e+00     11.470 0.0000e+00
        340 290.622960    0.02354     1.4125     84.750  1023.6477  48303.153    30.5886     11.582    6.57256     9.4655     9.4669    23.5945   11.87728 1.0581e+00     11.691 0.0000e+00
