CTD-processing/allCTD/CNV--homogene/2018_01-17_t9_s07_cast150.cnv
* Sea-Bird SBE19plus Data File:
* FileName = C:\Users\Kim.Powell\Desktop\Not Processed\2018\2018_01-XX_TRANSECT_4141\2018_01-18_TRANSECT_STATION_cast150.hex
* Software Version 1.59
* Temperature SN =  4141
* Conductivity SN =  4141
* System UpLoad Time = Feb 16 2018 09:03:58
** 2018_01-17
** Station: 9-07
** Start Time: 14:32
** Depth (m): 104.5
** Comment: CTD incorrectly recorded date as May 22
** Comment:
# nquan = 17
# nvalues = 387                         
# units = specified
# name 0 = scan: Scan Count
# name 1 = timeJ: Julian Days
# name 2 = timeH: Time, Elapsed [hours]
# name 3 = timeM: Time, Elapsed [minutes]
# name 4 = timeS: Time, Elapsed [seconds]
# name 5 = density00: Density [density, kg/m^3]
# name 6 = specc: Specific Conductance [uS/cm]
# name 7 = sal00: Salinity, Practical [PSU]
# name 8 = depSM: Depth [salt water, m], lat = 59.00
# name 9 = oxsolML/L: Oxygen Saturation, Garcia & Gordon [ml/l]
# name 10 = potemp090C: Potential Temperature [ITS-90, deg C]
# name 11 = tv290C: Temperature [ITS-90, deg C]
# name 12 = sigma-é00: Density [sigma-theta, kg/m^3]
# name 13 = n2satML/L: Nitrogen Saturation [ml/l]
# name 14 = par: PAR/Irradiance, Biospherical/Licor
# name 15 = prdM: Pressure, Strain Gauge [db]
# name 16 = flag:  0.000e+00
# span 0 =          1,        387       
# span 1 = 142.605544, 142.606661       
# span 2 =    0.00000,    0.02681       
# span 3 =     0.0000,     1.6083       
# span 4 =      0.000,     96.500       
# span 5 =  1003.4399,  1024.7035       
# span 6 =   7545.831,  50232.341       
# span 7 =     4.3707,    31.1912       
# span 8 =     -0.174,     14.045       
# span 9 =    7.23380,    8.72536       
# span 10 =     4.8623,     5.1316      
# span 11 =     4.8548,     5.1326      
# span 12 =     3.4408,    24.6487      
# span 13 =   12.96371,   15.83695      
# span 14 = 1.4863e+00, 1.0238e+02      
# span 15 =     -0.175,     14.178      
# span 16 = 0.0000e+00, 0.0000e+00      
# interval = seconds: 0.25
# start_time = May 22 2017 14:31:59 [Instrument's time stamp, header]
# bad_flag = -9.990e-29
*END*
[from data line 171]
        172 142.606039    0.01188     0.7125     42.750  1024.5870  50121.741    31.0900      0.646    7.27258     4.9341     4.9324    24.5839   13.02884 5.0545e+01      0.652 0.0000e+00
        173 142.606042    0.01194     0.7167     43.000  1024.5862  50120.292    31.0892      0.644    7.27243     4.9345     4.9334    24.5832   13.02861 5.0358e+01      0.650 0.0000e+00
        174 142.606045    0.01201     0.7208     43.250  1024.5857  50119.220    31.0887      0.645    7.27233     4.9348     4.9341    24.5827   13.02845 5.0594e+01      0.651 0.0000e+00
        175 142.606047    0.01208     0.7250     43.500  1024.5854  50118.584    31.0883      0.650    7.27226     4.9349     4.9346    24.5823   13.02835 5.0969e+01      0.656 0.0000e+00
        176 142.606050    0.01215     0.7292     43.750  1024.5854  50118.535    31.0884      0.655    7.27221     4.9350     4.9349    24.5823   13.02827 5.1196e+01      0.661 0.0000e+00
        177 142.606053    0.01222     0.7333     44.000  1024.5857  50118.994    31.0887      0.659    7.27218     4.9352     4.9350    24.5826   13.02821 5.1137e+01      0.665 0.0000e+00
        178 142.606056    0.01229     0.7375     44.250  1024.5860  50119.543    31.0891      0.660    7.27215     4.9355     4.9351    24.5829   13.02815 5.1027e+01      0.666 0.0000e+00
        179 142.606059    0.01236     0.7417     44.500  1024.5861  50119.753    31.0893      0.659    7.27211     4.9359     4.9352    24.5830   13.02809 5.1014e+01      0.666 0.0000e+00
        180 142.606062    0.01243     0.7458     44.750  1024.5860  50119.575    31.0892      0.659    7.27206     4.9362     4.9356    24.5829   13.02800 5.1132e+01      0.665 0.0000e+00
        181 142.606065    0.01250     0.7500     45.000  1024.5859  50119.243    31.0891      0.659    7.27200     4.9365     4.9359    24.5828   13.02790 5.1304e+01      0.666 0.0000e+00
        182 142.606068    0.01257     0.7542     45.250  1024.5858  50118.978    31.0889      0.660    7.27195     4.9366     4.9363    24.5826   13.02782 5.1195e+01      0.666 0.0000e+00
        183 142.606071    0.01264     0.7583     45.500  1024.5857  50118.897    31.0889      0.661    7.27191     4.9366     4.9365    24.5826   13.02775 5.0854e+01      0.667 0.0000e+00
        184 142.606073    0.01271     0.7625     45.750  1024.5858  50118.994    31.0890      0.662    7.27189     4.9365     4.9366    24.5826   13.02772 5.0649e+01      0.668 0.0000e+00
        185 142.606076    0.01278     0.7667     46.000  1024.5859  50119.180    31.0891      0.662    7.27188     4.9365     4.9366    24.5827   13.02770 5.0583e+01      0.669 0.0000e+00
        186 142.606079    0.01285     0.7708     46.250  1024.5860  50119.386    31.0893      0.663    7.27188     4.9364     4.9365    24.5829   13.02770 5.0632e+01      0.669 0.0000e+00
        187 142.606082    0.01292     0.7750     46.500  1024.5861  50119.597    31.0894      0.662    7.27188     4.9364     4.9365    24.5830   13.02769 5.1000e+01      0.669 0.0000e+00
        188 142.606085    0.01299     0.7792     46.750  1024.5862  50119.793    31.0895      0.661    7.27188     4.9363     4.9365    24.5831   13.02770 5.1347e+01      0.668 0.0000e+00
        189 142.606088    0.01306     0.7833     47.000  1024.5863  50119.973    31.0896      0.661    7.27189     4.9362     4.9364    24.5832   13.02771 5.0936e+01      0.667 0.0000e+00
        190 142.606091    0.01313     0.7875     47.250  1024.5864  50120.174    31.0898      0.661    7.27189     4.9361     4.9363    24.5833   13.02772 5.0206e+01      0.668 0.0000e+00
        191 142.606094    0.01319     0.7917     47.500  1024.5866  50120.416    31.0899      0.662    7.27190     4.9360     4.9362    24.5834   13.02773 5.0129e+01      0.669 0.0000e+00
        192 142.606097    0.01326     0.7958     47.750  1024.5867  50120.699    31.0901      0.663    7.27191     4.9359     4.9361    24.5836   13.02775 5.0525e+01      0.669 0.0000e+00
        193 142.606100    0.01333     0.8000     48.000  1024.5869  50121.015    31.0903      0.663    7.27192     4.9359     4.9360    24.5837   13.02776 5.0631e+01      0.669 0.0000e+00
        194 142.606102    0.01340     0.8042     48.250  1024.5870  50121.336    31.0905      0.662    7.27193     4.9358     4.9360    24.5839   13.02776 5.0236e+01      0.668 0.0000e+00
        195 142.606105    0.01347     0.8083     48.500  1024.5872  50121.606    31.0907      0.662    7.27193     4.9358     4.9359    24.5841   13.02776 4.9923e+01      0.668 0.0000e+00
        196 142.606108    0.01354     0.8125     48.750  1024.5873  50121.786    31.0908      0.663    7.27193     4.9357     4.9359    24.5842   13.02776 5.0110e+01      0.669 0.0000e+00
        197 142.606111    0.01361     0.8167     49.000  1024.5874  50121.931    31.0909      0.667    7.27193     4.9357     4.9358    24.5842   13.02776 5.0619e+01      0.673 0.0000e+00
        198 142.606114    0.01368     0.8208     49.250  1024.5875  50122.124    31.0910      0.671    7.27193     4.9356     4.9358    24.5843   13.02776 5.1190e+01      0.677 0.0000e+00
        199 142.606117    0.01375     0.8250     49.500  1024.5876  50122.369    31.0911      0.675    7.27194     4.9355     4.9358    24.5845   13.02776 5.1346e+01      0.681 0.0000e+00
        200 142.606120    0.01382     0.8292     49.750  1024.5878  50122.633    31.0913      0.676    7.27194     4.9354     4.9357    24.5846   13.02777 5.1011e+01      0.682 0.0000e+00
        201 142.606123    0.01389     0.8333     50.000  1024.5879  50122.863    31.0915      0.676    7.27194     4.9354     4.9356    24.5847   13.02778 5.1023e+01      0.683 0.0000e+00
        202 142.606126    0.01396     0.8375     50.250  1024.5880  50123.031    31.0916      0.676    7.27195     4.9353     4.9355    24.5848   13.02779 5.1588e+01      0.683 0.0000e+00
        203 142.606128    0.01403     0.8417     50.500  1024.5880  50123.168    31.0916      0.676    7.27196     4.9353     4.9354    24.5848   13.02781 5.1667e+01      0.682 0.0000e+00
        204 142.606131    0.01410     0.8458     50.750  1024.5881  50123.294    31.0917      0.674    7.27197     4.9352     4.9354    24.5849   13.02782 5.0743e+01      0.680 0.0000e+00
        205 142.606134    0.01417     0.8500     51.000  1024.5881  50123.387    31.0918      0.671    7.27197     4.9352     4.9353    24.5850   13.02783 4.9792e+01      0.677 0.0000e+00
        206 142.606137    0.01424     0.8542     51.250  1024.5881  50123.401    31.0918      0.668    7.27198     4.9351     4.9353    24.5850   13.02784 5.0012e+01      0.675 0.0000e+00
        207 142.606140    0.01431     0.8583     51.500  1024.5881  50123.366    31.0917      0.669    7.27200     4.9350     4.9352    24.5849   13.02786 5.1038e+01      0.676 0.0000e+00
        208 142.606143    0.01438     0.8625     51.750  1024.5881  50123.377    31.0917      0.672    7.27201     4.9348     4.9351    24.5849   13.02789 5.1412e+01      0.679 0.0000e+00
        209 142.606146    0.01444     0.8667     52.000  1024.5882  50123.498    31.0918      0.675    7.27203     4.9346     4.9350    24.5850   13.02792 5.0848e+01      0.682 0.0000e+00
        210 142.606149    0.01451     0.8708     52.250  1024.5883  50123.768    31.0919      0.676    7.27205     4.9344     4.9348    24.5851   13.02795 5.0601e+01      0.683 0.0000e+00
        211 142.606152    0.01458     0.8750     52.500  1024.5885  50124.112    31.0921      0.675    7.27208     4.9342     4.9346    24.5853   13.02799 5.1156e+01      0.681 0.0000e+00
        212 142.606155    0.01465     0.8792     52.750  1024.5887  50124.398    31.0922      0.674    7.27211     4.9340     4.9344    24.5855   13.02804 5.1394e+01      0.680 0.0000e+00
        213 142.606157    0.01472     0.8833     53.000  1024.5888  50124.583    31.0923      0.675    7.27214     4.9338     4.9342    24.5856   13.02809 5.0956e+01      0.681 0.0000e+00
        214 142.606160    0.01479     0.8875     53.250  1024.5888  50124.723    31.0924      0.676    7.27217     4.9336     4.9341    24.5856   13.02814 5.0538e+01      0.682 0.0000e+00
        215 142.606163    0.01486     0.8917     53.500  1024.5889  50124.919    31.0925      0.677    7.27220     4.9333     4.9339    24.5857   13.02819 5.0439e+01      0.684 0.0000e+00
        216 142.606166    0.01493     0.8958     53.750  1024.5890  50125.197    31.0926      0.678    7.27223     4.9331     4.9336    24.5858   13.02824 5.0595e+01      0.685 0.0000e+00
        217 142.606169    0.01500     0.9000     54.000  1024.5892  50125.487    31.0928      0.680    7.27226     4.9330     4.9334    24.5860   13.02829 5.1013e+01      0.687 0.0000e+00
        218 142.606172    0.01507     0.9042     54.250  1024.5893  50125.731    31.0929      0.684    7.27229     4.9328     4.9332    24.5861   13.02833 5.1782e+01      0.690 0.0000e+00
        219 142.606175    0.01514     0.9083     54.500  1024.5895  50125.927    31.0930      0.688    7.27232     4.9326     4.9330    24.5862   13.02838 5.2311e+01      0.695 0.0000e+00
        220 142.606178    0.01521     0.9125     54.750  1024.5896  50126.106    31.0931      0.693    7.27234     4.9325     4.9329    24.5863   13.02842 5.1837e+01      0.700 0.0000e+00
        221 142.606181    0.01528     0.9167     55.000  1024.5897  50126.291    31.0932      0.696    7.27237     4.9323     4.9327    24.5864   13.02845 5.1148e+01      0.703 0.0000e+00
        222 142.606183    0.01535     0.9208     55.250  1024.5898  50126.484    31.0933      0.695    7.27239     4.9321     4.9326    24.5865   13.02849 5.1526e+01      0.702 0.0000e+00
        223 142.606186    0.01542     0.9250     55.500  1024.5898  50126.698    31.0934      0.691    7.27242     4.9318     4.9324    24.5866   13.02854 5.2330e+01      0.697 0.0000e+00
        224 142.606189    0.01549     0.9292     55.750  1024.5899  50126.951    31.0935      0.683    7.27246     4.9316     4.9321    24.5867   13.02860 5.2148e+01      0.689 0.0000e+00
        225 142.606192    0.01556     0.9333     56.000  1024.5900  50127.229    31.0937      0.677    7.27249     4.9314     4.9319    24.5869   13.02866 5.1228e+01      0.683 0.0000e+00
        226 142.606195    0.01563     0.9375     56.250  1024.5902  50127.492    31.0938      0.676    7.27253     4.9312     4.9317    24.5870   13.02871 5.0815e+01      0.683 0.0000e+00
        227 142.606198    0.01569     0.9417     56.500  1024.5903  50127.723    31.0939      0.682    7.27256     4.9311     4.9315    24.5871   13.02876 5.1013e+01      0.689 0.0000e+00
        228 142.606201    0.01576     0.9458     56.750  1024.5904  50127.932    31.0940      0.691    7.27258     4.9309     4.9313    24.5872   13.02879 5.1166e+01      0.697 0.0000e+00
        229 142.606204    0.01583     0.9500     57.000  1024.5906  50128.135    31.0941      0.697    7.27259     4.9308     4.9312    24.5873   13.02882 5.1105e+01      0.703 0.0000e+00
        230 142.606207    0.01590     0.9542     57.250  1024.5907  50128.355    31.0942      0.697    7.27261     4.9306     4.9310    24.5874   13.02885 5.1024e+01      0.704 0.0000e+00
        231 142.606209    0.01597     0.9583     57.500  1024.5908  50128.595    31.0944      0.693    7.27263     4.9305     4.9309    24.5876   13.02887 5.0910e+01      0.700 0.0000e+00
        232 142.606212    0.01604     0.9625     57.750  1024.5908  50128.820    31.0945      0.688    7.27265     4.9303     4.9307    24.5877   13.02891 5.0446e+01      0.695 0.0000e+00
        233 142.606215    0.01611     0.9667     58.000  1024.5909  50129.012    31.0946      0.684    7.27267     4.9302     4.9305    24.5877   13.02895 5.0027e+01      0.690 0.0000e+00
        234 142.606218    0.01618     0.9708     58.250  1024.5910  50129.201    31.0947      0.680    7.27270     4.9301     4.9303    24.5878   13.02899 5.0081e+01      0.686 0.0000e+00
        235 142.606221    0.01625     0.9750     58.500  1024.5911  50129.408    31.0948      0.678    7.27272     4.9300     4.9302    24.5879   13.02902 5.0082e+01      0.685 0.0000e+00
        236 142.606224    0.01632     0.9792     58.750  1024.5912  50129.641    31.0949      0.680    7.27273     4.9299     4.9301    24.5880   13.02904 4.9794e+01      0.686 0.0000e+00
        237 142.606227    0.01639     0.9833     59.000  1024.5914  50129.895    31.0950      0.685    7.27274     4.9299     4.9300    24.5882   13.02904 4.9609e+01      0.691 0.0000e+00
        238 142.606230    0.01646     0.9875     59.250  1024.5915  50130.121    31.0952      0.693    7.27274     4.9300     4.9300    24.5883   13.02904 4.9741e+01      0.700 0.0000e+00
        239 142.606233    0.01653     0.9917     59.500  1024.5917  50130.314    31.0953      0.701    7.27273     4.9301     4.9300    24.5884   13.02902 5.0250e+01      0.707 0.0000e+00
        240 142.606236    0.01660     0.9958     59.750  1024.5918  50130.550    31.0955      0.703    7.27271     4.9304     4.9301    24.5885   13.02899 5.0970e+01      0.709 0.0000e+00
        241 142.606238    0.01667     1.0000     60.000  1024.5920  50130.913    31.0958      0.698    7.27267     4.9308     4.9302    24.5887   13.02893 5.1176e+01      0.705 0.0000e+00
        242 142.606241    0.01674     1.0042     60.250  1024.5923  50131.494    31.0962      0.691    7.27261     4.9317     4.9304    24.5891   13.02882 5.0489e+01      0.697 0.0000e+00
        243 142.606244    0.01681     1.0083     60.500  1024.5928  50132.367    31.0969      0.686    7.27250     4.9335     4.9308    24.5895   13.02862 4.9731e+01      0.693 0.0000e+00
        244 142.606247    0.01688     1.0125     60.750  1024.5936  50133.631    31.0980      0.687    7.27228     4.9363     4.9318    24.5903   13.02826 4.9607e+01      0.693 0.0000e+00
        245 142.606250    0.01694     1.0167     61.000  1024.5943  50134.743    31.0991      0.690    7.27193     4.9401     4.9335    24.5910   13.02765 4.9722e+01      0.697 0.0000e+00
        246 142.606253    0.01701     1.0208     61.250  1024.5940  50133.891    31.0992      0.693    7.27143     4.9439     4.9364    24.5907   13.02682 4.9773e+01      0.700 0.0000e+00
        247 142.606256    0.01708     1.0250     61.500  1024.5921  50129.888    31.0972      0.695    7.27086     4.9468     4.9402    24.5888   13.02592 4.9906e+01      0.701 0.0000e+00
        248 142.606259    0.01715     1.0292     61.750  1024.5890  50123.627    31.0937      0.695    7.27037     4.9486     4.9440    24.5857   13.02516 5.0069e+01      0.702 0.0000e+00
        249 142.606262    0.01722     1.0333     62.000  1024.5852  50116.392    31.0894      0.696    7.27007     4.9490     4.9469    24.5819   13.02471 5.0061e+01      0.703 0.0000e+00
        250 142.606264    0.01729     1.0375     62.250  1024.5810  50108.418    31.0843      0.697    7.27001     4.9481     4.9487    24.5777   13.02469 4.9991e+01      0.704 0.0000e+00
        251 142.606267    0.01736     1.0417     62.500  1024.5769  50100.897    31.0792      0.696    7.27019     4.9465     4.9490    24.5737   13.02505 4.9970e+01      0.703 0.0000e+00
        252 142.606270    0.01743     1.0458     62.750  1024.5743  50096.124    31.0758      0.694    7.27051     4.9445     4.9482    24.5710   13.02562 4.9951e+01      0.701 0.0000e+00
        253 142.606273    0.01750     1.0500     63.000  1024.5724  50092.986    31.0733      0.692    7.27092     4.9421     4.9465    24.5692   13.02632 4.9929e+01      0.699 0.0000e+00
        254 142.606276    0.01757     1.0542     63.250  1024.5697  50088.144    31.0696      0.693    7.27144     4.9388     4.9446    24.5664   13.02724 4.9716e+01      0.699 0.0000e+00
        255 142.606279    0.01764     1.0583     63.500  1024.5656  50080.777    31.0640      0.694    7.27214     4.9347     4.9421    24.5623   13.02846 4.9479e+01      0.700 0.0000e+00
