CTD-processing/allCTD/CNV--homogene/2018_06-22_alongbay_skb04_cast108.cnv
* Sea-Bird SBE19plus Data File:
* FileName = C:\Users\Kim.Powell\Desktop\Not Processed\2018\2018_06-XX\2018_06-XX_TRANSECT_STATION_cast108.hex
* Software Version 1.59
* Temperature SN =  5028
* Conductivity SN =  5028
* System UpLoad Time = Jul 05 2018 09:22:51
** 2018_06-22
** Station: KB04
** Start Time: 11:10
** Depth (m): 158.4
** Comment:
** Comment:
# nquan = 17
# nvalues = 1020                        
# units = specified
# name 0 = scan: Scan Count
# name 1 = timeJ: Julian Days
# name 2 = timeH: Time, Elapsed [hours]
# name 3 = timeM: Time, Elapsed [minutes]
# name 4 = timeS: Time, Elapsed [seconds]
# name 5 = density00: Density [density, kg/m^3]
# name 6 = specc: Specific Conductance [uS/cm]
# name 7 = sal00: Salinity, Practical [PSU]
# name 8 = depSM: Depth [salt water, m], lat = 59.00
# name 9 = oxsolML/L: Oxygen Saturation, Garcia & Gordon [ml/l]
# name 10 = potemp090C: Potential Temperature [ITS-90, deg C]
# name 11 = tv290C: Temperature [ITS-90, deg C]
# name 12 = sigma-é00: Density [sigma-theta, kg/m^3]
# name 13 = n2satML/L: Nitrogen Saturation [ml/l]
# name 14 = par: PAR/Irradiance, Biospherical/Licor
# name 15 = prdM: Pressure, Strain Gauge [db]
# name 16 = flag:  0.000e+00
# span 0 =          1,       1020       
# span 1 = 173.465660, 173.468608       
# span 2 =    0.00000,    0.07076       
# span 3 =     0.0000,     4.2458       
# span 4 =      0.000,    254.750       
# span 5 =  1022.1889,  1025.6995       
# span 6 =  45756.341,  50874.162       
# span 7 =    28.8553,    31.8050       
# span 8 =      0.708,    151.379       
# span 9 =    6.59347,    7.03791       
# span 10 =     6.1094,     9.6563      
# span 11 =     6.1219,     9.8277      
# span 12 =    22.1856,    24.9944      
# span 13 =   11.93298,   12.63239      
# span 14 = 4.5475e-02, 1.0670e+03      
# span 15 =      0.715,    152.865      
# span 16 = 0.0000e+00, 0.0000e+00      
# interval = seconds: 0.25
# start_time = Jun 22 2018 11:10:33 [Instrument's time stamp, header]
# bad_flag = -9.990e-29
*END*
[from data line 596]
        597 173.467384    0.04139     2.4833    149.000  1025.1842  50581.155    31.7992     64.629    6.87734     7.1016     7.1095    24.8846   12.36674 6.3185e-02     65.250 0.0000e+00
        598 173.467387    0.04146     2.4875    149.250  1025.1853  50581.353    31.7991     64.850    6.87750     7.1004     7.1085    24.8846   12.36702 6.2707e-02     65.472 0.0000e+00
        599 173.467390    0.04153     2.4917    149.500  1025.1864  50581.758    31.7991     65.077    6.87767     7.0992     7.1074    24.8847   12.36730 6.2241e-02     65.701 0.0000e+00
        600 173.467393    0.04160     2.4958    149.750  1025.1877  50582.256    31.7991     65.301    6.87785     7.0981     7.1063    24.8849   12.36760 6.1802e-02     65.927 0.0000e+00
        601 173.467396    0.04167     2.5000    150.000  1025.1889  50582.794    31.7992     65.513    6.87803     7.0969     7.1051    24.8851   12.36790 6.1405e-02     66.142 0.0000e+00
        602 173.467399    0.04174     2.5042    150.250  1025.1900  50583.285    31.7992     65.709    6.87822     7.0956     7.1040    24.8853   12.36820 6.1047e-02     66.340 0.0000e+00
        603 173.467402    0.04181     2.5083    150.500  1025.1909  50583.609    31.7992     65.895    6.87841     7.0942     7.1028    24.8854   12.36852 6.0713e-02     66.527 0.0000e+00
        604 173.467405    0.04188     2.5125    150.750  1025.1918  50583.663    31.7989     66.083    6.87862     7.0926     7.1015    24.8853   12.36887 6.0382e-02     66.717 0.0000e+00
        605 173.467407    0.04194     2.5167    151.000  1025.1925  50583.419    31.7984     66.285    6.87886     7.0906     7.1001    24.8851   12.36927 6.0037e-02     66.921 0.0000e+00
        606 173.467410    0.04201     2.5208    151.250  1025.1932  50582.957    31.7977     66.508    6.87914     7.0881     7.0985    24.8848   12.36975 5.9672e-02     67.147 0.0000e+00
        607 173.467413    0.04208     2.5250    151.500  1025.1938  50582.252    31.7967     66.751    6.87950     7.0850     7.0966    24.8843   12.37035 5.9296e-02     67.392 0.0000e+00
        608 173.467416    0.04215     2.5292    151.750  1025.1945  50581.501    31.7956     66.999    6.87994     7.0813     7.0941    24.8838   12.37109 5.8925e-02     67.643 0.0000e+00
        609 173.467419    0.04222     2.5333    152.000  1025.1953  50581.188    31.7948     67.240    6.88047     7.0773     7.0910    24.8835   12.37198 5.8583e-02     67.886 0.0000e+00
        610 173.467422    0.04229     2.5375    152.250  1025.1966  50581.707    31.7944     67.465    6.88107     7.0733     7.0873    24.8837   12.37298 5.8276e-02     68.113 0.0000e+00
        611 173.467425    0.04236     2.5417    152.500  1025.1983  50583.288    31.7947     67.675    6.88169     7.0696     7.0833    24.8845   12.37400 5.7987e-02     68.325 0.0000e+00
        612 173.467428    0.04243     2.5458    152.750  1025.2003  50585.426    31.7954     67.878    6.88229     7.0662     7.0793    24.8855   12.37498 5.7710e-02     68.530 0.0000e+00
        613 173.467431    0.04250     2.5500    153.000  1025.2022  50587.250    31.7959     68.083    6.88285     7.0628     7.0756    24.8864   12.37590 5.7453e-02     68.737 0.0000e+00
        614 173.467433    0.04257     2.5542    153.250  1025.2037  50588.329    31.7959     68.296    6.88339     7.0592     7.0722    24.8869   12.37679 5.7206e-02     68.952 0.0000e+00
        615 173.467436    0.04264     2.5583    153.500  1025.2046  50588.380    31.7953     68.520    6.88394     7.0551     7.0689    24.8869   12.37771 5.6951e-02     69.178 0.0000e+00
        616 173.467439    0.04271     2.5625    153.750  1025.2052  50587.655    31.7941     68.754    6.88457     7.0504     7.0654    24.8864   12.37876 5.6685e-02     69.414 0.0000e+00
        617 173.467442    0.04278     2.5667    154.000  1025.2058  50587.022    31.7928     68.989    6.88528     7.0454     7.0612    24.8859   12.37995 5.6418e-02     69.652 0.0000e+00
        618 173.467445    0.04285     2.5708    154.250  1025.2068  50587.110    31.7919     69.219    6.88606     7.0403     7.0565    24.8859   12.38125 5.6162e-02     69.884 0.0000e+00
        619 173.467448    0.04292     2.5750    154.500  1025.2084  50588.316    31.7918     69.440    6.88687     7.0355     7.0515    24.8864   12.38259 5.5920e-02     70.107 0.0000e+00
        620 173.467451    0.04299     2.5792    154.750  1025.2105  50590.497    31.7923     69.653    6.88765     7.0311     7.0464    24.8875   12.38388 5.5691e-02     70.322 0.0000e+00
        621 173.467454    0.04306     2.5833    155.000  1025.2127  50592.949    31.7930     69.862    6.88837     7.0272     7.0416    24.8887   12.38507 5.5468e-02     70.533 0.0000e+00
        622 173.467457    0.04312     2.5875    155.250  1025.2147  50595.109    31.7936     70.070    6.88903     7.0235     7.0373    24.8898   12.38615 5.5249e-02     70.743 0.0000e+00
        623 173.467459    0.04319     2.5917    155.500  1025.2164  50596.593    31.7939     70.279    6.88964     7.0198     7.0334    24.8905   12.38715 5.5036e-02     70.954 0.0000e+00
        624 173.467462    0.04326     2.5958    155.750  1025.2177  50597.341    31.7937     70.488    6.89023     7.0159     7.0297    24.8908   12.38813 5.4821e-02     71.165 0.0000e+00
        625 173.467465    0.04333     2.6000    156.000  1025.2187  50597.613    31.7931     70.693    6.89084     7.0118     7.0261    24.8909   12.38914 5.4608e-02     71.372 0.0000e+00
        626 173.467468    0.04340     2.6042    156.250  1025.2196  50597.556    31.7923     70.893    6.89148     7.0072     7.0223    24.8908   12.39022 5.4406e-02     71.574 0.0000e+00
        627 173.467471    0.04347     2.6083    156.500  1025.2203  50597.330    31.7913     71.091    6.89219     7.0022     7.0181    24.8905   12.39140 5.4219e-02     71.774 0.0000e+00
        628 173.467474    0.04354     2.6125    156.750  1025.2211  50597.325    31.7904     71.289    6.89296     6.9971     7.0135    24.8904   12.39268 5.4040e-02     71.975 0.0000e+00
        629 173.467477    0.04361     2.6167    157.000  1025.2223  50598.114    31.7900     71.491    6.89377     6.9922     7.0086    24.8907   12.39402 5.3856e-02     72.179 0.0000e+00
        630 173.467480    0.04368     2.6208    157.250  1025.2244  50600.281    31.7905     71.699    6.89456     6.9881     7.0035    24.8918   12.39533 5.3668e-02     72.388 0.0000e+00
        631 173.467483    0.04375     2.6250    157.500  1025.2271  50603.633    31.7918     71.914    6.89527     6.9848     6.9986    24.8935   12.39649 5.3480e-02     72.605 0.0000e+00
        632 173.467486    0.04382     2.6292    157.750  1025.2299  50607.129    31.7934     72.134    6.89586     6.9822     6.9945    24.8953   12.39744 5.3285e-02     72.828 0.0000e+00
        633 173.467488    0.04389     2.6333    158.000  1025.2324  50609.899    31.7947     72.360    6.89632     6.9800     6.9912    24.8967   12.39819 5.3081e-02     73.056 0.0000e+00
        634 173.467491    0.04396     2.6375    158.250  1025.2343  50611.582    31.7953     72.591    6.89670     6.9778     6.9886    24.8975   12.39881 5.2883e-02     73.289 0.0000e+00
        635 173.467494    0.04403     2.6417    158.500  1025.2356  50612.288    31.7953     72.826    6.89705     6.9756     6.9864    24.8978   12.39938 5.2695e-02     73.526 0.0000e+00
        636 173.467497    0.04410     2.6458    158.750  1025.2367  50612.425    31.7949     73.062    6.89740     6.9731     6.9843    24.8977   12.39997 5.2515e-02     73.765 0.0000e+00
        637 173.467500    0.04417     2.6500    159.000  1025.2375  50612.160    31.7942     73.296    6.89779     6.9701     6.9821    24.8975   12.40062 5.2345e-02     74.002 0.0000e+00
        638 173.467503    0.04424     2.6542    159.250  1025.2381  50611.469    31.7931     73.522    6.89824     6.9666     6.9796    24.8971   12.40137 5.2182e-02     74.229 0.0000e+00
        639 173.467506    0.04431     2.6583    159.500  1025.2384  50610.366    31.7917     73.734    6.89877     6.9625     6.9766    24.8964   12.40226 5.2030e-02     74.444 0.0000e+00
        640 173.467509    0.04437     2.6625    159.750  1025.2386  50609.230    31.7902     73.935    6.89939     6.9579     6.9731    24.8956   12.40331 5.1900e-02     74.646 0.0000e+00
        641 173.467512    0.04444     2.6667    160.000  1025.2393  50609.058    31.7893     74.129    6.90010     6.9532     6.9690    24.8954   12.40449 5.1782e-02     74.843 0.0000e+00
        642 173.467514    0.04451     2.6708    160.250  1025.2407  50610.136    31.7891     74.324    6.90083     6.9486     6.9644    24.8959   12.40570 5.1661e-02     75.039 0.0000e+00
        643 173.467517    0.04458     2.6750    160.500  1025.2424  50611.711    31.7893     74.522    6.90156     6.9442     6.9598    24.8966   12.40691 5.1533e-02     75.239 0.0000e+00
        644 173.467520    0.04465     2.6792    160.750  1025.2442  50613.406    31.7896     74.724    6.90228     6.9399     6.9552    24.8974   12.40809 5.1403e-02     75.443 0.0000e+00
        645 173.467523    0.04472     2.6833    161.000  1025.2461  50615.358    31.7901     74.927    6.90296     6.9361     6.9508    24.8984   12.40922 5.1278e-02     75.647 0.0000e+00
        646 173.467526    0.04479     2.6875    161.250  1025.2482  50617.825    31.7909     75.120    6.90360     6.9329     6.9465    24.8996   12.41026 5.1163e-02     75.843 0.0000e+00
        647 173.467529    0.04486     2.6917    161.500  1025.2506  50620.766    31.7922     75.302    6.90415     6.9304     6.9427    24.9012   12.41115 5.1061e-02     76.027 0.0000e+00
        648 173.467532    0.04493     2.6958    161.750  1025.2528  50623.629    31.7935     75.475    6.90459     6.9285     6.9396    24.9026   12.41187 5.0970e-02     76.202 0.0000e+00
        649 173.467535    0.04500     2.7000    162.000  1025.2548  50625.906    31.7946     75.646    6.90494     6.9268     6.9371    24.9038   12.41243 5.0880e-02     76.374 0.0000e+00
        650 173.467538    0.04507     2.7042    162.250  1025.2562  50627.163    31.7951     75.827    6.90523     6.9251     6.9352    24.9044   12.41290 5.0786e-02     76.556 0.0000e+00
        651 173.467541    0.04514     2.7083    162.500  1025.2571  50627.201    31.7947     76.027    6.90551     6.9228     6.9335    24.9043   12.41336 5.0680e-02     76.759 0.0000e+00
        652 173.467543    0.04521     2.7125    162.750  1025.2575  50626.091    31.7935     76.250    6.90584     6.9196     6.9318    24.9036   12.41392 5.0559e-02     76.984 0.0000e+00
        653 173.467546    0.04528     2.7167    163.000  1025.2574  50624.208    31.7917     76.487    6.90628     6.9156     6.9295    24.9025   12.41468 5.0433e-02     77.223 0.0000e+00
        654 173.467549    0.04535     2.7208    163.250  1025.2578  50623.174    31.7903     76.723    6.90685     6.9116     6.9264    24.9018   12.41564 5.0309e-02     77.462 0.0000e+00
        655 173.467552    0.04542     2.7250    163.500  1025.2596  50624.838    31.7906     76.943    6.90747     6.9084     6.9224    24.9026   12.41666 5.0195e-02     77.684 0.0000e+00
        656 173.467555    0.04549     2.7292    163.750  1025.2625  50628.545    31.7924     77.137    6.90802     6.9062     6.9184    24.9045   12.41755 5.0098e-02     77.880 0.0000e+00
        657 173.467558    0.04556     2.7333    164.000  1025.2652  50632.285    31.7944     77.309    6.90845     6.9049     6.9152    24.9064   12.41823 5.0013e-02     78.053 0.0000e+00
        658 173.467561    0.04562     2.7375    164.250  1025.2676  50635.374    31.7960     77.473    6.90872     6.9044     6.9130    24.9080   12.41866 4.9931e-02     78.219 0.0000e+00
        659 173.467564    0.04569     2.7417    164.500  1025.2696  50637.712    31.7973     77.645    6.90886     6.9041     6.9117    24.9092   12.41887 4.9848e-02     78.393 0.0000e+00
        660 173.467567    0.04576     2.7458    164.750  1025.2710  50638.768    31.7979     77.838    6.90892     6.9038     6.9112    24.9098   12.41897 4.9764e-02     78.587 0.0000e+00
        661 173.467569    0.04583     2.7500    165.000  1025.2717  50638.412    31.7975     78.052    6.90897     6.9032     6.9110    24.9095   12.41905 4.9676e-02     78.803 0.0000e+00
        662 173.467572    0.04590     2.7542    165.250  1025.2724  50637.851    31.7970     78.278    6.90905     6.9026     6.9107    24.9091   12.41919 4.9590e-02     79.032 0.0000e+00
        663 173.467575    0.04597     2.7583    165.500  1025.2735  50638.142    31.7970     78.505    6.90914     6.9020     6.9101    24.9092   12.41934 4.9507e-02     79.261 0.0000e+00
        664 173.467578    0.04604     2.7625    165.750  1025.2747  50638.627    31.7971     78.723    6.90923     6.9014     6.9095    24.9094   12.41949 4.9423e-02     79.481 0.0000e+00
        665 173.467581    0.04611     2.7667    166.000  1025.2756  50638.645    31.7969     78.930    6.90933     6.9006     6.9089    24.9093   12.41965 4.9335e-02     79.691 0.0000e+00
        666 173.467584    0.04618     2.7708    166.250  1025.2764  50638.527    31.7966     79.131    6.90943     6.8996     6.9083    24.9091   12.41983 4.9254e-02     79.893 0.0000e+00
        667 173.467587    0.04625     2.7750    166.500  1025.2772  50638.482    31.7963     79.330    6.90956     6.8983     6.9076    24.9090   12.42005 4.9187e-02     80.094 0.0000e+00
        668 173.467590    0.04632     2.7792    166.750  1025.2778  50638.105    31.7958     79.531    6.90974     6.8964     6.9066    24.9087   12.42035 4.9125e-02     80.298 0.0000e+00
        669 173.467593    0.04639     2.7833    167.000  1025.2782  50637.211    31.7949     79.733    6.90999     6.8939     6.9053    24.9082   12.42078 4.9065e-02     80.502 0.0000e+00
        670 173.467595    0.04646     2.7875    167.250  1025.2786  50636.368    31.7938     79.933    6.91034     6.8909     6.9034    24.9076   12.42136 4.9008e-02     80.703 0.0000e+00
        671 173.467598    0.04653     2.7917    167.500  1025.2794  50636.284    31.7932     80.128    6.91077     6.8876     6.9009    24.9075   12.42208 4.8951e-02     80.901 0.0000e+00
        672 173.467601    0.04660     2.7958    167.750  1025.2807  50637.255    31.7933     80.321    6.91125     6.8843     6.8979    24.9079   12.42288 4.8887e-02     81.095 0.0000e+00
        673 173.467604    0.04667     2.8000    168.000  1025.2823  50638.879    31.7937     80.515    6.91175     6.8812     6.8946    24.9087   12.42370 4.8817e-02     81.291 0.0000e+00
        674 173.467607    0.04674     2.8042    168.250  1025.2842  50640.788    31.7944     80.718    6.91224     6.8785     6.8914    24.9096   12.42450 4.8750e-02     81.496 0.0000e+00
        675 173.467610    0.04681     2.8083    168.500  1025.2863  50642.877    31.7952     80.935    6.91269     6.8760     6.8883    24.9106   12.42524 4.8682e-02     81.715 0.0000e+00
        676 173.467613    0.04688     2.8125    168.750  1025.2883  50644.811    31.7959     81.165    6.91310     6.8739     6.8856    24.9116   12.42589 4.8610e-02     81.947 0.0000e+00
        677 173.467616    0.04694     2.8167    169.000  1025.2902  50646.599    31.7966     81.399    6.91345     6.8722     6.8832    24.9124   12.42647 4.8540e-02     82.184 0.0000e+00
        678 173.467619    0.04701     2.8208    169.250  1025.2922  50648.476    31.7974     81.631    6.91375     6.8710     6.8811    24.9133   12.42695 4.8471e-02     82.418 0.0000e+00
        679 173.467622    0.04708     2.8250    169.500  1025.2942  50650.264    31.7983     81.852    6.91398     6.8702     6.8794    24.9142   12.42732 4.8403e-02     82.642 0.0000e+00
        680 173.467624    0.04715     2.8292    169.750  1025.2959  50651.736    31.7990     82.062    6.91414     6.8698     6.8782    24.9150   12.42758 4.8341e-02     82.854 0.0000e+00
