CTD-processing/allCTD/CNV--homogene/2018_11-08_alongbay_skb09_cast005.cnv
* Sea-Bird SBE19plus Data File:
* FileName = C:\Users\Kim.Powell\Desktop\Not Processed\2018\2018_11-08_AlongBay, T9_4141\2018_11-08_TRANSECT_STATION_cast005.hex
* Software Version 1.59
* Temperature SN =  4141
* Conductivity SN =  4141
* System UpLoad Time = Nov 13 2018 09:08:50
** 2018_11-08
** Station: KB09
** Start Time: 11:44
** Depth (m): NA
** Comment:
** Comment:
# nquan = 17
# nvalues = 640                         
# units = specified
# name 0 = scan: Scan Count
# name 1 = timeJ: Julian Days
# name 2 = timeH: Time, Elapsed [hours]
# name 3 = timeM: Time, Elapsed [minutes]
# name 4 = timeS: Time, Elapsed [seconds]
# name 5 = density00: Density [density, kg/m^3]
# name 6 = specc: Specific Conductance [uS/cm]
# name 7 = sal00: Salinity, Practical [PSU]
# name 8 = depSM: Depth [salt water, m], lat = 59.00
# name 9 = oxsolML/L: Oxygen Saturation, Garcia & Gordon [ml/l]
# name 10 = potemp090C: Potential Temperature [ITS-90, deg C]
# name 11 = tv290C: Temperature [ITS-90, deg C]
# name 12 = sigma-é00: Density [sigma-theta, kg/m^3]
# name 13 = n2satML/L: Nitrogen Saturation [ml/l]
# name 14 = par: PAR/Irradiance, Biospherical/Licor
# name 15 = prdM: Pressure, Strain Gauge [db]
# name 16 = flag:  0.000e+00
# span 0 =          1,        640       
# span 1 = 312.488958, 312.490807       
# span 2 =    0.00000,    0.04437       
# span 3 =     0.0000,     2.6625       
# span 4 =      0.000,    159.750       
# span 5 =  1022.9599,  1024.0949       
# span 6 =  47015.681,  48637.154       
# span 7 =    29.2615,    30.6808       
# span 8 =      0.243,     64.238       
# span 9 =    6.69723,    7.09767       
# span 10 =     7.1510,     8.5911      
# span 11 =     6.4934,     8.5975      
# span 12 =    22.9588,    23.7995      
# span 13 =   12.08263,   12.76350      
# span 14 = 3.6182e-02, 1.4703e+02      
# span 15 =      0.245,     64.855      
# span 16 = 0.0000e+00, 0.0000e+00      
# interval = seconds: 0.25
# start_time = Nov 08 2018 11:44:06 [Instrument's time stamp, header]
# bad_flag = -9.990e-29
*END*
[from data line 256]
        257 312.489699    0.01778     1.0667     64.000  1023.6854  48376.889    30.5042      0.716    6.72815     8.4453     8.4436    23.6821   12.13599 8.4796e+01      0.723 0.0000e+00
        258 312.489702    0.01785     1.0708     64.250  1023.6851  48376.418    30.5040      0.716    6.72801     8.4459     8.4446    23.6818   12.13576 8.4819e+01      0.723 0.0000e+00
        259 312.489705    0.01792     1.0750     64.500  1023.6849  48375.991    30.5038      0.715    6.72790     8.4463     8.4454    23.6816   12.13558 8.4955e+01      0.722 0.0000e+00
        260 312.489708    0.01799     1.0792     64.750  1023.6846  48375.516    30.5036      0.715    6.72783     8.4464     8.4460    23.6813   12.13546 8.5022e+01      0.722 0.0000e+00
        261 312.489711    0.01806     1.0833     65.000  1023.6843  48374.974    30.5033      0.715    6.72779     8.4464     8.4463    23.6810   12.13539 8.4998e+01      0.722 0.0000e+00
        262 312.489714    0.01812     1.0875     65.250  1023.6840  48374.565    30.5030      0.715    6.72778     8.4462     8.4465    23.6808   12.13538 8.4955e+01      0.722 0.0000e+00
        263 312.489716    0.01819     1.0917     65.500  1023.6840  48374.557    30.5030      0.715    6.72779     8.4460     8.4464    23.6808   12.13540 8.4861e+01      0.722 0.0000e+00
        264 312.489719    0.01826     1.0958     65.750  1023.6843  48374.955    30.5032      0.716    6.72780     8.4460     8.4462    23.6810   12.13542 8.4849e+01      0.723 0.0000e+00
        265 312.489722    0.01833     1.1000     66.000  1023.6846  48375.556    30.5036      0.716    6.72781     8.4463     8.4460    23.6813   12.13543 8.4852e+01      0.723 0.0000e+00
        266 312.489725    0.01840     1.1042     66.250  1023.6849  48376.166    30.5041      0.716    6.72779     8.4467     8.4460    23.6816   12.13539 8.4926e+01      0.723 0.0000e+00
        267 312.489728    0.01847     1.1083     66.500  1023.6852  48376.724    30.5045      0.716    6.72773     8.4472     8.4463    23.6819   12.13529 8.5080e+01      0.723 0.0000e+00
        268 312.489731    0.01854     1.1125     66.750  1023.6855  48377.148    30.5049      0.717    6.72766     8.4478     8.4467    23.6822   12.13516 8.5108e+01      0.724 0.0000e+00
        269 312.489734    0.01861     1.1167     67.000  1023.6856  48377.342    30.5051      0.718    6.72757     8.4485     8.4472    23.6823   12.13500 8.5056e+01      0.725 0.0000e+00
        270 312.489737    0.01868     1.1208     67.250  1023.6855  48377.279    30.5051      0.720    6.72747     8.4491     8.4479    23.6822   12.13484 8.5030e+01      0.727 0.0000e+00
        271 312.489740    0.01875     1.1250     67.500  1023.6853  48376.948    30.5049      0.721    6.72737     8.4497     8.4486    23.6820   12.13468 8.5135e+01      0.728 0.0000e+00
        272 312.489742    0.01882     1.1292     67.750  1023.6850  48376.436    30.5047      0.722    6.72728     8.4501     8.4492    23.6817   12.13453 8.5147e+01      0.728 0.0000e+00
        273 312.489745    0.01889     1.1333     68.000  1023.6847  48375.866    30.5044      0.720    6.72720     8.4503     8.4498    23.6814   12.13442 8.5045e+01      0.726 0.0000e+00
        274 312.489748    0.01896     1.1375     68.250  1023.6843  48375.281    30.5040      0.716    6.72716     8.4504     8.4502    23.6810   12.13434 8.5036e+01      0.723 0.0000e+00
        275 312.489751    0.01903     1.1417     68.500  1023.6841  48374.904    30.5038      0.712    6.72714     8.4504     8.4504    23.6808   12.13431 8.4759e+01      0.719 0.0000e+00
        276 312.489754    0.01910     1.1458     68.750  1023.6842  48375.137    30.5040      0.710    6.72712     8.4507     8.4505    23.6809   12.13428 8.4396e+01      0.716 0.0000e+00
        277 312.489757    0.01917     1.1500     69.000  1023.6846  48375.817    30.5045      0.710    6.72709     8.4511     8.4505    23.6813   12.13423 8.4296e+01      0.716 0.0000e+00
        278 312.489760    0.01924     1.1542     69.250  1023.6849  48376.365    30.5049      0.711    6.72704     8.4515     8.4508    23.6816   12.13414 8.4326e+01      0.718 0.0000e+00
        279 312.489763    0.01931     1.1583     69.500  1023.6850  48376.459    30.5050      0.714    6.72698     8.4519     8.4512    23.6816   12.13403 8.4655e+01      0.721 0.0000e+00
        280 312.489766    0.01938     1.1625     69.750  1023.6848  48376.119    30.5048      0.716    6.72692     8.4521     8.4516    23.6814   12.13393 8.4995e+01      0.722 0.0000e+00
        281 312.489769    0.01944     1.1667     70.000  1023.6845  48375.718    30.5046      0.716    6.72687     8.4522     8.4520    23.6812   12.13386 8.5233e+01      0.722 0.0000e+00
        282 312.489771    0.01951     1.1708     70.250  1023.6844  48375.508    30.5045      0.714    6.72684     8.4521     8.4522    23.6811   12.13382 8.5502e+01      0.721 0.0000e+00
        283 312.489774    0.01958     1.1750     70.500  1023.6843  48375.422    30.5044      0.711    6.72683     8.4521     8.4523    23.6810   12.13380 8.5403e+01      0.718 0.0000e+00
        284 312.489777    0.01965     1.1792     70.750  1023.6844  48375.592    30.5045      0.709    6.72683     8.4521     8.4522    23.6811   12.13380 8.5216e+01      0.716 0.0000e+00
        285 312.489780    0.01972     1.1833     71.000  1023.6847  48376.109    30.5049      0.709    6.72683     8.4521     8.4522    23.6814   12.13379 8.5425e+01      0.716 0.0000e+00
        286 312.489783    0.01979     1.1875     71.250  1023.6850  48376.627    30.5052      0.711    6.72681     8.4522     8.4521    23.6817   12.13376 8.5666e+01      0.718 0.0000e+00
        287 312.489786    0.01986     1.1917     71.500  1023.6852  48376.877    30.5054      0.715    6.72680     8.4522     8.4522    23.6819   12.13373 8.5615e+01      0.722 0.0000e+00
        288 312.489789    0.01993     1.1958     71.750  1023.6852  48376.937    30.5055      0.719    6.72678     8.4522     8.4523    23.6819   12.13371 8.5567e+01      0.726 0.0000e+00
        289 312.489792    0.02000     1.2000     72.000  1023.6851  48376.832    30.5054      0.720    6.72678     8.4520     8.4523    23.6818   12.13371 8.5632e+01      0.727 0.0000e+00
        290 312.489795    0.02007     1.2042     72.250  1023.6849  48376.486    30.5052      0.720    6.72681     8.4518     8.4522    23.6816   12.13375 8.5582e+01      0.727 0.0000e+00
        291 312.489797    0.02014     1.2083     72.500  1023.6847  48375.997    30.5048      0.718    6.72685     8.4515     8.4521    23.6814   12.13382 8.5397e+01      0.725 0.0000e+00
        292 312.489800    0.02021     1.2125     72.750  1023.6845  48375.626    30.5045      0.716    6.72690     8.4513     8.4518    23.6812   12.13390 8.4773e+01      0.723 0.0000e+00
        293 312.489803    0.02028     1.2167     73.000  1023.6844  48375.513    30.5044      0.715    6.72694     8.4510     8.4516    23.6811   12.13398 8.4008e+01      0.722 0.0000e+00
        294 312.489806    0.02035     1.2208     73.250  1023.6845  48375.572    30.5044      0.716    6.72698     8.4508     8.4513    23.6811   12.13404 8.3908e+01      0.723 0.0000e+00
        295 312.489809    0.02042     1.2250     73.500  1023.6845  48375.661    30.5044      0.718    6.72701     8.4505     8.4511    23.6812   12.13409 8.4169e+01      0.724 0.0000e+00
        296 312.489812    0.02049     1.2292     73.750  1023.6845  48375.672    30.5044      0.719    6.72705     8.4501     8.4508    23.6812   12.13415 8.4520e+01      0.725 0.0000e+00
        297 312.489815    0.02056     1.2333     74.000  1023.6845  48375.575    30.5043      0.719    6.72709     8.4496     8.4506    23.6812   12.13423 8.4930e+01      0.726 0.0000e+00
        298 312.489818    0.02063     1.2375     74.250  1023.6844  48375.427    30.5041      0.718    6.72716     8.4489     8.4502    23.6811   12.13434 8.5178e+01      0.724 0.0000e+00
        299 312.489821    0.02069     1.2417     74.500  1023.6844  48375.402    30.5040      0.716    6.72724     8.4481     8.4497    23.6811   12.13448 8.5324e+01      0.723 0.0000e+00
        300 312.489823    0.02076     1.2458     74.750  1023.6845  48375.496    30.5040      0.714    6.72735     8.4471     8.4490    23.6812   12.13466 8.5367e+01      0.721 0.0000e+00
        301 312.489826    0.02083     1.2500     75.000  1023.6846  48375.534    30.5039      0.714    6.72748     8.4461     8.4481    23.6813   12.13487 8.5394e+01      0.721 0.0000e+00
        302 312.489829    0.02090     1.2542     75.250  1023.6846  48375.549    30.5038      0.715    6.72763     8.4450     8.4472    23.6813   12.13513 8.5408e+01      0.722 0.0000e+00
        303 312.489832    0.02097     1.2583     75.500  1023.6847  48375.669    30.5037      0.716    6.72779     8.4440     8.4461    23.6814   12.13540 8.5222e+01      0.723 0.0000e+00
        304 312.489835    0.02104     1.2625     75.750  1023.6849  48376.074    30.5038      0.716    6.72795     8.4432     8.4450    23.6816   12.13566 8.5320e+01      0.723 0.0000e+00
        305 312.489838    0.02111     1.2667     76.000  1023.6854  48376.788    30.5042      0.714    6.72808     8.4426     8.4441    23.6821   12.13587 8.5968e+01      0.721 0.0000e+00
        306 312.489841    0.02118     1.2708     76.250  1023.6859  48377.663    30.5047      0.712    6.72818     8.4423     8.4433    23.6826   12.13603 8.6417e+01      0.718 0.0000e+00
        307 312.489844    0.02125     1.2750     76.500  1023.6865  48378.753    30.5054      0.709    6.72824     8.4424     8.4427    23.6832   12.13612 8.6406e+01      0.716 0.0000e+00
        308 312.489847    0.02132     1.2792     76.750  1023.6871  48379.954    30.5062      0.707    6.72825     8.4428     8.4424    23.6838   12.13612 8.6462e+01      0.714 0.0000e+00
        309 312.489850    0.02139     1.2833     77.000  1023.6876  48380.867    30.5068      0.706    6.72821     8.4433     8.4425    23.6843   12.13605 8.6518e+01      0.713 0.0000e+00
        310 312.489852    0.02146     1.2875     77.250  1023.6878  48381.282    30.5071      0.707    6.72814     8.4440     8.4429    23.6845   12.13593 8.6450e+01      0.713 0.0000e+00
        311 312.489855    0.02153     1.2917     77.500  1023.6878  48381.291    30.5072      0.709    6.72805     8.4446     8.4434    23.6845   12.13578 8.6698e+01      0.716 0.0000e+00
        312 312.489858    0.02160     1.2958     77.750  1023.6876  48380.973    30.5071      0.711    6.72796     8.4451     8.4441    23.6843   12.13563 8.6920e+01      0.718 0.0000e+00
        313 312.489861    0.02167     1.3000     78.000  1023.6872  48380.311    30.5067      0.712    6.72788     8.4455     8.4447    23.6840   12.13550 8.6698e+01      0.719 0.0000e+00
        314 312.489864    0.02174     1.3042     78.250  1023.6868  48379.552    30.5063      0.712    6.72782     8.4457     8.4452    23.6835   12.13541 8.6517e+01      0.719 0.0000e+00
        315 312.489867    0.02181     1.3083     78.500  1023.6865  48378.971    30.5059      0.710    6.72778     8.4457     8.4456    23.6832   12.13536 8.6589e+01      0.717 0.0000e+00
        316 312.489870    0.02187     1.3125     78.750  1023.6863  48378.653    30.5057      0.709    6.72776     8.4458     8.4458    23.6830   12.13532 8.6390e+01      0.716 0.0000e+00
        317 312.489873    0.02194     1.3167     79.000  1023.6863  48378.691    30.5058      0.709    6.72775     8.4458     8.4458    23.6831   12.13530 8.5711e+01      0.716 0.0000e+00
        318 312.489876    0.02201     1.3208     79.250  1023.6865  48378.951    30.5060      0.712    6.72774     8.4460     8.4459    23.6832   12.13528 8.5253e+01      0.719 0.0000e+00
        319 312.489878    0.02208     1.3250     79.500  1023.6867  48379.223    30.5062      0.718    6.72771     8.4462     8.4459    23.6833   12.13524 8.5207e+01      0.724 0.0000e+00
        320 312.489881    0.02215     1.3292     79.750  1023.6868  48379.344    30.5063      0.726    6.72768     8.4464     8.4461    23.6834   12.13519 8.4700e+01      0.733 0.0000e+00
        321 312.489884    0.02222     1.3333     80.000  1023.6867  48379.199    30.5062      0.740    6.72766     8.4466     8.4463    23.6833   12.13515 8.3764e+01      0.747 0.0000e+00
        322 312.489887    0.02229     1.3375     80.250  1023.6867  48379.013    30.5061      0.762    6.72764     8.4467     8.4465    23.6832   12.13511 8.3017e+01      0.769 0.0000e+00
        323 312.489890    0.02236     1.3417     80.500  1023.6868  48378.939    30.5060      0.797    6.72761     8.4470     8.4466    23.6831   12.13508 8.1597e+01      0.805 0.0000e+00
        324 312.489893    0.02243     1.3458     80.750  1023.6871  48379.036    30.5061      0.857    6.72758     8.4473     8.4468    23.6831   12.13503 7.8221e+01      0.865 0.0000e+00
        325 312.489896    0.02250     1.3500     81.000  1023.6877  48379.357    30.5063      0.950    6.72754     8.4478     8.4470    23.6833   12.13495 7.3526e+01      0.959 0.0000e+00
        326 312.489899    0.02257     1.3542     81.250  1023.6884  48379.725    30.5066      1.078    6.72747     8.4483     8.4474    23.6834   12.13484 6.8949e+01      1.088 0.0000e+00
        327 312.489902    0.02264     1.3583     81.500  1023.6892  48379.946    30.5067      1.231    6.72740     8.4488     8.4479    23.6835   12.13470 6.4709e+01      1.243 0.0000e+00
        328 312.489905    0.02271     1.3625     81.750  1023.6898  48379.867    30.5067      1.399    6.72732     8.4491     8.4485    23.6834   12.13457 6.0633e+01      1.412 0.0000e+00
        329 312.489907    0.02278     1.3667     82.000  1023.6904  48379.568    30.5065      1.575    6.72725     8.4493     8.4490    23.6831   12.13446 5.6796e+01      1.590 0.0000e+00
        330 312.489910    0.02285     1.3708     82.250  1023.6911  48379.400    30.5063      1.755    6.72720     8.4496     8.4493    23.6830   12.13438 5.3223e+01      1.772 0.0000e+00
        331 312.489913    0.02292     1.3750     82.500  1023.6919  48379.535    30.5064      1.938    6.72716     8.4499     8.4495    23.6830   12.13432 4.9954e+01      1.957 0.0000e+00
        332 312.489916    0.02299     1.3792     82.750  1023.6929  48379.792    30.5065      2.123    6.72712     8.4503     8.4498    23.6831   12.13425 4.7022e+01      2.143 0.0000e+00
        333 312.489919    0.02306     1.3833     83.000  1023.6938  48380.047    30.5067      2.309    6.72706     8.4506     8.4501    23.6831   12.13416 4.4441e+01      2.332 0.0000e+00
        334 312.489922    0.02313     1.3875     83.250  1023.6947  48380.224    30.5068      2.499    6.72700     8.4510     8.4504    23.6831   12.13405 4.2201e+01      2.523 0.0000e+00
        335 312.489925    0.02319     1.3917     83.500  1023.6955  48380.294    30.5068      2.692    6.72693     8.4513     8.4509    23.6831   12.13395 4.0245e+01      2.718 0.0000e+00
        336 312.489928    0.02326     1.3958     83.750  1023.6964  48380.384    30.5068      2.887    6.72687     8.4516     8.4513    23.6831   12.13384 3.8521e+01      2.915 0.0000e+00
        337 312.489931    0.02333     1.4000     84.000  1023.6973  48380.408    30.5068      3.083    6.72682     8.4519     8.4517    23.6830   12.13376 3.6984e+01      3.113 0.0000e+00
        338 312.489933    0.02340     1.4042     84.250  1023.6980  48380.260    30.5066      3.280    6.72678     8.4521     8.4520    23.6828   12.13369 3.5606e+01      3.311 0.0000e+00
        339 312.489936    0.02347     1.4083     84.500  1023.6987  48380.061    30.5065      3.475    6.72675     8.4523     8.4522    23.6827   12.13363 3.4367e+01      3.508 0.0000e+00
        340 312.489939    0.02354     1.4125     84.750  1023.6995  48379.910    30.5063      3.670    6.72671     8.4524     8.4525    23.6825   12.13358 3.3242e+01      3.705 0.0000e+00
