CTD-processing/allCTD/CNV--homogene/2018_12-06_alongbay_skb09_cast030.cnv
* Sea-Bird SBE19plus Data File:
* FileName = C:\Users\Kim.Powell\Desktop\Not Processed\2018\2018_12-06_AlongBay, T9_4141\2018_12-06_TRANSECT_STATION_cast030.hex
* Software Version 1.59
* Temperature SN =  4141
* Conductivity SN =  4141
* System UpLoad Time = Jan 10 2019 09:52:38
** 2018_12-06
** Station: KB09
** Start Time: 13:01
** Depth (m): 71
** Comment:
** Comment:
# nquan = 17
# nvalues = 635                         
# units = specified
# name 0 = scan: Scan Count
# name 1 = timeJ: Julian Days
# name 2 = timeH: Time, Elapsed [hours]
# name 3 = timeM: Time, Elapsed [minutes]
# name 4 = timeS: Time, Elapsed [seconds]
# name 5 = density00: Density [density, kg/m^3]
# name 6 = specc: Specific Conductance [uS/cm]
# name 7 = sal00: Salinity, Practical [PSU]
# name 8 = depSM: Depth [salt water, m], lat = 59.00
# name 9 = oxsolML/L: Oxygen Saturation, Garcia & Gordon [ml/l]
# name 10 = potemp090C: Potential Temperature [ITS-90, deg C]
# name 11 = tv290C: Temperature [ITS-90, deg C]
# name 12 = sigma-é00: Density [sigma-theta, kg/m^3]
# name 13 = n2satML/L: Nitrogen Saturation [ml/l]
# name 14 = par: PAR/Irradiance, Biospherical/Licor
# name 15 = prdM: Pressure, Strain Gauge [db]
# name 16 = flag:  0.000e+00
# span 0 =          1,        635       
# span 1 = 340.542002, 340.543837       
# span 2 =    0.00000,    0.04403       
# span 3 =     0.0000,     2.6417       
# span 4 =      0.000,    158.500       
# span 5 =  1023.4030,  1024.5344       
# span 6 =  47838.641,  49375.405       
# span 7 =    29.7604,    31.0845       
# span 8 =      0.573,     68.160       
# span 9 =    6.79020,    7.14386       
# span 10 =     6.0203,     7.8649      
# span 11 =     6.0204,     7.8713      
# span 12 =    23.3985,    24.2192      
# span 13 =   12.23151,   12.83169      
# span 14 = 3.6993e-02, 8.7149e+01      
# span 15 =      0.578,     68.815      
# span 16 = 0.0000e+00, 0.0000e+00      
# interval = seconds: 0.25
# start_time = Dec 06 2018 13:00:29 [Instrument's time stamp, header]
# bad_flag = -9.990e-29
*END*
[from data line 341]
        342 340.542989    0.02368     1.4208     85.250  1023.5999  48162.355    30.0218      4.818    7.07840     6.3887     6.3732    23.5774   12.72163 1.6257e+01      4.864 0.0000e+00
        343 340.542992    0.02375     1.4250     85.500  1023.6097  48178.343    30.0340      5.049    7.07657     6.3988     6.3807    23.5861   12.71846 1.5020e+01      5.097 0.0000e+00
        344 340.542995    0.02382     1.4292     85.750  1023.6238  48202.253    30.0519      5.278    7.07436     6.4122     6.3891    23.5992   12.71458 1.3881e+01      5.328 0.0000e+00
        345 340.542998    0.02389     1.4333     86.000  1023.6449  48238.953    30.0789      5.505    7.07143     6.4316     6.3992    23.6192   12.70939 1.2845e+01      5.557 0.0000e+00
        346 340.543001    0.02396     1.4375     86.250  1023.6780  48297.654    30.1216      5.728    7.06721     6.4605     6.4127    23.6512   12.70187 1.1914e+01      5.782 0.0000e+00
        347 340.543003    0.02403     1.4417     86.500  1023.7280  48387.422    30.1868      5.948    7.06098     6.5009     6.4321    23.7002   12.69072 1.1080e+01      6.004 0.0000e+00
        348 340.543006    0.02410     1.4458     86.750  1023.7878  48494.795    30.2658      6.165    7.05253     6.5494     6.4610    23.7590   12.67574 1.0336e+01      6.223 0.0000e+00
        349 340.543009    0.02417     1.4500     87.000  1023.8353  48579.305    30.3311      6.381    7.04283     6.5982     6.5015    23.8055   12.65887 9.6725e+00      6.441 0.0000e+00
        350 340.543012    0.02424     1.4542     87.250  1023.8573  48616.790    30.3654      6.598    7.03326     6.6409     6.5500    23.8266   12.64261 9.0778e+00      6.660 0.0000e+00
        351 340.543015    0.02431     1.4583     87.500  1023.8607  48619.870    30.3759      6.816    7.02477     6.6757     6.5988    23.8289   12.62842 8.5392e+00      6.881 0.0000e+00
        352 340.543018    0.02438     1.4625     87.750  1023.8575  48611.234    30.3773      7.037    7.01770     6.7038     6.6415    23.8247   12.61672 8.0440e+00      7.104 0.0000e+00
        353 340.543021    0.02444     1.4667     88.000  1023.8556  48605.067    30.3790      7.261    7.01194     6.7280     6.6763    23.8217   12.60717 7.5782e+00      7.329 0.0000e+00
        354 340.543024    0.02451     1.4708     88.250  1023.8580  48607.171    30.3853      7.488    7.00705     6.7507     6.7044    23.8232   12.59900 7.1312e+00      7.559 0.0000e+00
        355 340.543027    0.02458     1.4750     88.500  1023.8649  48617.379    30.3964      7.720    7.00259     6.7733     6.7286    23.8289   12.59148 6.6997e+00      7.794 0.0000e+00
        356 340.543030    0.02465     1.4792     88.750  1023.8742  48632.156    30.4104      7.957    6.99824     6.7963     6.7513    23.8371   12.58411 6.2850e+00      8.033 0.0000e+00
        357 340.543032    0.02472     1.4833     89.000  1023.8841  48648.162    30.4253      8.197    6.99387     6.8199     6.7739    23.8460   12.57670 5.8900e+00      8.275 0.0000e+00
        358 340.543035    0.02479     1.4875     89.250  1023.8943  48664.465    30.4404      8.439    6.98943     6.8442     6.7970    23.8550   12.56916 5.5190e+00      8.519 0.0000e+00
        359 340.543038    0.02486     1.4917     89.500  1023.9063  48684.201    30.4580      8.679    6.98480     6.8705     6.8206    23.8658   12.56127 5.1763e+00      8.761 0.0000e+00
        360 340.543041    0.02493     1.4958     89.750  1023.9229  48712.544    30.4817      8.916    6.97976     6.9002     6.8450    23.8814   12.55263 4.8636e+00      9.000 0.0000e+00
        361 340.543044    0.02500     1.5000     90.000  1023.9455  48751.920    30.5134      9.149    6.97405     6.9337     6.8713    23.9030   12.54280 4.5795e+00      9.235 0.0000e+00
        362 340.543047    0.02507     1.5042     90.250  1023.9701  48794.892    30.5481      9.377    6.96766     6.9694     6.9010    23.9265   12.53179 4.3217e+00      9.466 0.0000e+00
        363 340.543050    0.02514     1.5083     90.500  1023.9893  48827.852    30.5765      9.603    6.96095     7.0049     6.9345    23.9446   12.52033 4.0862e+00      9.694 0.0000e+00
        364 340.543053    0.02521     1.5125     90.750  1024.0019  48848.927    30.5970      9.827    6.95426     7.0390     6.9702    23.9562   12.50900 3.8673e+00      9.920 0.0000e+00
        365 340.543056    0.02528     1.5167     91.000  1024.0123  48865.876    30.6147     10.052    6.94773     7.0713     7.0058    23.9655   12.49799 3.6611e+00     10.148 0.0000e+00
        366 340.543058    0.02535     1.5208     91.250  1024.0208  48879.472    30.6298     10.279    6.94155     7.1011     7.0399    23.9730   12.48758 3.4658e+00     10.376 0.0000e+00
        367 340.543061    0.02542     1.5250     91.500  1024.0261  48887.278    30.6405     10.508    6.93587     7.1277     7.0723    23.9773   12.47804 3.2798e+00     10.607 0.0000e+00
        368 340.543064    0.02549     1.5292     91.750  1024.0290  48890.541    30.6477     10.739    6.93077     7.1506     7.1021    23.9791   12.46951 3.1022e+00     10.841 0.0000e+00
        369 340.543067    0.02556     1.5333     92.000  1024.0291  48888.737    30.6508     10.972    6.92637     7.1695     7.1287    23.9781   12.46219 2.9327e+00     11.077 0.0000e+00
        370 340.543070    0.02562     1.5375     92.250  1024.0272  48883.329    30.6508     11.208    6.92271     7.1849     7.1516    23.9751   12.45614 2.7717e+00     11.315 0.0000e+00
        371 340.543073    0.02569     1.5417     92.500  1024.0256  48878.521    30.6505     11.445    6.91970     7.1974     7.1705    23.9724   12.45116 2.6202e+00     11.553 0.0000e+00
        372 340.543076    0.02576     1.5458     92.750  1024.0245  48874.800    30.6504     11.679    6.91725     7.2074     7.1859    23.9703   12.44711 2.4789e+00     11.790 0.0000e+00
        373 340.543079    0.02583     1.5500     93.000  1024.0234  48870.918    30.6497     11.910    6.91528     7.2152     7.1984    23.9681   12.44387 2.3480e+00     12.022 0.0000e+00
        374 340.543082    0.02590     1.5542     93.250  1024.0222  48866.869    30.6485     12.137    6.91374     7.2212     7.2085    23.9658   12.44133 2.2272e+00     12.251 0.0000e+00
        375 340.543084    0.02597     1.5583     93.500  1024.0216  48863.963    30.6476     12.361    6.91252     7.2261     7.2163    23.9642   12.43933 2.1151e+00     12.478 0.0000e+00
        376 340.543087    0.02604     1.5625     93.750  1024.0221  48863.151    30.6480     12.583    6.91154     7.2304     7.2223    23.9636   12.43770 2.0102e+00     12.702 0.0000e+00
        377 340.543090    0.02611     1.5667     94.000  1024.0236  48864.153    30.6494     12.805    6.91069     7.2344     7.2272    23.9641   12.43628 1.9108e+00     12.926 0.0000e+00
        378 340.543093    0.02618     1.5708     94.250  1024.0259  48866.613    30.6517     13.028    6.90991     7.2384     7.2315    23.9653   12.43496 1.8162e+00     13.151 0.0000e+00
        379 340.543096    0.02625     1.5750     94.500  1024.0291  48870.829    30.6552     13.253    6.90911     7.2430     7.2355    23.9676   12.43360 1.7259e+00     13.378 0.0000e+00
        380 340.543099    0.02632     1.5792     94.750  1024.0338  48877.572    30.6604     13.478    6.90822     7.2485     7.2396    23.9712   12.43206 1.6397e+00     13.606 0.0000e+00
        381 340.543102    0.02639     1.5833     95.000  1024.0396  48886.490    30.6673     13.706    6.90718     7.2550     7.2443    23.9760   12.43024 1.5574e+00     13.835 0.0000e+00
        382 340.543105    0.02646     1.5875     95.250  1024.0460  48896.416    30.6750     13.934    6.90596     7.2623     7.2497    23.9813   12.42812 1.4791e+00     14.065 0.0000e+00
        383 340.543108    0.02653     1.5917     95.500  1024.0520  48905.646    30.6824     14.161    6.90459     7.2699     7.2562    23.9863   12.42577 1.4053e+00     14.295 0.0000e+00
        384 340.543111    0.02660     1.5958     95.750  1024.0564  48911.891    30.6878     14.389    6.90318     7.2774     7.2636    23.9896   12.42337 1.3358e+00     14.525 0.0000e+00
        385 340.543113    0.02667     1.6000     96.000  1024.0594  48915.771    30.6917     14.616    6.90179     7.2844     7.2712    23.9916   12.42102 1.2702e+00     14.755 0.0000e+00
        386 340.543116    0.02674     1.6042     96.250  1024.0622  48919.124    30.6951     14.844    6.90045     7.2909     7.2787    23.9933   12.41876 1.2079e+00     14.985 0.0000e+00
        387 340.543119    0.02681     1.6083     96.500  1024.0647  48921.912    30.6981     15.071    6.89920     7.2970     7.2857    23.9947   12.41665 1.1491e+00     15.214 0.0000e+00
        388 340.543122    0.02688     1.6125     96.750  1024.0668  48923.845    30.7004     15.296    6.89805     7.3025     7.2922    23.9957   12.41472 1.0937e+00     15.442 0.0000e+00
        389 340.543125    0.02694     1.6167     97.000  1024.0685  48925.289    30.7023     15.522    6.89700     7.3075     7.2983    23.9964   12.41297 1.0418e+00     15.669 0.0000e+00
        390 340.543128    0.02701     1.6208     97.250  1024.0704  48927.089    30.7044     15.746    6.89603     7.3125     7.3038    23.9973   12.41134 9.9316e-01     15.896 0.0000e+00
        391 340.543131    0.02708     1.6250     97.500  1024.0731  48930.279    30.7073     15.969    6.89509     7.3178     7.3089    23.9990   12.40974 9.4759e-01     16.121 0.0000e+00
        392 340.543134    0.02715     1.6292     97.750  1024.0770  48935.775    30.7119     16.190    6.89409     7.3238     7.3139    24.0019   12.40804 9.0456e-01     16.344 0.0000e+00
        393 340.543137    0.02722     1.6333     98.000  1024.0826  48944.241    30.7185     16.411    6.89295     7.3309     7.3192    24.0064   12.40607 8.6351e-01     16.567 0.0000e+00
        394 340.543139    0.02729     1.6375     98.250  1024.0891  48954.494    30.7265     16.632    6.89163     7.3387     7.3253    24.0119   12.40378 8.2455e-01     16.789 0.0000e+00
        395 340.543142    0.02736     1.6417     98.500  1024.0950  48963.705    30.7340     16.851    6.89017     7.3472     7.3324    24.0168   12.40127 7.8774e-01     17.011 0.0000e+00
        396 340.543145    0.02743     1.6458     98.750  1024.1003  48971.780    30.7408     17.071    6.88861     7.3564     7.3402    24.0211   12.39861 7.5271e-01     17.233 0.0000e+00
        397 340.543148    0.02750     1.6500     99.000  1024.1063  48981.005    30.7485     17.293    6.88693     7.3661     7.3487    24.0260   12.39573 7.1915e-01     17.457 0.0000e+00
        398 340.543151    0.02757     1.6542     99.250  1024.1119  48989.530    30.7559     17.517    6.88514     7.3756     7.3579    24.0306   12.39268 6.8710e-01     17.683 0.0000e+00
        399 340.543154    0.02764     1.6583     99.500  1024.1147  48993.090    30.7598     17.743    6.88341     7.3837     7.3677    24.0324   12.38977 6.5659e-01     17.911 0.0000e+00
        400 340.543157    0.02771     1.6625     99.750  1024.1151  48992.014    30.7605     17.970    6.88189     7.3903     7.3772    24.0317   12.38723 6.2772e-01     18.141 0.0000e+00
        401 340.543160    0.02778     1.6667    100.000  1024.1144  48989.002    30.7597     18.197    6.88063     7.3952     7.3854    24.0299   12.38517 6.0069e-01     18.370 0.0000e+00
        402 340.543163    0.02785     1.6708    100.250  1024.1135  48985.654    30.7583     18.422    6.87966     7.3988     7.3919    24.0280   12.38358 5.7549e-01     18.596 0.0000e+00
        403 340.543166    0.02792     1.6750    100.500  1024.1129  48982.865    30.7571     18.644    6.87893     7.4015     7.3969    24.0263   12.38239 5.5186e-01     18.821 0.0000e+00
        404 340.543168    0.02799     1.6792    100.750  1024.1129  48981.103    30.7564     18.865    6.87839     7.4036     7.4005    24.0253   12.38149 5.2927e-01     19.044 0.0000e+00
        405 340.543171    0.02806     1.6833    101.000  1024.1134  48980.359    30.7562     19.087    6.87796     7.4053     7.4033    24.0248   12.38079 5.0740e-01     19.269 0.0000e+00
        406 340.543174    0.02813     1.6875    101.250  1024.1143  48980.186    30.7563     19.313    6.87762     7.4068     7.4054    24.0246   12.38023 4.8633e-01     19.496 0.0000e+00
        407 340.543177    0.02819     1.6917    101.500  1024.1154  48980.436    30.7567     19.541    6.87733     7.4081     7.4071    24.0247   12.37975 4.6612e-01     19.726 0.0000e+00
        408 340.543180    0.02826     1.6958    101.750  1024.1167  48981.166    30.7573     19.769    6.87707     7.4095     7.4086    24.0250   12.37930 4.4681e-01     19.957 0.0000e+00
        409 340.543183    0.02833     1.7000    102.000  1024.1183  48982.216    30.7582     19.997    6.87681     7.4108     7.4099    24.0255   12.37887 4.2848e-01     20.187 0.0000e+00
        410 340.543186    0.02840     1.7042    102.250  1024.1197  48983.117    30.7589     20.224    6.87657     7.4120     7.4113    24.0259   12.37846 4.1110e-01     20.415 0.0000e+00
        411 340.543189    0.02847     1.7083    102.500  1024.1208  48983.409    30.7592     20.449    6.87635     7.4130     7.4126    24.0260   12.37809 3.9437e-01     20.643 0.0000e+00
        412 340.543192    0.02854     1.7125    102.750  1024.1216  48983.131    30.7592     20.677    6.87616     7.4138     7.4138    24.0257   12.37778 3.7801e-01     20.873 0.0000e+00
        413 340.543194    0.02861     1.7167    103.000  1024.1224  48982.749    30.7590     20.906    6.87601     7.4144     7.4148    24.0255   12.37753 3.6212e-01     21.104 0.0000e+00
        414 340.543197    0.02868     1.7208    103.250  1024.1234  48982.829    30.7590     21.137    6.87588     7.4152     7.4156    24.0254   12.37731 3.4700e-01     21.337 0.0000e+00
        415 340.543200    0.02875     1.7250    103.500  1024.1249  48983.814    30.7597     21.365    6.87573     7.4162     7.4163    24.0259   12.37706 3.3271e-01     21.567 0.0000e+00
        416 340.543203    0.02882     1.7292    103.750  1024.1271  48985.971    30.7612     21.590    6.87554     7.4176     7.4171    24.0269   12.37673 3.1914e-01     21.795 0.0000e+00
        417 340.543206    0.02889     1.7333    104.000  1024.1300  48989.605    30.7638     21.813    6.87527     7.4198     7.4181    24.0288   12.37624 3.0632e-01     22.019 0.0000e+00
        418 340.543209    0.02896     1.7375    104.250  1024.1338  48994.731    30.7675     22.032    6.87487     7.4228     7.4196    24.0316   12.37553 2.9429e-01     22.241 0.0000e+00
        419 340.543212    0.02903     1.7417    104.500  1024.1381  49000.987    30.7722     22.248    6.87432     7.4268     7.4217    24.0349   12.37457 2.8297e-01     22.459 0.0000e+00
        420 340.543215    0.02910     1.7458    104.750  1024.1428  49007.979    30.7774     22.464    6.87360     7.4317     7.4248    24.0386   12.37332 2.7216e-01     22.677 0.0000e+00
        421 340.543218    0.02917     1.7500    105.000  1024.1477  49015.270    30.7830     22.680    6.87271     7.4376     7.4288    24.0425   12.37178 2.6172e-01     22.895 0.0000e+00
        422 340.543220    0.02924     1.7542    105.250  1024.1532  49023.600    30.7895     22.900    6.87164     7.4449     7.4338    24.0469   12.36993 2.5159e-01     23.117 0.0000e+00
        423 340.543223    0.02931     1.7583    105.500  1024.1605  49035.458    30.7986     23.123    6.87030     7.4546     7.4397    24.0533   12.36760 2.4175e-01     23.342 0.0000e+00
        424 340.543226    0.02937     1.7625    105.750  1024.1716  49054.091    30.8127     23.350    6.86852     7.4678     7.4470    24.0634   12.36447 2.3231e-01     23.571 0.0000e+00
        425 340.543229    0.02944     1.7667    106.000  1024.1867  49079.999    30.8322     23.579    6.86611     7.4842     7.4567    24.0774   12.36024 2.2338e-01     23.802 0.0000e+00
