CTD-processing/allCTD/CNV--homogene/2018_06-25_t3_s15_cast129.cnv
* Sea-Bird SBE19plus Data File:
* FileName = C:\Users\Kim.Powell\Desktop\Not Processed\2018\2018_06-XX\2018_06-XX_TRANSECT_STATION_cast129.hex
* Software Version 1.59
* Temperature SN =  5028
* Conductivity SN =  5028
* System UpLoad Time = Jul 05 2018 09:47:34
** 2018_06-25
** Station: 3-15
** Start Time: 10:48
** Depth (m): 19
** Comment:
** Comment:
# nquan = 17
# nvalues = 380                         
# units = specified
# name 0 = scan: Scan Count
# name 1 = timeJ: Julian Days
# name 2 = timeH: Time, Elapsed [hours]
# name 3 = timeM: Time, Elapsed [minutes]
# name 4 = timeS: Time, Elapsed [seconds]
# name 5 = density00: Density [density, kg/m^3]
# name 6 = specc: Specific Conductance [uS/cm]
# name 7 = sal00: Salinity, Practical [PSU]
# name 8 = depSM: Depth [salt water, m], lat = 59.00
# name 9 = oxsolML/L: Oxygen Saturation, Garcia & Gordon [ml/l]
# name 10 = potemp090C: Potential Temperature [ITS-90, deg C]
# name 11 = tv290C: Temperature [ITS-90, deg C]
# name 12 = sigma-é00: Density [sigma-theta, kg/m^3]
# name 13 = n2satML/L: Nitrogen Saturation [ml/l]
# name 14 = par: PAR/Irradiance, Biospherical/Licor
# name 15 = prdM: Pressure, Strain Gauge [db]
# name 16 = flag:  0.000e+00
# span 0 =          1,        380       
# span 1 = 176.450660, 176.451756       
# span 2 =    0.00000,    0.02632       
# span 3 =     0.0000,     1.5792       
# span 4 =      0.000,     94.750       
# span 5 =  1023.9321,  1024.1378       
# span 6 =  48878.931,  49093.002       
# span 7 =    30.9534,    31.0809       
# span 8 =      0.382,     19.406       
# span 9 =    6.60531,    6.62313       
# span 10 =     8.9789,     9.0884      
# span 11 =     8.9809,     9.1369      
# span 12 =    23.9303,    24.0486      
# span 13 =   11.92710,   11.95513      
# span 14 = 2.5132e+00, 1.8752e+02      
# span 15 =      0.385,     19.590      
# span 16 = 0.0000e+00, 0.0000e+00      
# interval = seconds: 0.25
# start_time = Jun 25 2018 10:48:57 [Instrument's time stamp, header]
# bad_flag = -9.990e-29
*END*
[from data line 341]
        342 176.451646    0.02368     1.4208     85.250  1024.0980  49070.314    31.0630     13.172    6.62102     8.9969     8.9983    24.0374   11.95178 9.1979e+00     13.296 0.0000e+00
        343 176.451649    0.02375     1.4250     85.500  1024.0988  49070.134    31.0628     13.398    6.62101     8.9962     8.9984    24.0372   11.95176 8.7907e+00     13.525 0.0000e+00
        344 176.451652    0.02382     1.4292     85.750  1024.0997  49069.890    31.0625     13.624    6.62104     8.9948     8.9983    24.0370   11.95181 8.4135e+00     13.753 0.0000e+00
        345 176.451655    0.02389     1.4333     86.000  1024.1008  49070.292    31.0626     13.835    6.62114     8.9931     8.9976    24.0372   11.95198 8.0854e+00     13.966 0.0000e+00
        346 176.451658    0.02396     1.4375     86.250  1024.1024  49071.722    31.0634     14.022    6.62131     8.9917     8.9962    24.0379   11.95225 7.8104e+00     14.154 0.0000e+00
        347 176.451661    0.02403     1.4417     86.500  1024.1044  49073.830    31.0645     14.185    6.62150     8.9908     8.9946    24.0391   11.95255 7.5752e+00     14.319 0.0000e+00
        348 176.451664    0.02410     1.4458     86.750  1024.1063  49076.043    31.0658     14.335    6.62166     8.9908     8.9932    24.0404   11.95280 7.3550e+00     14.471 0.0000e+00
        349 176.451667    0.02417     1.4500     87.000  1024.1079  49077.756    31.0669     14.488    6.62174     8.9915     8.9923    24.0413   11.95292 7.1251e+00     14.625 0.0000e+00
        350 176.451670    0.02424     1.4542     87.250  1024.1090  49078.405    31.0672     14.657    6.62172     8.9924     8.9923    24.0416   11.95289 6.8718e+00     14.796 0.0000e+00
        351 176.451672    0.02431     1.4583     87.500  1024.1095  49077.811    31.0668     14.852    6.62163     8.9929     8.9931    24.0412   11.95274 6.5936e+00     14.993 0.0000e+00
        352 176.451675    0.02438     1.4625     87.750  1024.1097  49076.641    31.0660     15.072    6.62153     8.9929     8.9939    24.0404   11.95259 6.2980e+00     15.214 0.0000e+00
        353 176.451678    0.02444     1.4667     88.000  1024.1103  49075.878    31.0655     15.307    6.62149     8.9926     8.9944    24.0399   11.95252 6.0006e+00     15.452 0.0000e+00
        354 176.451681    0.02451     1.4708     88.250  1024.1113  49075.802    31.0653     15.542    6.62149     8.9923     8.9945    24.0398   11.95252 5.7207e+00     15.690 0.0000e+00
        355 176.451684    0.02458     1.4750     88.500  1024.1124  49076.198    31.0655     15.762    6.62152     8.9921     8.9942    24.0399   11.95256 5.4758e+00     15.911 0.0000e+00
        356 176.451687    0.02465     1.4792     88.750  1024.1136  49076.771    31.0658     15.953    6.62155     8.9919     8.9939    24.0402   11.95261 5.2740e+00     16.104 0.0000e+00
        357 176.451690    0.02472     1.4833     89.000  1024.1145  49077.220    31.0660     16.113    6.62157     8.9917     8.9937    24.0404   11.95265 5.1108e+00     16.266 0.0000e+00
        358 176.451693    0.02479     1.4875     89.250  1024.1152  49077.441    31.0660     16.247    6.62158     8.9912     8.9936    24.0405   11.95268 4.9722e+00     16.402 0.0000e+00
        359 176.451696    0.02486     1.4917     89.500  1024.1158  49077.534    31.0660     16.371    6.62161     8.9901     8.9934    24.0405   11.95273 4.8418e+00     16.526 0.0000e+00
        360 176.451698    0.02493     1.4958     89.750  1024.1165  49077.730    31.0660     16.498    6.62169     8.9884     8.9929    24.0405   11.95285 4.7068e+00     16.655 0.0000e+00
        361 176.451701    0.02500     1.5000     90.000  1024.1175  49078.488    31.0664     16.640    6.62183     8.9865     8.9918    24.0410   11.95308 4.5614e+00     16.798 0.0000e+00
        362 176.451704    0.02507     1.5042     90.250  1024.1192  49080.168    31.0672     16.801    6.62204     8.9847     8.9902    24.0419   11.95341 4.4065e+00     16.961 0.0000e+00
        363 176.451707    0.02514     1.5083     90.500  1024.1213  49082.444    31.0685     16.980    6.62227     8.9832     8.9883    24.0432   11.95378 4.2474e+00     17.141 0.0000e+00
        364 176.451710    0.02521     1.5125     90.750  1024.1235  49084.756    31.0698     17.171    6.62247     8.9822     8.9865    24.0445   11.95410 4.0913e+00     17.334 0.0000e+00
        365 176.451713    0.02528     1.5167     91.000  1024.1255  49086.805    31.0709     17.364    6.62264     8.9816     8.9850    24.0456   11.95436 3.9439e+00     17.529 0.0000e+00
        366 176.451716    0.02535     1.5208     91.250  1024.1272  49088.334    31.0718     17.554    6.62275     8.9813     8.9840    24.0465   11.95454 3.8056e+00     17.721 0.0000e+00
        367 176.451719    0.02542     1.5250     91.500  1024.1285  49089.237    31.0722     17.742    6.62282     8.9809     8.9834    24.0469   11.95464 3.6710e+00     17.911 0.0000e+00
        368 176.451722    0.02549     1.5292     91.750  1024.1296  49089.697    31.0724     17.933    6.62286     8.9805     8.9831    24.0471   11.95471 3.5346e+00     18.103 0.0000e+00
        369 176.451725    0.02556     1.5333     92.000  1024.1306  49090.054    31.0726     18.128    6.62290     8.9800     8.9828    24.0473   11.95478 3.3959e+00     18.300 0.0000e+00
        370 176.451727    0.02562     1.5375     92.250  1024.1318  49090.595    31.0728     18.324    6.62295     8.9796     8.9823    24.0475   11.95486 3.2598e+00     18.498 0.0000e+00
        371 176.451730    0.02569     1.5417     92.500  1024.1330  49091.295    31.0731     18.512    6.62301     8.9793     8.9818    24.0479   11.95495 3.1337e+00     18.688 0.0000e+00
        372 176.451733    0.02576     1.5458     92.750  1024.1341  49091.950    31.0735     18.686    6.62305     8.9791     8.9814    24.0482   11.95502 3.0235e+00     18.863 0.0000e+00
        373 176.451736    0.02583     1.5500     93.000  1024.1350  49092.458    31.0737     18.837    6.62308     8.9790     8.9812    24.0484   11.95507 2.9307e+00     19.016 0.0000e+00
        374 176.451739    0.02590     1.5542     93.250  1024.1357  49092.766    31.0738     18.965    6.62310     8.9790     8.9810    24.0485   11.95509 2.8504e+00     19.145 0.0000e+00
        375 176.451742    0.02597     1.5583     93.500  1024.1363  49092.902    31.0739     19.074    6.62311     8.9790     8.9810    24.0486   11.95510 2.7747e+00     19.255 0.0000e+00
        376 176.451745    0.02604     1.5625     93.750  1024.1367  49092.961    31.0739     19.171    6.62311     8.9790     8.9810    24.0486   11.95511 2.6988e+00     19.353 0.0000e+00
        377 176.451748    0.02611     1.5667     94.000  1024.1371  49092.992    31.0739     19.261    6.62312     8.9789     8.9809    24.0486   11.95511 2.6255e+00     19.443 0.0000e+00
        378 176.451751    0.02618     1.5708     94.250  1024.1375  49092.989    31.0738     19.337    6.62312     8.9789     8.9809    24.0485   11.95512 2.5642e+00     19.520 0.0000e+00
        379 176.451753    0.02625     1.5750     94.500  1024.1377  49092.990    31.0738     19.388    6.62313 -9.990e-29     8.9809    24.0485   11.95513 2.5255e+00     19.572 0.0000e+00
        380 176.451756    0.02632     1.5792     94.750  1024.1378  49093.002    31.0738     19.406    6.62313 -9.990e-29     8.9809    24.0485   11.95513 2.5132e+00     19.590 0.0000e+00
