CTD-processing/allCTD/CNV--homogene/2018_03-27_alongbay_skb08_cast041.cnv
* Sea-Bird SBE19plus Data File:
* FileName = P:\My Documents\kasitsna\Research-KBL\Oceanography-AK\CTD-Data-ALL-to-2017-02\2018-CTD-KachemakBay-CookInlet\2018-03-27-CookInlet-AlongBay\2018-03-27-CookInlet-AlongBay-cast041.hex
* Software Version 1.59
* Temperature SN =  5028
* Conductivity SN =  5028
* System UpLoad Time = Mar 28 2018 11:56:31
** Cook Inlet LTM Along-Bay (T7-22 to KB12)
** Date: 2018_03-27
** Station: (eg. 9-01): KB08
** Start time (AKDT): 15:44
** Depth (m): 81.7
** Comment:  Extended to T7-22 due to calm seas.
** Comment:
# nquan = 17
# nvalues = 640                         
# units = specified
# name 0 = scan: Scan Count
# name 1 = timeJ: Julian Days
# name 2 = timeH: Time, Elapsed [hours]
# name 3 = timeM: Time, Elapsed [minutes]
# name 4 = timeS: Time, Elapsed [seconds]
# name 5 = density00: Density [density, kg/m^3]
# name 6 = specc: Specific Conductance [uS/cm]
# name 7 = sal00: Salinity, Practical [PSU]
# name 8 = depSM: Depth [salt water, m], lat = 59.00
# name 9 = oxsolML/L: Oxygen Saturation, Garcia & Gordon [ml/l]
# name 10 = potemp090C: Potential Temperature [ITS-90, deg C]
# name 11 = tv290C: Temperature [ITS-90, deg C]
# name 12 = sigma-é00: Density [sigma-theta, kg/m^3]
# name 13 = n2satML/L: Nitrogen Saturation [ml/l]
# name 14 = par: PAR/Irradiance, Biospherical/Licor
# name 15 = prdM: Pressure, Strain Gauge [db]
# name 16 = flag:  0.000e+00
# span 0 =          1,        640       
# span 1 =  86.656447,  86.658296       
# span 2 =    0.00000,    0.04437       
# span 3 =     0.0000,     2.6625       
# span 4 =      0.000,    159.750       
# span 5 =  1025.0461,  1025.5487       
# span 6 =  51157.713,  51439.180       
# span 7 =    31.5158,    31.7030       
# span 8 =      0.546,     78.562       
# span 9 =    7.43389,    7.48941       
# span 10 =     3.5760,     3.8516      
# span 11 =     3.5763,     3.8565      
# span 12 =    25.0435,    25.1800      
# span 13 =   13.28720,   13.37994      
# span 14 = 3.7976e-02, 4.1387e+02      
# span 15 =      0.551,     79.318      
# span 16 = 0.0000e+00, 0.0000e+00      
# interval = seconds: 0.25
# start_time = Mar 27 2018 15:45:17 [Instrument's time stamp, header]
# bad_flag = -9.990e-29
*END*
[from data line 511]
        512  86.657925    0.03549     2.1292    127.750  1025.4174  51410.481    31.6787     53.085    7.45009     3.7762     3.7741    25.1666   13.31425 3.7976e-02     53.593 0.0000e+00
        513  86.657928    0.03556     2.1333    128.000  1025.4192  51411.547    31.6800     53.298    7.44955     3.7787     3.7768    25.1673   13.31333 3.7976e-02     53.808 0.0000e+00
        514  86.657931    0.03562     2.1375    128.250  1025.4203  51411.421    31.6805     53.509    7.44903     3.7808     3.7795    25.1675   13.31246 3.7976e-02     54.021 0.0000e+00
        515  86.657934    0.03569     2.1417    128.500  1025.4209  51410.486    31.6803     53.716    7.44857     3.7825     3.7820    25.1671   13.31171 3.7976e-02     54.230 0.0000e+00
        516  86.657937    0.03576     2.1458    128.750  1025.4215  51409.599    31.6801     53.919    7.44819     3.7839     3.7842    25.1668   13.31109 3.7976e-02     54.435 0.0000e+00
        517  86.657940    0.03583     2.1500    129.000  1025.4222  51408.890    31.6800     54.118    7.44788     3.7850     3.7859    25.1665   13.31058 3.7976e-02     54.636 0.0000e+00
        518  86.657943    0.03590     2.1542    129.250  1025.4228  51408.315    31.6798     54.317    7.44763     3.7860     3.7873    25.1663   13.31017 3.7976e-02     54.837 0.0000e+00
        519  86.657946    0.03597     2.1583    129.500  1025.4236  51407.965    31.6798     54.518    7.44742     3.7868     3.7884    25.1661   13.30983 3.7976e-02     55.040 0.0000e+00
        520  86.657948    0.03604     2.1625    129.750  1025.4245  51407.819    31.6798     54.723    7.44725     3.7874     3.7894    25.1661   13.30954 3.7976e-02     55.247 0.0000e+00
        521  86.657951    0.03611     2.1667    130.000  1025.4255  51407.840    31.6799     54.932    7.44710     3.7881     3.7902    25.1661   13.30930 3.7976e-02     55.458 0.0000e+00
        522  86.657954    0.03618     2.1708    130.250  1025.4266  51408.067    31.6801     55.142    7.44697     3.7887     3.7909    25.1662   13.30907 3.7976e-02     55.670 0.0000e+00
        523  86.657957    0.03625     2.1750    130.500  1025.4278  51408.449    31.6804     55.352    7.44684     3.7894     3.7915    25.1664   13.30885 3.7976e-02     55.882 0.0000e+00
        524  86.657960    0.03632     2.1792    130.750  1025.4291  51408.971    31.6808     55.562    7.44670     3.7901     3.7921    25.1667   13.30861 3.7976e-02     56.094 0.0000e+00
        525  86.657963    0.03639     2.1833    131.000  1025.4303  51409.496    31.6812     55.771    7.44655     3.7908     3.7928    25.1669   13.30836 3.7976e-02     56.305 0.0000e+00
        526  86.657966    0.03646     2.1875    131.250  1025.4314  51409.701    31.6814     55.979    7.44640     3.7913     3.7936    25.1670   13.30812 3.7976e-02     56.515 0.0000e+00
        527  86.657969    0.03653     2.1917    131.500  1025.4323  51409.572    31.6814     56.186    7.44628     3.7918     3.7943    25.1669   13.30792 3.7976e-02     56.724 0.0000e+00
        528  86.657972    0.03660     2.1958    131.750  1025.4331  51409.356    31.6813     56.391    7.44618     3.7921     3.7948    25.1668   13.30775 3.7976e-02     56.931 0.0000e+00
        529  86.657975    0.03667     2.2000    132.000  1025.4340  51409.254    31.6813     56.595    7.44610     3.7924     3.7953    25.1667   13.30762 3.7976e-02     57.137 0.0000e+00
        530  86.657977    0.03674     2.2042    132.250  1025.4350  51409.342    31.6813     56.797    7.44603     3.7927     3.7957    25.1667   13.30751 3.7976e-02     57.341 0.0000e+00
        531  86.657980    0.03681     2.2083    132.500  1025.4360  51409.636    31.6815     56.999    7.44596     3.7931     3.7960    25.1668   13.30740 3.7976e-02     57.545 0.0000e+00
        532  86.657983    0.03687     2.2125    132.750  1025.4373  51410.247    31.6819     57.201    7.44588     3.7936     3.7963    25.1671   13.30726 3.7976e-02     57.749 0.0000e+00
        533  86.657986    0.03694     2.2167    133.000  1025.4386  51411.141    31.6825     57.402    7.44578     3.7942     3.7967    25.1675   13.30709 3.7976e-02     57.952 0.0000e+00
        534  86.657989    0.03701     2.2208    133.250  1025.4399  51411.858    31.6830     57.603    7.44566     3.7949     3.7972    25.1679   13.30688 3.7976e-02     58.155 0.0000e+00
        535  86.657992    0.03708     2.2250    133.500  1025.4410  51412.017    31.6832     57.805    7.44554     3.7954     3.7979    25.1680   13.30667 3.7976e-02     58.359 0.0000e+00
        536  86.657995    0.03715     2.2292    133.750  1025.4418  51411.800    31.6831     58.010    7.44543     3.7958     3.7985    25.1678   13.30649 3.7976e-02     58.566 0.0000e+00
        537  86.657998    0.03722     2.2333    134.000  1025.4427  51411.592    31.6829     58.219    7.44534     3.7961     3.7991    25.1677   13.30634 3.7976e-02     58.777 0.0000e+00
        538  86.658001    0.03729     2.2375    134.250  1025.4436  51411.610    31.6829     58.432    7.44526     3.7964     3.7995    25.1676   13.30622 3.7976e-02     58.992 0.0000e+00
        539  86.658003    0.03736     2.2417    134.500  1025.4447  51411.779    31.6830     58.646    7.44520     3.7966     3.7998    25.1677   13.30611 3.7976e-02     59.208 0.0000e+00
        540  86.658006    0.03743     2.2458    134.750  1025.4457  51411.912    31.6831     58.861    7.44514     3.7969     3.8001    25.1677   13.30602 3.7976e-02     59.425 0.0000e+00
        541  86.658009    0.03750     2.2500    135.000  1025.4467  51412.011    31.6831     59.071    7.44509     3.7971     3.8003    25.1677   13.30593 3.7976e-02     59.637 0.0000e+00
        542  86.658012    0.03757     2.2542    135.250  1025.4476  51412.113    31.6831     59.277    7.44505     3.7973     3.8006    25.1677   13.30586 3.7976e-02     59.844 0.0000e+00
        543  86.658015    0.03764     2.2583    135.500  1025.4485  51412.162    31.6831     59.476    7.44501     3.7974     3.8008    25.1677   13.30579 3.7976e-02     60.046 0.0000e+00
        544  86.658018    0.03771     2.2625    135.750  1025.4494  51412.226    31.6831     59.672    7.44497     3.7976     3.8010    25.1676   13.30574 3.7976e-02     60.243 0.0000e+00
        545  86.658021    0.03778     2.2667    136.000  1025.4505  51412.544    31.6833     59.865    7.44493     3.7979     3.8012    25.1677   13.30567 3.7976e-02     60.439 0.0000e+00
        546  86.658024    0.03785     2.2708    136.250  1025.4517  51413.294    31.6838     60.061    7.44487     3.7985     3.8014    25.1681   13.30556 3.7976e-02     60.637 0.0000e+00
        547  86.658027    0.03792     2.2750    136.500  1025.4532  51414.270    31.6844     60.260    7.44477     3.7991     3.8017    25.1686   13.30540 3.7976e-02     60.838 0.0000e+00
        548  86.658030    0.03799     2.2792    136.750  1025.4545  51415.081    31.6850     60.462    7.44465     3.7999     3.8023    25.1690   13.30518 3.7976e-02     61.042 0.0000e+00
        549  86.658032    0.03806     2.2833    137.000  1025.4559  51415.754    31.6855     60.669    7.44450     3.8007     3.8029    25.1694   13.30493 3.7976e-02     61.250 0.0000e+00
        550  86.658035    0.03812     2.2875    137.250  1025.4572  51416.433    31.6860     60.877    7.44434     3.8017     3.8037    25.1697   13.30465 3.7976e-02     61.460 0.0000e+00
        551  86.658038    0.03819     2.2917    137.500  1025.4585  51417.027    31.6865     61.084    7.44415     3.8026     3.8045    25.1700   13.30434 3.7976e-02     61.670 0.0000e+00
        552  86.658041    0.03826     2.2958    137.750  1025.4597  51417.445    31.6869     61.290    7.44396     3.8035     3.8055    25.1703   13.30402 3.7976e-02     61.877 0.0000e+00
        553  86.658044    0.03833     2.3000    138.000  1025.4608  51417.564    31.6871     61.494    7.44378     3.8043     3.8064    25.1703   13.30371 3.7976e-02     62.084 0.0000e+00
        554  86.658047    0.03840     2.3042    138.250  1025.4617  51417.400    31.6871     61.700    7.44361     3.8050     3.8074    25.1703   13.30343 3.7976e-02     62.291 0.0000e+00
        555  86.658050    0.03847     2.3083    138.500  1025.4625  51417.214    31.6871     61.906    7.44346     3.8055     3.8082    25.1702   13.30319 3.7976e-02     62.500 0.0000e+00
        556  86.658053    0.03854     2.3125    138.750  1025.4635  51417.191    31.6871     62.113    7.44334     3.8060     3.8088    25.1701   13.30299 3.7976e-02     62.709 0.0000e+00
        557  86.658056    0.03861     2.3167    139.000  1025.4645  51417.255    31.6872     62.320    7.44324     3.8064     3.8094    25.1701   13.30281 3.7976e-02     62.917 0.0000e+00
        558  86.658058    0.03868     2.3208    139.250  1025.4654  51417.235    31.6872     62.525    7.44315     3.8068     3.8099    25.1701   13.30266 3.7976e-02     63.125 0.0000e+00
        559  86.658061    0.03875     2.3250    139.500  1025.4663  51417.134    31.6871     62.729    7.44307     3.8071     3.8103    25.1700   13.30254 3.7976e-02     63.331 0.0000e+00
        560  86.658064    0.03882     2.3292    139.750  1025.4672  51417.049    31.6871     62.932    7.44300     3.8073     3.8107    25.1699   13.30244 3.7976e-02     63.535 0.0000e+00
        561  86.658067    0.03889     2.3333    140.000  1025.4681  51417.062    31.6870     63.133    7.44295     3.8076     3.8110    25.1699   13.30235 3.7976e-02     63.739 0.0000e+00
        562  86.658070    0.03896     2.3375    140.250  1025.4691  51417.245    31.6871     63.334    7.44290     3.8078     3.8112    25.1699   13.30226 3.7976e-02     63.942 0.0000e+00
        563  86.658073    0.03903     2.3417    140.500  1025.4701  51417.606    31.6873     63.535    7.44285     3.8080     3.8115    25.1701   13.30217 3.7976e-02     64.144 0.0000e+00
        564  86.658076    0.03910     2.3458    140.750  1025.4713  51418.030    31.6876     63.736    7.44279     3.8083     3.8117    25.1702   13.30208 3.7976e-02     64.348 0.0000e+00
        565  86.658079    0.03917     2.3500    141.000  1025.4723  51418.338    31.6878     63.939    7.44273     3.8085     3.8120    25.1703   13.30198 3.7976e-02     64.552 0.0000e+00
        566  86.658082    0.03924     2.3542    141.250  1025.4733  51418.493    31.6878     64.143    7.44268     3.8087     3.8122    25.1704   13.30189 3.7976e-02     64.758 0.0000e+00
        567  86.658084    0.03931     2.3583    141.500  1025.4742  51418.563    31.6878     64.349    7.44263     3.8089     3.8125    25.1703   13.30181 3.7976e-02     64.967 0.0000e+00
        568  86.658087    0.03938     2.3625    141.750  1025.4752  51418.620    31.6878     64.556    7.44259     3.8090     3.8127    25.1703   13.30175 3.7976e-02     65.175 0.0000e+00
        569  86.658090    0.03944     2.3667    142.000  1025.4761  51418.759    31.6878     64.761    7.44256     3.8092     3.8129    25.1703   13.30169 3.7976e-02     65.383 0.0000e+00
        570  86.658093    0.03951     2.3708    142.250  1025.4772  51419.049    31.6880     64.964    7.44252     3.8094     3.8131    25.1704   13.30163 3.7976e-02     65.588 0.0000e+00
        571  86.658096    0.03958     2.3750    142.500  1025.4783  51419.453    31.6882     65.164    7.44248     3.8096     3.8133    25.1706   13.30155 3.7976e-02     65.790 0.0000e+00
        572  86.658099    0.03965     2.3792    142.750  1025.4794  51419.890    31.6884     65.361    7.44242     3.8099     3.8135    25.1708   13.30146 3.7976e-02     65.989 0.0000e+00
        573  86.658102    0.03972     2.3833    143.000  1025.4806  51420.405    31.6887     65.558    7.44236     3.8103     3.8138    25.1710   13.30135 3.7976e-02     66.188 0.0000e+00
        574  86.658105    0.03979     2.3875    143.250  1025.4818  51420.989    31.6891     65.756    7.44228     3.8107     3.8141    25.1713   13.30122 3.7976e-02     66.388 0.0000e+00
        575  86.658108    0.03986     2.3917    143.500  1025.4830  51421.475    31.6894     65.956    7.44220     3.8111     3.8144    25.1715   13.30108 3.7976e-02     66.590 0.0000e+00
        576  86.658111    0.03993     2.3958    143.750  1025.4841  51421.892    31.6897     66.158    7.44211     3.8116     3.8149    25.1717   13.30093 3.7976e-02     66.794 0.0000e+00
        577  86.658113    0.04000     2.4000    144.000  1025.4853  51422.388    31.6900     66.363    7.44202     3.8121     3.8153    25.1719   13.30077 3.7976e-02     67.001 0.0000e+00
        578  86.658116    0.04007     2.4042    144.250  1025.4865  51422.952    31.6904     66.570    7.44191     3.8127     3.8158    25.1722   13.30058 3.7976e-02     67.209 0.0000e+00
        579  86.658119    0.04014     2.4083    144.500  1025.4878  51423.519    31.6909     66.777    7.44179     3.8134     3.8163    25.1724   13.30038 3.7976e-02     67.418 0.0000e+00
        580  86.658122    0.04021     2.4125    144.750  1025.4891  51424.185    31.6914     66.984    7.44165     3.8142     3.8169    25.1728   13.30015 3.7976e-02     67.627 0.0000e+00
        581  86.658125    0.04028     2.4167    145.000  1025.4905  51424.936    31.6920     67.191    7.44150     3.8150     3.8176    25.1732   13.29988 3.7976e-02     67.836 0.0000e+00
        582  86.658128    0.04035     2.4208    145.250  1025.4917  51425.455    31.6924     67.396    7.44133     3.8159     3.8184    25.1734   13.29960 3.7976e-02     68.043 0.0000e+00
        583  86.658131    0.04042     2.4250    145.500  1025.4928  51425.611    31.6926     67.601    7.44116     3.8166     3.8193    25.1735   13.29932 3.7976e-02     68.250 0.0000e+00
        584  86.658134    0.04049     2.4292    145.750  1025.4937  51425.446    31.6926     67.806    7.44101     3.8171     3.8201    25.1734   13.29908 3.7976e-02     68.457 0.0000e+00
        585  86.658137    0.04056     2.4333    146.000  1025.4944  51425.072    31.6924     68.011    7.44089     3.8175     3.8208    25.1732   13.29888 3.7976e-02     68.664 0.0000e+00
        586  86.658139    0.04063     2.4375    146.250  1025.4952  51424.735    31.6922     68.216    7.44079     3.8179     3.8214    25.1730   13.29872 3.7976e-02     68.871 0.0000e+00
        587  86.658142    0.04069     2.4417    146.500  1025.4960  51424.534    31.6921     68.420    7.44072     3.8181     3.8218    25.1729   13.29860 3.7976e-02     69.077 0.0000e+00
        588  86.658145    0.04076     2.4458    146.750  1025.4968  51424.454    31.6920     68.621    7.44066     3.8183     3.8222    25.1728   13.29851 3.7976e-02     69.280 0.0000e+00
        589  86.658148    0.04083     2.4500    147.000  1025.4977  51424.500    31.6920     68.821    7.44062     3.8185     3.8224    25.1728   13.29844 3.7976e-02     69.482 0.0000e+00
        590  86.658151    0.04090     2.4542    147.250  1025.4987  51424.664    31.6921     69.019    7.44057     3.8187     3.8227    25.1728   13.29837 3.7976e-02     69.682 0.0000e+00
        591  86.658154    0.04097     2.4583    147.500  1025.4997  51424.876    31.6922     69.219    7.44053     3.8189     3.8229    25.1729   13.29829 3.7976e-02     69.884 0.0000e+00
        592  86.658157    0.04104     2.4625    147.750  1025.5007  51425.047    31.6922     69.420    7.44049     3.8191     3.8231    25.1729   13.29822 3.7976e-02     70.087 0.0000e+00
        593  86.658160    0.04111     2.4667    148.000  1025.5017  51425.201    31.6923     69.624    7.44045     3.8193     3.8233    25.1729   13.29815 3.7976e-02     70.292 0.0000e+00
        594  86.658163    0.04118     2.4708    148.250  1025.5027  51425.340    31.6923     69.829    7.44041     3.8195     3.8235    25.1729   13.29808 3.7976e-02     70.499 0.0000e+00
        595  86.658166    0.04125     2.4750    148.500  1025.5036  51425.470    31.6924     70.034    7.44037     3.8196     3.8237    25.1729   13.29802 3.7976e-02     70.707 0.0000e+00
