CTD-processing/allCTD/CNV--homogene/2018_07-24_t4_s05_cast174.cnv
* Sea-Bird SBE19plus Data File:
* FileName = C:\Users\Kim.Powell\Desktop\Not Processed\2018\2018_08-24_T4, T9_5028\2018_07-24_TRANSECT_STATION_cast174.hex
* Software Version 1.59
* Temperature SN =  5028
* Conductivity SN =  5028
* System UpLoad Time = Jul 26 2018 09:19:37
** 2018_07-24
** Station: 4-05
** Start Time: 11:07
** Depth (m): 79
** Comment:
** Comment:
# nquan = 17
# nvalues = 658                         
# units = specified
# name 0 = scan: Scan Count
# name 1 = timeJ: Julian Days
# name 2 = timeH: Time, Elapsed [hours]
# name 3 = timeM: Time, Elapsed [minutes]
# name 4 = timeS: Time, Elapsed [seconds]
# name 5 = density00: Density [density, kg/m^3]
# name 6 = specc: Specific Conductance [uS/cm]
# name 7 = sal00: Salinity, Practical [PSU]
# name 8 = depSM: Depth [salt water, m], lat = 59.00
# name 9 = oxsolML/L: Oxygen Saturation, Garcia & Gordon [ml/l]
# name 10 = potemp090C: Potential Temperature [ITS-90, deg C]
# name 11 = tv290C: Temperature [ITS-90, deg C]
# name 12 = sigma-é00: Density [sigma-theta, kg/m^3]
# name 13 = n2satML/L: Nitrogen Saturation [ml/l]
# name 14 = par: PAR/Irradiance, Biospherical/Licor
# name 15 = prdM: Pressure, Strain Gauge [db]
# name 16 = flag:  0.000e+00
# span 0 =          1,        658       
# span 1 = 205.463657, 205.465558       
# span 2 =    0.00000,    0.04562       
# span 3 =     0.0000,     2.7375       
# span 4 =      0.000,    164.250       
# span 5 =  1023.2954,  1024.9688       
# span 6 =  48111.869,  50109.189       
# span 7 =    30.7446,    31.6007       
# span 8 =      0.796,     75.977       
# span 9 =    6.21325,    6.76089       
# span 10 =     7.9064,    12.0085      
# span 11 =     7.9137,    12.0086      
# span 12 =    23.2909,    24.6180      
# span 13 =   11.27926,   12.17666      
# span 14 = 6.1731e-02, 1.0507e+02      
# span 15 =      0.803,     76.708      
# span 16 = 0.0000e+00, 0.0000e+00      
# interval = seconds: 0.25
# start_time = Jul 24 2018 11:07:40 [Instrument's time stamp, header]
# bad_flag = -9.990e-29
*END*
          1 205.463657    0.00000     0.0000      0.000  1023.3264  48164.312    30.7798      0.997    6.22058    11.9633    11.9547    23.3219   11.29149 7.8942e+01      1.007 0.0000e+00
          2 205.463660    0.00007     0.0042      0.250  1023.3178  48149.384    30.7696      1.014    6.22037    11.9663    11.9593    23.3132   11.29126 8.0324e+01      1.024 0.0000e+00
          3 205.463663    0.00014     0.0083      0.500  1023.3101  48136.076    30.7606      1.028    6.22018    11.9688    11.9634    23.3054   11.29106 8.1221e+01      1.038 0.0000e+00
          4 205.463666    0.00021     0.0125      0.750  1023.3051  48127.452    30.7548      1.036    6.22001    11.9712    11.9664    23.3004   11.29084 8.1368e+01      1.046 0.0000e+00
          5 205.463669    0.00028     0.0167      1.000  1023.3019  48122.225    30.7513      1.040    6.21981    11.9732    11.9690    23.2972   11.29055 8.0875e+01      1.050 0.0000e+00
          6 205.463672    0.00035     0.0208      1.250  1023.2996  48118.405    30.7488      1.038    6.21960    11.9744    11.9713    23.2949   11.29023 7.9803e+01      1.048 0.0000e+00
          7 205.463675    0.00042     0.0250      1.500  1023.2974  48114.882    30.7465      1.030    6.21943    11.9747    11.9733    23.2927   11.28997 7.8607e+01      1.039 0.0000e+00
          8 205.463678    0.00049     0.0292      1.750  1023.2956  48111.935    30.7446      1.011    6.21934    11.9746    11.9746    23.2910   11.28985 7.7639e+01      1.020 0.0000e+00
          9 205.463681    0.00056     0.0333      2.000  1023.2954  48111.869    30.7446      0.981    6.21930    11.9750    11.9749    23.2909   11.28978 7.7139e+01      0.991 0.0000e+00
         10 205.463683    0.00063     0.0375      2.250  1023.2977  48116.293    30.7477      0.946    6.21920    11.9764    11.9747    23.2934   11.28958 7.7632e+01      0.955 0.0000e+00
         11 205.463686    0.00069     0.0417      2.500  1023.3012  48122.950    30.7525      0.912    6.21896    11.9783    11.9751    23.2970   11.28912 7.9197e+01      0.921 0.0000e+00
         12 205.463689    0.00076     0.0458      2.750  1023.3036  48127.808    30.7561      0.884    6.21864    11.9802    11.9765    23.2995   11.28854 8.1289e+01      0.892 0.0000e+00
         13 205.463692    0.00083     0.0500      3.000  1023.3043  48129.757    30.7577      0.861    6.21833    11.9819    11.9784    23.3004   11.28801 8.3186e+01      0.869 0.0000e+00
         14 205.463695    0.00090     0.0542      3.250  1023.3047  48130.975    30.7587      0.844    6.21803    11.9832    11.9803    23.3009   11.28751 8.4781e+01      0.852 0.0000e+00
         15 205.463698    0.00097     0.0583      3.500  1023.3053  48132.357    30.7599      0.835    6.21777    11.9840    11.9820    23.3015   11.28706 8.6313e+01      0.843 0.0000e+00
         16 205.463701    0.00104     0.0625      3.750  1023.3050  48132.157    30.7599      0.838    6.21759    11.9841    11.9833    23.3012   11.28676 8.7263e+01      0.845 0.0000e+00
         17 205.463704    0.00111     0.0667      4.000  1023.3035  48129.336    30.7579      0.852    6.21756    11.9834    11.9841    23.2996   11.28673 8.7634e+01      0.859 0.0000e+00
         18 205.463707    0.00118     0.0708      4.250  1023.3008  48124.402    30.7544      0.871    6.21768    11.9817    11.9842    23.2969   11.28697 8.8041e+01      0.879 0.0000e+00
         19 205.463709    0.00125     0.0750      4.500  1023.2978  48118.725    30.7503      0.888    6.21793    11.9787    11.9835    23.2938   11.28744 8.8280e+01      0.895 0.0000e+00
         20 205.463712    0.00132     0.0792      4.750  1023.2960  48115.010    30.7475      0.892    6.21827    11.9747    11.9818    23.2920   11.28803 8.8036e+01      0.900 0.0000e+00
         21 205.463715    0.00139     0.0833      5.000  1023.2965  48115.568    30.7476      0.880    6.21866    11.9709    11.9788    23.2926   11.28868 8.7220e+01      0.888 0.0000e+00
         22 205.463718    0.00146     0.0875      5.250  1023.2997  48120.769    30.7509      0.856    6.21905    11.9685    11.9748    23.2959   11.28930 8.6016e+01      0.863 0.0000e+00
         23 205.463721    0.00153     0.0917      5.500  1023.3048  48129.506    30.7568      0.827    6.21933    11.9680    11.9710    23.3011   11.28969 8.5296e+01      0.834 0.0000e+00
         24 205.463724    0.00160     0.0958      5.750  1023.3102  48138.951    30.7632      0.804    6.21939    11.9688    11.9686    23.3066   11.28971 8.5734e+01      0.812 0.0000e+00
         25 205.463727    0.00167     0.1000      6.000  1023.3138  48145.390    30.7678      0.796    6.21928    11.9700    11.9681    23.3102   11.28948 8.7528e+01      0.803 0.0000e+00
         26 205.463730    0.00174     0.1042      6.250  1023.3145  48146.733    30.7688      0.805    6.21914    11.9708    11.9689    23.3108   11.28923 9.0455e+01      0.813 0.0000e+00
         27 205.463733    0.00181     0.1083      6.500  1023.3124  48143.018    30.7663      0.828    6.21908    11.9705    11.9701    23.3086   11.28916 9.3473e+01      0.836 0.0000e+00
         28 205.463736    0.00187     0.1125      6.750  1023.3085  48135.974    30.7614      0.855    6.21916    11.9687    11.9709    23.3046   11.28935 9.5696e+01      0.863 0.0000e+00
         29 205.463738    0.00194     0.1167      7.000  1023.3050  48129.425    30.7567      0.874    6.21938    11.9653    11.9707    23.3011   11.28977 9.6884e+01      0.882 0.0000e+00
         30 205.463741    0.00201     0.1208      7.250  1023.3039  48127.081    30.7548      0.878    6.21970    11.9614    11.9688    23.3000   11.29032 9.6853e+01      0.886 0.0000e+00
         31 205.463744    0.00208     0.1250      7.500  1023.3056  48129.633    30.7563      0.866    6.22009    11.9586    11.9654    23.3017   11.29095 9.5519e+01      0.874 0.0000e+00
         32 205.463747    0.00215     0.1292      7.750  1023.3092  48135.485    30.7601      0.845    6.22045    11.9579    11.9615    23.3054   11.29150 9.3791e+01      0.852 0.0000e+00
         33 205.463750    0.00222     0.1333      8.000  1023.3132  48142.521    30.7648      0.822    6.22064    11.9593    11.9587    23.3096   11.29175 9.3028e+01      0.830 0.0000e+00
         34 205.463753    0.00229     0.1375      8.250  1023.3165  48148.340    30.7689      0.808    6.22058    11.9620    11.9580    23.3129   11.29161 9.3582e+01      0.816 0.0000e+00
         35 205.463756    0.00236     0.1417      8.500  1023.3174  48150.306    30.7704      0.806    6.22033    11.9650    11.9594    23.3138   11.29118 9.5007e+01      0.814 0.0000e+00
         36 205.463759    0.00243     0.1458      8.750  1023.3153  48146.884    30.7682      0.815    6.22005    11.9672    11.9621    23.3116   11.29075 9.6426e+01      0.823 0.0000e+00
         37 205.463762    0.00250     0.1500      9.000  1023.3107  48138.926    30.7629      0.829    6.21987    11.9684    11.9651    23.3069   11.29052 9.7204e+01      0.837 0.0000e+00
         38 205.463764    0.00257     0.1542      9.250  1023.3054  48129.668    30.7565      0.842    6.21983    11.9686    11.9673    23.3016   11.29052 9.7038e+01      0.850 0.0000e+00
         39 205.463767    0.00264     0.1583      9.500  1023.3015  48122.712    30.7517      0.849    6.21986    11.9680    11.9685    23.2976   11.29062 9.5868e+01      0.857 0.0000e+00
         40 205.463770    0.00271     0.1625      9.750  1023.2999  48119.889    30.7497      0.847    6.21992    11.9673    11.9687    23.2960   11.29075 9.4440e+01      0.855 0.0000e+00
         41 205.463773    0.00278     0.1667     10.000  1023.3008  48121.602    30.7509      0.838    6.21996    11.9672    11.9681    23.2970   11.29079 9.3267e+01      0.846 0.0000e+00
         42 205.463776    0.00285     0.1708     10.250  1023.3038  48126.952    30.7546      0.825    6.21990    11.9682    11.9674    23.3000   11.29066 9.2860e+01      0.833 0.0000e+00
         43 205.463779    0.00292     0.1750     10.500  1023.3075  48133.703    30.7594      0.813    6.21972    11.9699    11.9673    23.3038   11.29030 9.4028e+01      0.821 0.0000e+00
         44 205.463782    0.00299     0.1792     10.750  1023.3104  48139.326    30.7635      0.808    6.21943    11.9718    11.9683    23.3068   11.28977 9.6104e+01      0.816 0.0000e+00
         45 205.463785    0.00306     0.1833     11.000  1023.3115  48141.633    30.7653      0.814    6.21913    11.9730    11.9700    23.3079   11.28925 9.8064e+01      0.822 0.0000e+00
         46 205.463788    0.00313     0.1875     11.250  1023.3101  48139.259    30.7638      0.830    6.21895    11.9732    11.9719    23.3064   11.28897 9.9381e+01      0.837 0.0000e+00
         47 205.463791    0.00319     0.1917     11.500  1023.3065  48132.706    30.7593      0.849    6.21896    11.9718    11.9731    23.3026   11.28904 9.9646e+01      0.857 0.0000e+00
         48 205.463793    0.00326     0.1958     11.750  1023.3024  48125.315    30.7540      0.863    6.21914    11.9688    11.9733    23.2985   11.28940 9.9474e+01      0.871 0.0000e+00
         49 205.463796    0.00333     0.2000     12.000  1023.3004  48121.361    30.7511      0.866    6.21943    11.9649    11.9720    23.2965   11.28991 9.9485e+01      0.874 0.0000e+00
         50 205.463799    0.00340     0.2042     12.250  1023.3015  48122.756    30.7518      0.857    6.21980    11.9613    11.9690    23.2976   11.29052 9.9453e+01      0.866 0.0000e+00
         51 205.463802    0.00347     0.2083     12.500  1023.3050  48128.595    30.7555      0.840    6.22018    11.9594    11.9650    23.3012   11.29110 9.9364e+01      0.848 0.0000e+00
         52 205.463805    0.00354     0.2125     12.750  1023.3095  48136.130    30.7605      0.822    6.22045    11.9594    11.9614    23.3057   11.29149 9.9582e+01      0.830 0.0000e+00
         53 205.463808    0.00361     0.2167     13.000  1023.3130  48142.231    30.7647      0.813    6.22054    11.9607    11.9595    23.3093   11.29160 1.0055e+02      0.820 0.0000e+00
         54 205.463811    0.00368     0.2208     13.250  1023.3143  48144.598    30.7663      0.816    6.22047    11.9622    11.9595    23.3106   11.29147 1.0200e+02      0.824 0.0000e+00
         55 205.463814    0.00375     0.2250     13.500  1023.3127  48141.811    30.7645      0.830    6.22037    11.9629    11.9608    23.3089   11.29133 1.0286e+02      0.838 0.0000e+00
         56 205.463817    0.00382     0.2292     13.750  1023.3087  48134.761    30.7596      0.847    6.22037    11.9622    11.9623    23.3049   11.29138 1.0319e+02      0.855 0.0000e+00
         57 205.463819    0.00389     0.2333     14.000  1023.3044  48126.982    30.7542      0.859    6.22049    11.9599    11.9630    23.3005   11.29164 1.0354e+02      0.867 0.0000e+00
         58 205.463822    0.00396     0.2375     14.250  1023.3017  48121.917    30.7505      0.862    6.22072    11.9565    11.9623    23.2978   11.29207 1.0365e+02      0.870 0.0000e+00
         59 205.463825    0.00403     0.2417     14.500  1023.3015  48121.088    30.7497      0.855    6.22106    11.9530    11.9600    23.2976   11.29263 1.0328e+02      0.863 0.0000e+00
         60 205.463828    0.00410     0.2458     14.750  1023.3034  48124.078    30.7515      0.844    6.22143    11.9503    11.9566    23.2996   11.29324 1.0280e+02      0.852 0.0000e+00
         61 205.463831    0.00417     0.2500     15.000  1023.3065  48129.105    30.7547      0.833    6.22177    11.9487    11.9531    23.3027   11.29375 1.0251e+02      0.841 0.0000e+00
         62 205.463834    0.00424     0.2542     15.250  1023.3093  48133.728    30.7577      0.827    6.22201    11.9481    11.9504    23.3056   11.29412 1.0235e+02      0.835 0.0000e+00
         63 205.463837    0.00431     0.2583     15.500  1023.3106  48135.820    30.7591      0.828    6.22216    11.9482    11.9488    23.3069   11.29437 1.0244e+02      0.836 0.0000e+00
         64 205.463840    0.00438     0.2625     15.750  1023.3101  48134.630    30.7582      0.833    6.22227    11.9482    11.9482    23.3063   11.29455 1.0272e+02      0.842 0.0000e+00
         65 205.463843    0.00444     0.2667     16.000  1023.3082  48131.096    30.7557      0.841    6.22237    11.9479    11.9483    23.3043   11.29474 1.0289e+02      0.850 0.0000e+00
         66 205.463845    0.00451     0.2708     16.250  1023.3060  48127.173    30.7529      0.848    6.22248    11.9472    11.9483    23.3022   11.29495 1.0274e+02      0.857 0.0000e+00
         67 205.463848    0.00458     0.2750     16.500  1023.3044  48124.209    30.7507      0.852    6.22260    11.9460    11.9480    23.3006   11.29518 1.0231e+02      0.860 0.0000e+00
         68 205.463851    0.00465     0.2792     16.750  1023.3035  48122.304    30.7493      0.852    6.22275    11.9446    11.9473    23.2996   11.29544 1.0150e+02      0.860 0.0000e+00
         69 205.463854    0.00472     0.2833     17.000  1023.3030  48121.269    30.7484      0.849    6.22294    11.9432    11.9461    23.2992   11.29577 1.0035e+02      0.857 0.0000e+00
         70 205.463857    0.00479     0.2875     17.250  1023.3030  48120.898    30.7480      0.845    6.22315    11.9422    11.9447    23.2991   11.29612 9.9584e+01      0.853 0.0000e+00
         71 205.463860    0.00486     0.2917     17.500  1023.3030  48120.771    30.7478      0.842    6.22333    11.9413    11.9433    23.2992   11.29642 9.9305e+01      0.850 0.0000e+00
         72 205.463863    0.00493     0.2958     17.750  1023.3030  48120.527    30.7475      0.841    6.22348    11.9406    11.9423    23.2992   11.29667 9.9530e+01      0.848 0.0000e+00
         73 205.463866    0.00500     0.3000     18.000  1023.3028  48120.062    30.7471      0.841    6.22361    11.9398    11.9414    23.2990   11.29689 1.0053e+02      0.848 0.0000e+00
         74 205.463869    0.00507     0.3042     18.250  1023.3026  48119.525    30.7466      0.842    6.22373    11.9391    11.9407    23.2988   11.29709 1.0173e+02      0.850 0.0000e+00
         75 205.463872    0.00514     0.3083     18.500  1023.3025  48119.090    30.7463      0.845    6.22384    11.9383    11.9399    23.2986   11.29729 1.0216e+02      0.853 0.0000e+00
         76 205.463874    0.00521     0.3125     18.750  1023.3023  48118.645    30.7459      0.850    6.22395    11.9373    11.9392    23.2985   11.29748 1.0181e+02      0.858 0.0000e+00
         77 205.463877    0.00528     0.3167     19.000  1023.3022  48118.210    30.7455      0.854    6.22407    11.9358    11.9384    23.2983   11.29767 1.0145e+02      0.862 0.0000e+00
         78 205.463880    0.00535     0.3208     19.250  1023.3025  48118.554    30.7456      0.857    6.22419    11.9337    11.9374    23.2986   11.29788 1.0109e+02      0.865 0.0000e+00
         79 205.463883    0.00542     0.3250     19.500  1023.3035  48120.241    30.7467      0.857    6.22435    11.9310    11.9359    23.2997   11.29813 1.0072e+02      0.865 0.0000e+00
         80 205.463886    0.00549     0.3292     19.750  1023.3052  48122.859    30.7483      0.853    6.22457    11.9284    11.9338    23.3013   11.29847 1.0105e+02      0.861 0.0000e+00
         81 205.463889    0.00556     0.3333     20.000  1023.3072  48125.963    30.7503      0.848    6.22484    11.9265    11.9311    23.3033   11.29890 1.0147e+02      0.856 0.0000e+00
         82 205.463892    0.00562     0.3375     20.250  1023.3093  48129.365    30.7524      0.845    6.22510    11.9255    11.9285    23.3055   11.29930 1.0109e+02      0.853 0.0000e+00
         83 205.463895    0.00569     0.3417     20.500  1023.3112  48132.462    30.7544      0.845    6.22527    11.9252    11.9266    23.3074   11.29957 1.0077e+02      0.853 0.0000e+00
         84 205.463898    0.00576     0.3458     20.750  1023.3123  48134.200    30.7556      0.849    6.22536    11.9249    11.9256    23.3084   11.29970 1.0087e+02      0.857 0.0000e+00
         85 205.463900    0.00583     0.3500     21.000  1023.3125  48134.544    30.7558      0.854    6.22539    11.9239    11.9253    23.3086   11.29975 1.0091e+02      0.862 0.0000e+00
