CTD-processing/allCTD/CNV--homogene/2018_10-17_t9_s09_cast073.cnv
* Sea-Bird SBE19plus Data File:
* FileName = C:\Users\Kim.Powell\Desktop\Not Processed\2018\2018_10-17_AlongBay, T9_5028\2018_10-17_TRANSECT_STATION_cast073.hex
* Software Version 1.59
* Temperature SN =  5028
* Conductivity SN =  5028
* System UpLoad Time = Oct 25 2018 17:16:47
** 2018_10-17
** Station: 9-09
** Start Time: 15:45
** Depth (m): 81
** Comment: Turbid
** Comment:
# nquan = 17
# nvalues = 575                         
# units = specified
# name 0 = scan: Scan Count
# name 1 = timeJ: Julian Days
# name 2 = timeH: Time, Elapsed [hours]
# name 3 = timeM: Time, Elapsed [minutes]
# name 4 = timeS: Time, Elapsed [seconds]
# name 5 = density00: Density [density, kg/m^3]
# name 6 = specc: Specific Conductance [uS/cm]
# name 7 = sal00: Salinity, Practical [PSU]
# name 8 = depSM: Depth [salt water, m], lat = 59.00
# name 9 = oxsolML/L: Oxygen Saturation, Garcia & Gordon [ml/l]
# name 10 = potemp090C: Potential Temperature [ITS-90, deg C]
# name 11 = tv290C: Temperature [ITS-90, deg C]
# name 12 = sigma-é00: Density [sigma-theta, kg/m^3]
# name 13 = n2satML/L: Nitrogen Saturation [ml/l]
# name 14 = par: PAR/Irradiance, Biospherical/Licor
# name 15 = prdM: Pressure, Strain Gauge [db]
# name 16 = flag:  0.000e+00
# span 0 =          1,        575       
# span 1 = 290.656817, 290.658478       
# span 2 =    0.00000,    0.03986       
# span 3 =     0.0000,     2.3917       
# span 4 =      0.000,    143.500       
# span 5 =  1016.4382,  1024.1898       
# span 6 =  34833.453,  48769.064       
# span 7 =    21.2710,    30.8726       
# span 8 =      0.398,     77.284       
# span 9 =    6.56445,    7.10973       
# span 10 =     8.4328,     9.5956      
# span 11 =     8.4329,     9.5963      
# span 12 =    16.4363,    23.8350      
# span 13 =   11.86066,   12.88698      
# span 14 = 5.1398e-02, 1.0935e+02      
# span 15 =      0.402,     78.028      
# span 16 = 0.0000e+00, 0.0000e+00      
# interval = seconds: 0.25
# start_time = Oct 17 2018 15:45:49 [Instrument's time stamp, header]
# bad_flag = -9.990e-29
*END*
[from data line 86]
         87 290.657066    0.00597     0.3583     21.500  1017.9761  37749.599    23.2118      0.704    7.04776     8.4888     8.4835    17.9728   12.75851 1.0733e+02      0.711 0.0000e+00
         88 290.657069    0.00604     0.3625     21.750  1017.9794  37756.158    23.2166      0.710    7.04689     8.4886     8.4876    17.9761   12.75698 1.0688e+02      0.717 0.0000e+00
         89 290.657072    0.00611     0.3667     22.000  1017.9793  37756.129    23.2167      0.719    7.04667     8.4877     8.4889    17.9760   12.75661 1.0673e+02      0.726 0.0000e+00
         90 290.657075    0.00618     0.3708     22.250  1017.9752  37748.310    23.2114      0.726    7.04695     8.4867     8.4886    17.9719   12.75716 1.0703e+02      0.733 0.0000e+00
         91 290.657078    0.00625     0.3750     22.500  1017.9695  37737.368    23.2039      0.729    7.04744     8.4861     8.4878    17.9661   12.75806 1.0749e+02      0.736 0.0000e+00
         92 290.657080    0.00632     0.3792     22.750  1017.9653  37729.267    23.1984      0.728    7.04785     8.4865     8.4868    17.9619   12.75883 1.0753e+02      0.735 0.0000e+00
         93 290.657083    0.00639     0.3833     23.000  1017.9633  37725.321    23.1956      0.726    7.04807     8.4880     8.4862    17.9599   12.75923 1.0727e+02      0.733 0.0000e+00
         94 290.657086    0.00646     0.3875     23.250  1017.9622  37723.276    23.1943      0.722    7.04807     8.4903     8.4866    17.9588   12.75923 1.0735e+02      0.729 0.0000e+00
         95 290.657089    0.00653     0.3917     23.500  1017.9612  37721.654    23.1934      0.717    7.04786     8.4928     8.4881    17.9579   12.75891 1.0785e+02      0.724 0.0000e+00
         96 290.657092    0.00660     0.3958     23.750  1017.9607  37720.934    23.1931      0.712    7.04751     8.4951     8.4904    17.9574   12.75833 1.0834e+02      0.719 0.0000e+00
         97 290.657095    0.00667     0.4000     24.000  1017.9614  37722.500    23.1944      0.708    7.04705     8.4968     8.4928    17.9581   12.75755 1.0853e+02      0.715 0.0000e+00
         98 290.657098    0.00674     0.4042     24.250  1017.9640  37727.747    23.1982      0.707    7.04651     8.4978     8.4951    17.9608   12.75659 1.0843e+02      0.714 0.0000e+00
         99 290.657101    0.00681     0.4083     24.500  1017.9686  37736.607    23.2044      0.710    7.04594     8.4980     8.4969    17.9653   12.75557 1.0833e+02      0.716 0.0000e+00
        100 290.657104    0.00688     0.4125     24.750  1017.9736  37745.970    23.2108      0.715    7.04549     8.4978     8.4978    17.9702   12.75474 1.0849e+02      0.722 0.0000e+00
        101 290.657106    0.00694     0.4167     25.000  1017.9760  37750.514    23.2138      0.721    7.04532     8.4979     8.4980    17.9726   12.75442 1.0887e+02      0.728 0.0000e+00
        102 290.657109    0.00701     0.4208     25.250  1017.9750  37748.591    23.2125      0.724    7.04540     8.4983     8.4979    17.9716   12.75458 1.0925e+02      0.731 0.0000e+00
        103 290.657112    0.00708     0.4250     25.500  1017.9732  37745.162    23.2102      0.724    7.04550     8.4992     8.4979    17.9698   12.75477 1.0935e+02      0.731 0.0000e+00
        104 290.657115    0.00715     0.4292     25.750  1017.9735  37745.913    23.2108      0.722    7.04541     8.5004     8.4984    17.9701   12.75460 1.0908e+02      0.729 0.0000e+00
        105 290.657118    0.00722     0.4333     26.000  1017.9763  37751.344    23.2146      0.722    7.04509     8.5017     8.4992    17.9730   12.75403 1.0856e+02      0.729 0.0000e+00
        106 290.657121    0.00729     0.4375     26.250  1017.9790  37756.548    23.2182      0.723    7.04474     8.5031     8.5004    17.9757   12.75340 1.0787e+02      0.730 0.0000e+00
        107 290.657124    0.00736     0.4417     26.500  1017.9786  37755.893    23.2179      0.722    7.04455     8.5047     8.5017    17.9753   12.75308 1.0720e+02      0.729 0.0000e+00
        108 290.657127    0.00743     0.4458     26.750  1017.9751  37749.461    23.2137      0.719    7.04451     8.5064     8.5031    17.9718   12.75306 1.0679e+02      0.725 0.0000e+00
        109 290.657130    0.00750     0.4500     27.000  1017.9721  37743.893    23.2101      0.712    7.04440     8.5080     8.5047    17.9688   12.75294 1.0660e+02      0.719 0.0000e+00
        110 290.657133    0.00757     0.4542     27.250  1017.9728  37745.476    23.2114      0.705    7.04406     8.5085     8.5065    17.9696   12.75236 1.0641e+02      0.712 0.0000e+00
        111 290.657135    0.00764     0.4583     27.500  1017.9771  37753.704    23.2171      0.702    7.04356     8.5074     8.5080    17.9738   12.75144 1.0592e+02      0.708 0.0000e+00
        112 290.657138    0.00771     0.4625     27.750  1017.9819  37762.949    23.2234      0.703    7.04318     8.5047     8.5086    17.9787   12.75073 1.0528e+02      0.709 0.0000e+00
        113 290.657141    0.00778     0.4667     28.000  1017.9851  37768.919    23.2273      0.707    7.04318     8.5014     8.5074    17.9819   12.75069 1.0493e+02      0.714 0.0000e+00
        114 290.657144    0.00785     0.4708     28.250  1017.9859  37770.137    23.2278      0.713    7.04359     8.4983     8.5047    17.9827   12.75137 1.0508e+02      0.719 0.0000e+00
        115 290.657147    0.00792     0.4750     28.500  1017.9846  37767.266    23.2255      0.718    7.04423     8.4954     8.5015    17.9813   12.75245 1.0562e+02      0.724 0.0000e+00
        116 290.657150    0.00799     0.4792     28.750  1017.9829  37763.697    23.2228      0.721    7.04486     8.4927     8.4983    17.9796   12.75353 1.0622e+02      0.727 0.0000e+00
        117 290.657153    0.00806     0.4833     29.000  1017.9825  37762.641    23.2218      0.723    7.04537     8.4904     8.4954    17.9791   12.75441 1.0663e+02      0.729 0.0000e+00
        118 290.657156    0.00813     0.4875     29.250  1017.9835  37764.363    23.2227      0.723    7.04577     8.4890     8.4927    17.9802   12.75506 1.0687e+02      0.730 0.0000e+00
        119 290.657159    0.00819     0.4917     29.500  1017.9852  37767.254    23.2244      0.723    7.04605     8.4885     8.4905    17.9818   12.75550 1.0689e+02      0.730 0.0000e+00
        120 290.657161    0.00826     0.4958     29.750  1017.9865  37769.611    23.2258      0.722    7.04622     8.4889     8.4891    17.9831   12.75576 1.0677e+02      0.728 0.0000e+00
        121 290.657164    0.00833     0.5000     30.000  1017.9870  37770.579    23.2264      0.719    7.04627     8.4900     8.4885    17.9836   12.75584 1.0662e+02      0.726 0.0000e+00
        122 290.657167    0.00840     0.5042     30.250  1017.9869  37770.457    23.2264      0.716    7.04622     8.4915     8.4889    17.9836   12.75575 1.0634e+02      0.722 0.0000e+00
        123 290.657170    0.00847     0.5083     30.500  1017.9868  37770.400    23.2265      0.711    7.04603     8.4931     8.4900    17.9835   12.75544 1.0597e+02      0.718 0.0000e+00
        124 290.657173    0.00854     0.5125     30.750  1017.9874  37771.711    23.2276      0.707    7.04573     8.4940     8.4916    17.9841   12.75492 1.0572e+02      0.714 0.0000e+00
        125 290.657176    0.00861     0.5167     31.000  1017.9892  37775.379    23.2302      0.705    7.04536     8.4939     8.4932    17.9859   12.75427 1.0559e+02      0.712 0.0000e+00
        126 290.657179    0.00868     0.5208     31.250  1017.9927  37781.982    23.2347      0.706    7.04500     8.4927     8.4941    17.9894   12.75362 1.0547e+02      0.712 0.0000e+00
        127 290.657182    0.00875     0.5250     31.500  1017.9976  37791.370    23.2411      0.709    7.04473     8.4903     8.4940    17.9943   12.75308 1.0518e+02      0.715 0.0000e+00
        128 290.657185    0.00882     0.5292     31.750  1018.0031  37801.668    23.2479      0.714    7.04462     8.4874     8.4927    17.9998   12.75282 1.0489e+02      0.721 0.0000e+00
        129 290.657188    0.00889     0.5333     32.000  1018.0075  37809.663    23.2530      0.720    7.04476     8.4844     8.4904    18.0042   12.75299 1.0498e+02      0.727 0.0000e+00
        130 290.657190    0.00896     0.5375     32.250  1018.0096  37813.321    23.2552      0.726    7.04515     8.4824     8.4874    18.0062   12.75360 1.0546e+02      0.732 0.0000e+00
        131 290.657193    0.00903     0.5417     32.500  1018.0092  37812.345    23.2542      0.729    7.04566     8.4816     8.4845    18.0058   12.75447 1.0609e+02      0.735 0.0000e+00
        132 290.657196    0.00910     0.5458     32.750  1018.0070  37807.993    23.2510      0.727    7.04614     8.4820     8.4824    18.0036   12.75530 1.0656e+02      0.734 0.0000e+00
        133 290.657199    0.00917     0.5500     33.000  1018.0047  37803.611    23.2480      0.723    7.04641     8.4833     8.4816    18.0014   12.75579 1.0682e+02      0.730 0.0000e+00
        134 290.657202    0.00924     0.5542     33.250  1018.0040  37802.311    23.2472      0.717    7.04638     8.4845     8.4820    18.0007   12.75576 1.0695e+02      0.724 0.0000e+00
        135 290.657205    0.00931     0.5583     33.500  1018.0052  37804.664    23.2489      0.712    7.04610     8.4848     8.4833    18.0019   12.75526 1.0678e+02      0.719 0.0000e+00
        136 290.657208    0.00937     0.5625     33.750  1018.0078  37809.748    23.2524      0.708    7.04573     8.4837     8.4845    18.0045   12.75460 1.0634e+02      0.715 0.0000e+00
        137 290.657211    0.00944     0.5667     34.000  1018.0114  37816.655    23.2571      0.707    7.04547     8.4812     8.4848    18.0081   12.75411 1.0592e+02      0.714 0.0000e+00
        138 290.657214    0.00951     0.5708     34.250  1018.0156  37824.503    23.2623      0.708    7.04541     8.4774     8.4837    18.0123   12.75395 1.0556e+02      0.715 0.0000e+00
        139 290.657216    0.00958     0.5750     34.500  1018.0198  37832.166    23.2672      0.711    7.04560     8.4729     8.4812    18.0164   12.75419 1.0508e+02      0.718 0.0000e+00
        140 290.657219    0.00965     0.5792     34.750  1018.0235  37838.858    23.2713      0.716    7.04602     8.4683     8.4774    18.0201   12.75483 1.0448e+02      0.723 0.0000e+00
        141 290.657222    0.00972     0.5833     35.000  1018.0265  37844.201    23.2745      0.721    7.04661     8.4645     8.4729    18.0232   12.75578 1.0409e+02      0.728 0.0000e+00
        142 290.657225    0.00979     0.5875     35.250  1018.0284  37847.360    23.2761      0.723    7.04727     8.4621     8.4683    18.0251   12.75687 1.0413e+02      0.730 0.0000e+00
        143 290.657228    0.00986     0.5917     35.500  1018.0289  37847.916    23.2761      0.723    7.04788     8.4609     8.4646    18.0255   12.75787 1.0445e+02      0.730 0.0000e+00
        144 290.657231    0.00993     0.5958     35.750  1018.0287  37847.522    23.2756      0.719    7.04829     8.4605     8.4622    18.0254   12.75856 1.0472e+02      0.725 0.0000e+00
        145 290.657234    0.01000     0.6000     36.000  1018.0295  37848.965    23.2764      0.712    7.04846     8.4604     8.4609    18.0262   12.75882 1.0496e+02      0.719 0.0000e+00
        146 290.657237    0.01007     0.6042     36.250  1018.0319  37853.562    23.2795      0.706    7.04838     8.4597     8.4605    18.0287   12.75865 1.0528e+02      0.713 0.0000e+00
        147 290.657240    0.01014     0.6083     36.500  1018.0356  37860.544    23.2842      0.702    7.04818     8.4577     8.4604    18.0324   12.75825 1.0546e+02      0.709 0.0000e+00
        148 290.657242    0.01021     0.6125     36.750  1018.0397  37868.273    23.2894      0.701    7.04806     8.4548     8.4597    18.0365   12.75800 1.0523e+02      0.707 0.0000e+00
        149 290.657245    0.01028     0.6167     37.000  1018.0434  37875.109    23.2938      0.702    7.04817     8.4513     8.4578    18.0402   12.75812 1.0446e+02      0.709 0.0000e+00
        150 290.657248    0.01035     0.6208     37.250  1018.0463  37880.249    23.2969      0.706    7.04850     8.4481     8.4549    18.0430   12.75862 1.0342e+02      0.712 0.0000e+00
        151 290.657251    0.01042     0.6250     37.500  1018.0480  37883.153    23.2985      0.711    7.04898     8.4460     8.4514    18.0447   12.75941 1.0256e+02      0.718 0.0000e+00
        152 290.657254    0.01049     0.6292     37.750  1018.0477  37882.257    23.2976      0.716    7.04954     8.4457     8.4482    18.0444   12.76036 1.0204e+02      0.723 0.0000e+00
        153 290.657257    0.01056     0.6333     38.000  1018.0446  37876.102    23.2932      0.718    7.05008     8.4474     8.4461    18.0412   12.76131 1.0183e+02      0.725 0.0000e+00
        154 290.657260    0.01063     0.6375     38.250  1018.0393  37866.000    23.2864      0.715    7.05045     8.4511     8.4458    18.0359   12.76202 1.0192e+02      0.722 0.0000e+00
        155 290.657263    0.01069     0.6417     38.500  1018.0343  37856.754    23.2803      0.710    7.05046     8.4557     8.4475    18.0309   12.76211 1.0246e+02      0.717 0.0000e+00
        156 290.657266    0.01076     0.6458     38.750  1018.0323  37853.347    23.2784      0.705    7.04995     8.4597     8.4511    18.0290   12.76129 1.0333e+02      0.712 0.0000e+00
        157 290.657269    0.01083     0.6500     39.000  1018.0337  37856.415    23.2810      0.704    7.04908     8.4618     8.4558    18.0304   12.75980 1.0384e+02      0.710 0.0000e+00
        158 290.657271    0.01090     0.6542     39.250  1018.0367  37862.475    23.2855      0.706    7.04823     8.4619     8.4598    18.0334   12.75833 1.0366e+02      0.713 0.0000e+00
        159 290.657274    0.01097     0.6583     39.500  1018.0395  37867.922    23.2894      0.712    7.04771     8.4607     8.4619    18.0362   12.75742 1.0308e+02      0.718 0.0000e+00
        160 290.657277    0.01104     0.6625     39.750  1018.0409  37870.516    23.2911      0.718    7.04762     8.4594     8.4620    18.0376   12.75724 1.0261e+02      0.724 0.0000e+00
        161 290.657280    0.01111     0.6667     40.000  1018.0400  37868.658    23.2897      0.722    7.04787     8.4588     8.4608    18.0366   12.75768 1.0253e+02      0.728 0.0000e+00
        162 290.657283    0.01118     0.6708     40.250  1018.0368  37862.548    23.2855      0.722    7.04828     8.4592     8.4594    18.0335   12.75842 1.0246e+02      0.728 0.0000e+00
        163 290.657286    0.01125     0.6750     40.500  1018.0331  37855.495    23.2806      0.718    7.04861     8.4607     8.4588    18.0298   12.75902 1.0201e+02      0.725 0.0000e+00
        164 290.657289    0.01132     0.6792     40.750  1018.0307  37851.008    23.2776      0.713    7.04868     8.4629     8.4592    18.0274   12.75918 1.0143e+02      0.719 0.0000e+00
        165 290.657292    0.01139     0.6833     41.000  1018.0299  37849.651    23.2769      0.708    7.04846     8.4651     8.4607    18.0266   12.75883 1.0115e+02      0.714 0.0000e+00
        166 290.657295    0.01146     0.6875     41.250  1018.0300  37849.979    23.2773      0.706    7.04808     8.4670     8.4630    18.0267   12.75818 1.0107e+02      0.712 0.0000e+00
        167 290.657297    0.01153     0.6917     41.500  1018.0300  37850.236    23.2777      0.705    7.04770     8.4687     8.4652    18.0267   12.75755 1.0109e+02      0.712 0.0000e+00
        168 290.657300    0.01160     0.6958     41.750  1018.0296  37849.520    23.2775      0.706    7.04741     8.4701     8.4671    18.0263   12.75706 1.0138e+02      0.713 0.0000e+00
        169 290.657303    0.01167     0.7000     42.000  1018.0291  37848.805    23.2772      0.708    7.04715     8.4709     8.4688    18.0258   12.75663 1.0190e+02      0.715 0.0000e+00
        170 290.657306    0.01174     0.7042     42.250  1018.0297  37849.954    23.2781      0.710    7.04688     8.4707     8.4702    18.0263   12.75618 1.0239e+02      0.717 0.0000e+00
