CTD-processing/allCTD/CNV--homogene/2018_08-23_t9_s09_cast216.cnv
* Sea-Bird SBE19plus Data File:
* FileName = C:\Users\Kim.Powell\Desktop\Not Processed\2018\2018_08-23_AlongBay, T9_5028\2018_08-23_TRANSECT_STATION_cast216.hex
* Software Version 1.59
* Temperature SN =  5028
* Conductivity SN =  5028
* System UpLoad Time = Aug 31 2018 10:38:28
** 2018_08-23
** Station: 9-09
** Start Time: 15:51
** Depth (m): 83
** Comment:
** Comment:
# nquan = 17
# nvalues = 648                         
# units = specified
# name 0 = scan: Scan Count
# name 1 = timeJ: Julian Days
# name 2 = timeH: Time, Elapsed [hours]
# name 3 = timeM: Time, Elapsed [minutes]
# name 4 = timeS: Time, Elapsed [seconds]
# name 5 = density00: Density [density, kg/m^3]
# name 6 = specc: Specific Conductance [uS/cm]
# name 7 = sal00: Salinity, Practical [PSU]
# name 8 = depSM: Depth [salt water, m], lat = 59.00
# name 9 = oxsolML/L: Oxygen Saturation, Garcia & Gordon [ml/l]
# name 10 = potemp090C: Potential Temperature [ITS-90, deg C]
# name 11 = tv290C: Temperature [ITS-90, deg C]
# name 12 = sigma-é00: Density [sigma-theta, kg/m^3]
# name 13 = n2satML/L: Nitrogen Saturation [ml/l]
# name 14 = par: PAR/Irradiance, Biospherical/Licor
# name 15 = prdM: Pressure, Strain Gauge [db]
# name 16 = flag:  0.000e+00
# span 0 =          1,        648       
# span 1 = 235.661435, 235.663307       
# span 2 =    0.00000,    0.04493       
# span 3 =     0.0000,     2.6958       
# span 4 =      0.000,    161.750       
# span 5 =  1019.4589,  1024.5256       
# span 6 =  41025.451,  49348.594       
# span 7 =    25.7621,    31.2706       
# span 8 =      0.535,     80.848       
# span 9 =    6.36999,    6.56841       
# span 10 =     9.2887,    11.8433      
# span 11 =     9.2971,    11.8497      
# span 12 =    19.4560,    24.1546      
# span 13 =   11.53950,   11.86216      
# span 14 = 5.7779e-02, 2.2781e+02      
# span 15 =      0.540,     81.627      
# span 16 = 0.0000e+00, 0.0000e+00      
# interval = seconds: 0.25
# start_time = Aug 23 2018 15:52:28 [Instrument's time stamp, header]
# bad_flag = -9.990e-29
*END*
[from data line 596]
        597 235.663160    0.04139     2.4833    149.000  1024.4666  49321.027    31.2604     70.978    6.56346     9.3260     9.3340    24.1409   11.85408 5.8371e-02     71.661 0.0000e+00
        598 235.663163    0.04146     2.4875    149.250  1024.4672  49320.451    31.2599     71.203    6.56349     9.3252     9.3339    24.1405   11.85414 5.8363e-02     71.887 0.0000e+00
        599 235.663166    0.04153     2.4917    149.500  1024.4680  49320.093    31.2595     71.429    6.56357     9.3242     9.3336    24.1403   11.85427 5.8357e-02     72.116 0.0000e+00
        600 235.663168    0.04160     2.4958    149.750  1024.4691  49320.253    31.2594     71.654    6.56368     9.3231     9.3328    24.1403   11.85446 5.8343e-02     72.343 0.0000e+00
        601 235.663171    0.04167     2.5000    150.000  1024.4704  49320.911    31.2596     71.872    6.56382     9.3221     9.3318    24.1407   11.85469 5.8322e-02     72.563 0.0000e+00
        602 235.663174    0.04174     2.5042    150.250  1024.4718  49321.811    31.2600     72.079    6.56396     9.3213     9.3307    24.1412   11.85491 5.8296e-02     72.772 0.0000e+00
        603 235.663177    0.04181     2.5083    150.500  1024.4732  49322.658    31.2604     72.274    6.56408     9.3206     9.3298    24.1416   11.85510 5.8271e-02     72.969 0.0000e+00
        604 235.663180    0.04188     2.5125    150.750  1024.4744  49323.392    31.2608     72.462    6.56418     9.3201     9.3290    24.1420   11.85527 5.8254e-02     73.158 0.0000e+00
        605 235.663183    0.04194     2.5167    151.000  1024.4756  49324.132    31.2611     72.648    6.56426     9.3198     9.3283    24.1424   11.85540 5.8235e-02     73.346 0.0000e+00
        606 235.663186    0.04201     2.5208    151.250  1024.4769  49324.922    31.2615     72.841    6.56432     9.3197     9.3278    24.1428   11.85549 5.8210e-02     73.542 0.0000e+00
        607 235.663189    0.04208     2.5250    151.500  1024.4782  49325.619    31.2619     73.048    6.56435     9.3198     9.3275    24.1431   11.85553 5.8190e-02     73.751 0.0000e+00
        608 235.663192    0.04215     2.5292    151.750  1024.4794  49325.973    31.2620     73.269    6.56435     9.3199     9.3275    24.1432   11.85553 5.8182e-02     73.974 0.0000e+00
        609 235.663194    0.04222     2.5333    152.000  1024.4803  49325.918    31.2619     73.498    6.56433     9.3198     9.3276    24.1431   11.85551 5.8176e-02     74.205 0.0000e+00
        610 235.663197    0.04229     2.5375    152.250  1024.4811  49325.644    31.2616     73.726    6.56433     9.3195     9.3277    24.1429   11.85551 5.8165e-02     74.435 0.0000e+00
        611 235.663200    0.04236     2.5417    152.500  1024.4819  49325.349    31.2613     73.943    6.56435     9.3189     9.3276    24.1427   11.85555 5.8155e-02     74.654 0.0000e+00
        612 235.663203    0.04243     2.5458    152.750  1024.4827  49325.242    31.2611     74.146    6.56440     9.3182     9.3273    24.1426   11.85564 5.8148e-02     74.859 0.0000e+00
        613 235.663206    0.04250     2.5500    153.000  1024.4837  49325.463    31.2611     74.339    6.56448     9.3174     9.3268    24.1426   11.85577 5.8138e-02     75.054 0.0000e+00
        614 235.663209    0.04257     2.5542    153.250  1024.4848  49325.851    31.2612     74.531    6.56458     9.3166     9.3261    24.1428   11.85593 5.8126e-02     75.248 0.0000e+00
        615 235.663212    0.04264     2.5583    153.500  1024.4859  49326.182    31.2613     74.732    6.56469     9.3155     9.3253    24.1430   11.85611 5.8114e-02     75.451 0.0000e+00
        616 235.663215    0.04271     2.5625    153.750  1024.4869  49326.366    31.2612     74.948    6.56481     9.3141     9.3245    24.1430   11.85631 5.8101e-02     75.669 0.0000e+00
        617 235.663218    0.04278     2.5667    154.000  1024.4880  49326.389    31.2610     75.178    6.56497     9.3120     9.3234    24.1430   11.85658 5.8083e-02     75.902 0.0000e+00
        618 235.663220    0.04285     2.5708    154.250  1024.4891  49326.417    31.2607     75.419    6.56520     9.3095     9.3220    24.1430   11.85695 5.8063e-02     76.145 0.0000e+00
        619 235.663223    0.04292     2.5750    154.500  1024.4904  49326.818    31.2606     75.662    6.56549     9.3066     9.3200    24.1433   11.85744 5.8045e-02     76.390 0.0000e+00
        620 235.663226    0.04299     2.5792    154.750  1024.4922  49327.977    31.2609     75.897    6.56584     9.3038     9.3175    24.1440   11.85801 5.8030e-02     76.628 0.0000e+00
        621 235.663229    0.04306     2.5833    155.000  1024.4943  49329.875    31.2618     76.119    6.56621     9.3013     9.3147    24.1451   11.85862 5.8019e-02     76.852 0.0000e+00
        622 235.663232    0.04312     2.5875    155.250  1024.4965  49332.036    31.2628     76.326    6.56657     9.2990     9.3119    24.1463   11.85920 5.8010e-02     77.061 0.0000e+00
        623 235.663235    0.04319     2.5917    155.500  1024.4986  49334.074    31.2638     76.522    6.56690     9.2969     9.3094    24.1475   11.85974 5.8003e-02     77.259 0.0000e+00
        624 235.663238    0.04326     2.5958    155.750  1024.5005  49335.963    31.2648     76.711    6.56719     9.2951     9.3071    24.1486   11.86021 5.7996e-02     77.449 0.0000e+00
        625 235.663241    0.04333     2.6000    156.000  1024.5024  49337.779    31.2657     76.898    6.56745     9.2936     9.3050    24.1497   11.86063 5.7989e-02     77.638 0.0000e+00
        626 235.663244    0.04340     2.6042    156.250  1024.5043  49339.533    31.2666     77.087    6.56768     9.2923     9.3032    24.1507   11.86099 5.7980e-02     77.829 0.0000e+00
        627 235.663247    0.04347     2.6083    156.500  1024.5061  49341.151    31.2674     77.282    6.56786     9.2913     9.3017    24.1516   11.86129 5.7969e-02     78.026 0.0000e+00
        628 235.663249    0.04354     2.6125    156.750  1024.5078  49342.527    31.2681     77.486    6.56801     9.2906     9.3005    24.1523   11.86152 5.7961e-02     78.232 0.0000e+00
        629 235.663252    0.04361     2.6167    157.000  1024.5094  49343.637    31.2687     77.700    6.56813     9.2900     9.2995    24.1529   11.86171 5.7955e-02     78.448 0.0000e+00
        630 235.663255    0.04368     2.6208    157.250  1024.5108  49344.507    31.2691     77.925    6.56821     9.2896     9.2988    24.1533   11.86184 5.7949e-02     78.675 0.0000e+00
        631 235.663258    0.04375     2.6250    157.500  1024.5122  49345.188    31.2694     78.158    6.56827     9.2893     9.2983    24.1536   11.86195 5.7939e-02     78.910 0.0000e+00
        632 235.663261    0.04382     2.6292    157.750  1024.5136  49345.781    31.2697     78.392    6.56832     9.2890     9.2979    24.1539   11.86202 5.7922e-02     79.147 0.0000e+00
        633 235.663264    0.04389     2.6333    158.000  1024.5149  49346.315    31.2699     78.622    6.56836     9.2889     9.2976    24.1541   11.86208 5.7895e-02     79.379 0.0000e+00
        634 235.663267    0.04396     2.6375    158.250  1024.5161  49346.745    31.2701     78.843    6.56838     9.2888     9.2974    24.1543   11.86212 5.7871e-02     79.602 0.0000e+00
        635 235.663270    0.04403     2.6417    158.500  1024.5172  49347.060    31.2702     79.054    6.56840     9.2887     9.2973    24.1544   11.86214 5.7864e-02     79.815 0.0000e+00
        636 235.663273    0.04410     2.6458    158.750  1024.5181  49347.270    31.2703     79.254    6.56840     9.2887     9.2972    24.1545   11.86215 5.7863e-02     80.017 0.0000e+00
        637 235.663275    0.04417     2.6500    159.000  1024.5190  49347.399    31.2703     79.447    6.56841     9.2887     9.2971    24.1545   11.86216 5.7854e-02     80.212 0.0000e+00
        638 235.663278    0.04424     2.6542    159.250  1024.5199  49347.486    31.2703     79.640    6.56841     9.2888     9.2971    24.1545   11.86216 5.7840e-02     80.407 0.0000e+00
        639 235.663281    0.04431     2.6583    159.500  1024.5207  49347.569    31.2702     79.833    6.56841     9.2888     9.2972    24.1545   11.86215 5.7825e-02     80.602 0.0000e+00
        640 235.663284    0.04437     2.6625    159.750  1024.5216  49347.686    31.2702     80.025    6.56840     9.2889     9.2972    24.1545   11.86214 5.7812e-02     80.796 0.0000e+00
        641 235.663287    0.04444     2.6667    160.000  1024.5225  49347.831    31.2703     80.215    6.56839     9.2889     9.2973    24.1545   11.86212 5.7803e-02     80.988 0.0000e+00
        642 235.663290    0.04451     2.6708    160.250  1024.5234  49347.954    31.2703     80.394    6.56838     9.2890     9.2974    24.1545   11.86210 5.7798e-02     81.169 0.0000e+00
        643 235.663293    0.04458     2.6750    160.500  1024.5241  49348.051    31.2703     80.551    6.56836     9.2891     9.2975    24.1545   11.86208 5.7794e-02     81.327 0.0000e+00
        644 235.663296    0.04465     2.6792    160.750  1024.5246  49348.151    31.2703     80.672    6.56835     9.2892     9.2975    24.1545   11.86205 5.7789e-02     81.450 0.0000e+00
        645 235.663299    0.04472     2.6833    161.000  1024.5251  49348.319    31.2704     80.755    6.56833     9.2893     9.2976    24.1545   11.86202 5.7785e-02     81.533 0.0000e+00
        646 235.663302    0.04479     2.6875    161.250  1024.5254  49348.518    31.2705     80.806    6.56831     9.2894     9.2977    24.1546   11.86198 5.7782e-02     81.585 0.0000e+00
        647 235.663304    0.04486     2.6917    161.500  1024.5256  49348.594    31.2706     80.837    6.56829 -9.990e-29     9.2978    24.1546   11.86195 5.7780e-02     81.616 0.0000e+00
        648 235.663307    0.04493     2.6958    161.750  1024.5256  49348.583    31.2706     80.848    6.56828 -9.990e-29     9.2979    24.1546   11.86193 5.7779e-02     81.627 0.0000e+00
