CTD-processing/allCTD/CNV--homogene/2018_07-29_t3_s12_cast193.cnv
* Sea-Bird SBE19plus Data File:
* FileName = C:\Users\Kim.Powell\Desktop\Not Processed\2018\2018_07-26_T3_5028\2018_07-29_T3_STATION_cast193.hex
* Software Version 1.59
* Temperature SN =  5028
* Conductivity SN =  5028
* System UpLoad Time = Aug 22 2018 09:57:02
** 2018_07-26
** Station: 3-12
** Start Time: 12:40
** Depth (m): 37
** Comment:
** Comment:
# nquan = 17
# nvalues = 425                         
# units = specified
# name 0 = scan: Scan Count
# name 1 = timeJ: Julian Days
# name 2 = timeH: Time, Elapsed [hours]
# name 3 = timeM: Time, Elapsed [minutes]
# name 4 = timeS: Time, Elapsed [seconds]
# name 5 = density00: Density [density, kg/m^3]
# name 6 = specc: Specific Conductance [uS/cm]
# name 7 = sal00: Salinity, Practical [PSU]
# name 8 = depSM: Depth [salt water, m], lat = 59.00
# name 9 = oxsolML/L: Oxygen Saturation, Garcia & Gordon [ml/l]
# name 10 = potemp090C: Potential Temperature [ITS-90, deg C]
# name 11 = tv290C: Temperature [ITS-90, deg C]
# name 12 = sigma-é00: Density [sigma-theta, kg/m^3]
# name 13 = n2satML/L: Nitrogen Saturation [ml/l]
# name 14 = par: PAR/Irradiance, Biospherical/Licor
# name 15 = prdM: Pressure, Strain Gauge [db]
# name 16 = flag:  0.000e+00
# span 0 =          1,        425       
# span 1 = 207.528924, 207.530150       
# span 2 =    0.00000,    0.02944       
# span 3 =     0.0000,     1.7667       
# span 4 =      0.000,    106.000       
# span 5 =  1023.8600,  1024.0944       
# span 6 =  48888.792,  49069.365       
# span 7 =    31.1276,    31.2518       
# span 8 =      0.716,     33.937       
# span 9 =    6.40034,    6.43767       
# span 10 =    10.2335,    10.5107      
# span 11 =    10.2358,    10.5108      
# span 12 =    23.8564,    23.9584      
# span 13 =   11.58501,   11.64658      
# span 14 = 3.6569e-01, 2.0460e+02      
# span 15 =      0.722,     34.260      
# span 16 = 0.0000e+00, 0.0000e+00      
# interval = seconds: 0.25
# start_time = Jul 26 2018 12:41:39 [Instrument's time stamp, header]
# bad_flag = -9.990e-29
*END*
[from data line 341]
        342 207.529910    0.02368     1.4208     85.250  1024.0137  49021.206    31.1895     16.212    6.43761    10.2343    10.2362    23.9396   11.64649 8.6277e+00     16.365 0.0000e+00
        343 207.529913    0.02375     1.4250     85.500  1024.0148  49021.332    31.1895     16.438    6.43761    10.2343    10.2362    23.9396   11.64649 8.2774e+00     16.593 0.0000e+00
        344 207.529916    0.02382     1.4292     85.750  1024.0158  49021.506    31.1895     16.659    6.43762    10.2342    10.2362    23.9397   11.64650 7.9457e+00     16.817 0.0000e+00
        345 207.529919    0.02389     1.4333     86.000  1024.0169  49021.707    31.1896     16.881    6.43762    10.2342    10.2362    23.9397   11.64650 7.6239e+00     17.041 0.0000e+00
        346 207.529922    0.02396     1.4375     86.250  1024.0179  49021.882    31.1896     17.111    6.43762    10.2341    10.2362    23.9397   11.64650 7.3079e+00     17.273 0.0000e+00
        347 207.529925    0.02403     1.4417     86.500  1024.0190  49022.049    31.1897     17.350    6.43762    10.2340    10.2361    23.9398   11.64650 6.9983e+00     17.515 0.0000e+00
        348 207.529928    0.02410     1.4458     86.750  1024.0202  49022.244    31.1897     17.596    6.43762    10.2339    10.2361    23.9398   11.64651 6.6983e+00     17.763 0.0000e+00
        349 207.529931    0.02417     1.4500     87.000  1024.0214  49022.440    31.1897     17.843    6.43763    10.2338    10.2360    23.9398   11.64652 6.4158e+00     18.012 0.0000e+00
        350 207.529933    0.02424     1.4542     87.250  1024.0225  49022.628    31.1897     18.081    6.43765    10.2337    10.2359    23.9399   11.64654 6.1572e+00     18.252 0.0000e+00
        351 207.529936    0.02431     1.4583     87.500  1024.0235  49022.825    31.1897     18.307    6.43766    10.2336    10.2359    23.9399   11.64656 5.9216e+00     18.480 0.0000e+00
        352 207.529939    0.02438     1.4625     87.750  1024.0246  49023.022    31.1898     18.523    6.43766    10.2336    10.2358    23.9400   11.64657 5.7020e+00     18.699 0.0000e+00
        353 207.529942    0.02444     1.4667     88.000  1024.0256  49023.211    31.1898     18.736    6.43767    10.2337    10.2358    23.9400   11.64658 5.4899e+00     18.913 0.0000e+00
        354 207.529945    0.02451     1.4708     88.250  1024.0266  49023.385    31.1899     18.951    6.43767    10.2338    10.2358    23.9400   11.64658 5.2789e+00     19.131 0.0000e+00
        355 207.529948    0.02458     1.4750     88.500  1024.0277  49023.525    31.1899     19.174    6.43766    10.2340    10.2358    23.9400   11.64656 5.0656e+00     19.356 0.0000e+00
        356 207.529951    0.02465     1.4792     88.750  1024.0287  49023.622    31.1898     19.407    6.43764    10.2342    10.2360    23.9400   11.64653 4.8512e+00     19.592 0.0000e+00
        357 207.529954    0.02472     1.4833     89.000  1024.0297  49023.673    31.1898     19.648    6.43761    10.2345    10.2362    23.9400   11.64648 4.6407e+00     19.834 0.0000e+00
        358 207.529957    0.02479     1.4875     89.250  1024.0307  49023.622    31.1897     19.889    6.43757    10.2348    10.2365    23.9398   11.64642 4.4395e+00     20.078 0.0000e+00
        359 207.529959    0.02486     1.4917     89.500  1024.0316  49023.482    31.1896     20.127    6.43754    10.2350    10.2368    23.9396   11.64636 4.2517e+00     20.319 0.0000e+00
        360 207.529962    0.02493     1.4958     89.750  1024.0325  49023.387    31.1894     20.356    6.43750    10.2352    10.2371    23.9395   11.64631 4.0815e+00     20.550 0.0000e+00
        361 207.529965    0.02500     1.5000     90.000  1024.0334  49023.411    31.1894     20.571    6.43747    10.2355    10.2373    23.9394   11.64625 3.9305e+00     20.767 0.0000e+00
        362 207.529968    0.02507     1.5042     90.250  1024.0343  49023.417    31.1893     20.771    6.43744    10.2357    10.2375    23.9393   11.64620 3.7978e+00     20.969 0.0000e+00
        363 207.529971    0.02514     1.5083     90.500  1024.0350  49023.247    31.1892     20.958    6.43741    10.2358    10.2378    23.9392   11.64615 3.6788e+00     21.157 0.0000e+00
        364 207.529974    0.02521     1.5125     90.750  1024.0355  49022.960    31.1889     21.136    6.43738    10.2358    10.2381    23.9390   11.64611 3.5661e+00     21.337 0.0000e+00
        365 207.529977    0.02528     1.5167     91.000  1024.0362  49022.727    31.1887     21.317    6.43737    10.2356    10.2382    23.9388   11.64610 3.4515e+00     21.519 0.0000e+00
        366 207.529980    0.02535     1.5208     91.250  1024.0370  49022.688    31.1886     21.512    6.43738    10.2353    10.2382    23.9387   11.64612 3.3293e+00     21.716 0.0000e+00
        367 207.529983    0.02542     1.5250     91.500  1024.0380  49022.887    31.1886     21.728    6.43741    10.2350    10.2380    23.9387   11.64616 3.1978e+00     21.934 0.0000e+00
        368 207.529986    0.02549     1.5292     91.750  1024.0393  49023.231    31.1887     21.967    6.43744    10.2347    10.2377    23.9389   11.64621 3.0591e+00     22.175 0.0000e+00
        369 207.529988    0.02556     1.5333     92.000  1024.0406  49023.624    31.1889     22.224    6.43747    10.2346    10.2375    23.9390   11.64626 2.9176e+00     22.435 0.0000e+00
        370 207.529991    0.02562     1.5375     92.250  1024.0420  49024.043    31.1890     22.492    6.43749    10.2345    10.2373    23.9392   11.64629 2.7783e+00     22.706 0.0000e+00
        371 207.529994    0.02569     1.5417     92.500  1024.0434  49024.439    31.1892     22.761    6.43750    10.2345    10.2372    23.9394   11.64631 2.6460e+00     22.977 0.0000e+00
        372 207.529997    0.02576     1.5458     92.750  1024.0446  49024.706    31.1892     23.022    6.43750    10.2345    10.2371    23.9394   11.64631 2.5246e+00     23.241 0.0000e+00
        373 207.530000    0.02583     1.5500     93.000  1024.0457  49024.825    31.1892     23.269    6.43750    10.2345    10.2372    23.9394   11.64630 2.4168e+00     23.490 0.0000e+00
        374 207.530003    0.02590     1.5542     93.250  1024.0468  49024.919    31.1892     23.497    6.43750    10.2345    10.2372    23.9394   11.64630 2.3236e+00     23.720 0.0000e+00
        375 207.530006    0.02597     1.5583     93.500  1024.0477  49025.062    31.1892     23.702    6.43750    10.2346    10.2372    23.9394   11.64630 2.2440e+00     23.927 0.0000e+00
        376 207.530009    0.02604     1.5625     93.750  1024.0485  49025.206    31.1892     23.886    6.43749    10.2347    10.2372    23.9394   11.64629 2.1751e+00     24.113 0.0000e+00
        377 207.530012    0.02611     1.5667     94.000  1024.0493  49025.283    31.1892     24.055    6.43748    10.2348    10.2373    23.9394   11.64627 2.1130e+00     24.283 0.0000e+00
        378 207.530014    0.02618     1.5708     94.250  1024.0500  49025.279    31.1892     24.217    6.43746    10.2348    10.2374    23.9393   11.64625 2.0531e+00     24.447 0.0000e+00
        379 207.530017    0.02625     1.5750     94.500  1024.0506  49025.241    31.1891     24.384    6.43745    10.2349    10.2375    23.9392   11.64622 1.9907e+00     24.615 0.0000e+00
        380 207.530020    0.02632     1.5792     94.750  1024.0514  49025.214    31.1890     24.565    6.43744    10.2349    10.2376    23.9392   11.64620 1.9227e+00     24.799 0.0000e+00
        381 207.530023    0.02639     1.5833     95.000  1024.0523  49025.234    31.1889     24.769    6.43743    10.2348    10.2377    23.9391   11.64620 1.8487e+00     25.005 0.0000e+00
        382 207.530026    0.02646     1.5875     95.250  1024.0533  49025.330    31.1889     24.997    6.43743    10.2348    10.2377    23.9391   11.64620 1.7697e+00     25.235 0.0000e+00
        383 207.530029    0.02653     1.5917     95.500  1024.0544  49025.468    31.1889     25.246    6.43743    10.2347    10.2377    23.9391   11.64620 1.6886e+00     25.486 0.0000e+00
        384 207.530032    0.02660     1.5958     95.750  1024.0556  49025.620    31.1889     25.508    6.43744    10.2347    10.2377    23.9391   11.64621 1.6087e+00     25.751 0.0000e+00
        385 207.530035    0.02667     1.6000     96.000  1024.0569  49025.822    31.1889     25.772    6.43744    10.2346    10.2376    23.9391   11.64621 1.5335e+00     26.017 0.0000e+00
        386 207.530038    0.02674     1.6042     96.250  1024.0581  49026.059    31.1890     26.026    6.43744    10.2346    10.2376    23.9392   11.64622 1.4655e+00     26.274 0.0000e+00
        387 207.530041    0.02681     1.6083     96.500  1024.0592  49026.253    31.1890     26.263    6.43745    10.2345    10.2376    23.9392   11.64622 1.4059e+00     26.513 0.0000e+00
        388 207.530043    0.02688     1.6125     96.750  1024.0602  49026.380    31.1890     26.479    6.43745    10.2345    10.2376    23.9392   11.64623 1.3548e+00     26.731 0.0000e+00
        389 207.530046    0.02694     1.6167     97.000  1024.0611  49026.488    31.1890     26.674    6.43745    10.2344    10.2375    23.9392   11.64624 1.3112e+00     26.928 0.0000e+00
        390 207.530049    0.02701     1.6208     97.250  1024.0619  49026.610    31.1890     26.852    6.43746    10.2343    10.2375    23.9392   11.64625 1.2729e+00     27.107 0.0000e+00
        391 207.530052    0.02708     1.6250     97.500  1024.0627  49026.748    31.1890     27.019    6.43747    10.2343    10.2374    23.9393   11.64626 1.2373e+00     27.275 0.0000e+00
        392 207.530055    0.02715     1.6292     97.750  1024.0635  49026.908    31.1891     27.186    6.43747    10.2342    10.2373    23.9393   11.64627 1.2011e+00     27.444 0.0000e+00
        393 207.530058    0.02722     1.6333     98.000  1024.0644  49027.084    31.1891     27.367    6.43748    10.2342    10.2373    23.9393   11.64627 1.1615e+00     27.627 0.0000e+00
        394 207.530061    0.02729     1.6375     98.250  1024.0654  49027.254    31.1891     27.573    6.43749    10.2342    10.2372    23.9394   11.64628 1.1176e+00     27.835 0.0000e+00
        395 207.530064    0.02736     1.6417     98.500  1024.0665  49027.457    31.1892     27.806    6.43749    10.2342    10.2372    23.9394   11.64628 1.0700e+00     28.071 0.0000e+00
        396 207.530067    0.02743     1.6458     98.750  1024.0677  49027.686    31.1892     28.063    6.43748    10.2343    10.2373    23.9395   11.64627 1.0209e+00     28.329 0.0000e+00
        397 207.530069    0.02750     1.6500     99.000  1024.0689  49027.834    31.1893     28.328    6.43746    10.2344    10.2374    23.9395   11.64624 9.7324e-01     28.598 0.0000e+00
        398 207.530072    0.02757     1.6542     99.250  1024.0700  49027.868    31.1892     28.587    6.43745    10.2344    10.2375    23.9394   11.64622 9.2963e-01     28.859 0.0000e+00
        399 207.530075    0.02764     1.6583     99.500  1024.0710  49027.846    31.1891     28.829    6.43743    10.2344    10.2376    23.9393   11.64620 8.9128e-01     29.103 0.0000e+00
        400 207.530078    0.02771     1.6625     99.750  1024.0720  49027.855    31.1890     29.050    6.43743    10.2343    10.2377    23.9392   11.64619 8.5788e-01     29.326 0.0000e+00
        401 207.530081    0.02778     1.6667    100.000  1024.0729  49027.938    31.1890     29.254    6.43743    10.2343    10.2377    23.9392   11.64620 8.2818e-01     29.532 0.0000e+00
        402 207.530084    0.02785     1.6708    100.250  1024.0738  49028.081    31.1890     29.447    6.43744    10.2342    10.2376    23.9392   11.64621 8.0042e-01     29.727 0.0000e+00
        403 207.530087    0.02792     1.6750    100.500  1024.0747  49028.261    31.1890     29.640    6.43744    10.2341    10.2376    23.9393   11.64622 7.7299e-01     29.921 0.0000e+00
        404 207.530090    0.02799     1.6792    100.750  1024.0756  49028.413    31.1890     29.840    6.43745    10.2341    10.2376    23.9393   11.64622 7.4516e-01     30.124 0.0000e+00
        405 207.530093    0.02806     1.6833    101.000  1024.0766  49028.543    31.1890     30.051    6.43745    10.2341    10.2375    23.9393   11.64623 7.1707e-01     30.337 0.0000e+00
        406 207.530095    0.02813     1.6875    101.250  1024.0776  49028.708    31.1891     30.269    6.43745    10.2340    10.2375    23.9393   11.64623 6.8953e-01     30.557 0.0000e+00
        407 207.530098    0.02819     1.6917    101.500  1024.0786  49028.872    31.1891     30.488    6.43745    10.2340    10.2375    23.9393   11.64623 6.6365e-01     30.778 0.0000e+00
        408 207.530101    0.02826     1.6958    101.750  1024.0796  49029.025    31.1891     30.699    6.43745    10.2340    10.2375    23.9393   11.64623 6.4003e-01     30.991 0.0000e+00
        409 207.530104    0.02833     1.7000    102.000  1024.0806  49029.199    31.1891     30.899    6.43745    10.2340    10.2375    23.9394   11.64622 6.1839e-01     31.193 0.0000e+00
        410 207.530107    0.02840     1.7042    102.250  1024.0815  49029.348    31.1892     31.093    6.43745    10.2340    10.2375    23.9394   11.64622 5.9778e-01     31.389 0.0000e+00
        411 207.530110    0.02847     1.7083    102.500  1024.0824  49029.440    31.1892     31.288    6.43745    10.2339    10.2375    23.9394   11.64623 5.7727e-01     31.586 0.0000e+00
        412 207.530113    0.02854     1.7125    102.750  1024.0833  49029.534    31.1891     31.492    6.43745    10.2339    10.2375    23.9394   11.64623 5.5649e-01     31.791 0.0000e+00
        413 207.530116    0.02861     1.7167    103.000  1024.0843  49029.662    31.1891     31.704    6.43745    10.2339    10.2375    23.9394   11.64623 5.3580e-01     32.006 0.0000e+00
        414 207.530119    0.02868     1.7208    103.250  1024.0853  49029.803    31.1891     31.919    6.43745    10.2338    10.2375    23.9394   11.64623 5.1609e-01     32.223 0.0000e+00
        415 207.530122    0.02875     1.7250    103.500  1024.0862  49029.962    31.1892     32.128    6.43745    10.2337    10.2375    23.9395   11.64623 4.9801e-01     32.434 0.0000e+00
        416 207.530124    0.02882     1.7292    103.750  1024.0872  49030.132    31.1892     32.328    6.43746    10.2336    10.2375    23.9395   11.64623 4.8146e-01     32.636 0.0000e+00
        417 207.530127    0.02889     1.7333    104.000  1024.0881  49030.292    31.1892     32.524    6.43746    10.2336    10.2374    23.9395   11.64624 4.6564e-01     32.833 0.0000e+00
        418 207.530130    0.02896     1.7375    104.250  1024.0891  49030.447    31.1892     32.724    6.43747    10.2335    10.2374    23.9395   11.64625 4.4954e-01     33.035 0.0000e+00
        419 207.530133    0.02903     1.7417    104.500  1024.0901  49030.594    31.1892     32.937    6.43747    10.2335    10.2373    23.9396   11.64626 4.3259e-01     33.251 0.0000e+00
        420 207.530136    0.02910     1.7458    104.750  1024.0911  49030.723    31.1892     33.165    6.43748    10.2335    10.2373    23.9396   11.64626 4.1525e-01     33.481 0.0000e+00
        421 207.530139    0.02917     1.7500    105.000  1024.0921  49030.820    31.1892     33.397    6.43747    10.2336    10.2373    23.9396   11.64626 3.9876e-01     33.716 0.0000e+00
        422 207.530142    0.02924     1.7542    105.250  1024.0931  49030.866    31.1891     33.612    6.43747    10.2336    10.2374    23.9395   11.64626 3.8461e-01     33.932 0.0000e+00
        423 207.530145    0.02931     1.7583    105.500  1024.0938  49030.861    31.1891     33.784    6.43746    10.2336    10.2374    23.9395   11.64625 3.7406e-01     34.106 0.0000e+00
        424 207.530148    0.02937     1.7625    105.750  1024.0942  49030.835    31.1890     33.897    6.43746 -9.990e-29    10.2375    23.9394   11.64625 3.6775e-01     34.220 0.0000e+00
        425 207.530150    0.02944     1.7667    106.000  1024.0944  49030.823    31.1890     33.937    6.43746 -9.990e-29    10.2375    23.9394   11.64625 3.6569e-01     34.260 0.0000e+00
