CTD-processing/allCTD/CNV--homogene/2018_10-17_alongbay_skb04_cast061.cnv
* Sea-Bird SBE19plus Data File:
* FileName = C:\Users\Kim.Powell\Desktop\Not Processed\2018\2018_10-17_AlongBay, T9_5028\2018_10-17_TRANSECT_STATION_cast061.hex
* Software Version 1.59
* Temperature SN =  5028
* Conductivity SN =  5028
* System UpLoad Time = Oct 25 2018 17:03:15
** 2018_10-17
** Station: KB04
** Start Time: 12:26
** Depth (m): 156
** Comment:
** Comment:
# nquan = 17
# nvalues = 1079                        
# units = specified
# name 0 = scan: Scan Count
# name 1 = timeJ: Julian Days
# name 2 = timeH: Time, Elapsed [hours]
# name 3 = timeM: Time, Elapsed [minutes]
# name 4 = timeS: Time, Elapsed [seconds]
# name 5 = density00: Density [density, kg/m^3]
# name 6 = specc: Specific Conductance [uS/cm]
# name 7 = sal00: Salinity, Practical [PSU]
# name 8 = depSM: Depth [salt water, m], lat = 59.00
# name 9 = oxsolML/L: Oxygen Saturation, Garcia & Gordon [ml/l]
# name 10 = potemp090C: Potential Temperature [ITS-90, deg C]
# name 11 = tv290C: Temperature [ITS-90, deg C]
# name 12 = sigma-é00: Density [sigma-theta, kg/m^3]
# name 13 = n2satML/L: Nitrogen Saturation [ml/l]
# name 14 = par: PAR/Irradiance, Biospherical/Licor
# name 15 = prdM: Pressure, Strain Gauge [db]
# name 16 = flag:  0.000e+00
# span 0 =          1,       1079       
# span 1 = 290.518981, 290.522101       
# span 2 =    0.00000,    0.07486       
# span 3 =     0.0000,     4.4917       
# span 4 =      0.000,    269.500       
# span 5 =  1003.6042,  1024.7141       
# span 6 =   8127.555,  49125.283       
# span 7 =     4.8701,    31.0583       
# span 8 =     -0.156,    151.670       
# span 9 =    6.54413,    7.88858       
# span 10 =     8.9061,     9.7934      
# span 11 =     8.8193,     9.7937      
# span 12 =     3.6050,    24.0177      
# span 13 =   11.83547,   14.42535      
# span 14 = 4.8313e-02, 3.0493e+02      
# span 15 =     -0.158,    153.158      
# span 16 = 0.0000e+00, 0.0000e+00      
# interval = seconds: 0.25
# start_time = Oct 17 2018 12:27:20 [Instrument's time stamp, header]
# bad_flag = -9.990e-29
*END*
[from data line 171]
        172 290.519476    0.01188     0.7125     42.750  1023.1725  47522.458    30.0475      0.544    6.59377     9.4787     9.4787    23.1700   11.91898 1.0820e+02      0.549 0.0000e+00
        173 290.519479    0.01194     0.7167     43.000  1023.1718  47521.197    30.0466      0.541    6.59383     9.4790     9.4786    23.1693   11.91909 1.0755e+02      0.546 0.0000e+00
        174 290.519482    0.01201     0.7208     43.250  1023.1704  47518.708    30.0449      0.541    6.59388     9.4793     9.4787    23.1679   11.91920 1.0759e+02      0.546 0.0000e+00
        175 290.519485    0.01208     0.7250     43.500  1023.1691  47516.222    30.0432      0.544    6.59391     9.4795     9.4790    23.1665   11.91926 1.0817e+02      0.549 0.0000e+00
        176 290.519488    0.01215     0.7292     43.750  1023.1681  47514.434    30.0420      0.548    6.59391     9.4796     9.4793    23.1655   11.91928 1.0911e+02      0.553 0.0000e+00
        177 290.519491    0.01222     0.7333     44.000  1023.1676  47513.495    30.0413      0.550    6.59391     9.4796     9.4796    23.1650   11.91928 1.0992e+02      0.555 0.0000e+00
        178 290.519494    0.01229     0.7375     44.250  1023.1675  47513.398    30.0413      0.550    6.59389     9.4795     9.4797    23.1649   11.91926 1.0923e+02      0.555 0.0000e+00
        179 290.519497    0.01236     0.7417     44.500  1023.1678  47513.851    30.0417      0.549    6.59387     9.4793     9.4797    23.1652   11.91923 1.0896e+02      0.554 0.0000e+00
        180 290.519499    0.01243     0.7458     44.750  1023.1680  47514.292    30.0420      0.547    6.59387     9.4790     9.4796    23.1654   11.91923 1.1056e+02      0.552 0.0000e+00
        181 290.519502    0.01250     0.7500     45.000  1023.1681  47514.493    30.0421      0.547    6.59390     9.4786     9.4794    23.1656   11.91927 1.1193e+02      0.552 0.0000e+00
        182 290.519505    0.01257     0.7542     45.250  1023.1683  47514.826    30.0422      0.549    6.59394     9.4783     9.4790    23.1658   11.91933 1.1289e+02      0.554 0.0000e+00
        183 290.519508    0.01264     0.7583     45.500  1023.1689  47515.866    30.0429      0.551    6.59397     9.4780     9.4787    23.1664   11.91937 1.1412e+02      0.556 0.0000e+00
        184 290.519511    0.01271     0.7625     45.750  1023.1701  47518.002    30.0443      0.551    6.59396     9.4778     9.4783    23.1676   11.91933 1.1470e+02      0.557 0.0000e+00
        185 290.519514    0.01278     0.7667     46.000  1023.1717  47520.956    30.0464      0.549    6.59391     9.4781     9.4780    23.1692   11.91923 1.1391e+02      0.555 0.0000e+00
        186 290.519517    0.01285     0.7708     46.250  1023.1731  47523.570    30.0482      0.545    6.59385     9.4787     9.4779    23.1706   11.91911 1.1271e+02      0.551 0.0000e+00
        187 290.519520    0.01292     0.7750     46.500  1023.1737  47524.705    30.0490      0.542    6.59378     9.4795     9.4782    23.1712   11.91899 1.1192e+02      0.547 0.0000e+00
        188 290.519523    0.01299     0.7792     46.750  1023.1734  47524.212    30.0488      0.540    6.59370     9.4803     9.4788    23.1709   11.91886 1.1031e+02      0.545 0.0000e+00
        189 290.519525    0.01306     0.7833     47.000  1023.1727  47522.918    30.0480      0.541    6.59362     9.4808     9.4796    23.1702   11.91873 1.0805e+02      0.546 0.0000e+00
        190 290.519528    0.01313     0.7875     47.250  1023.1721  47521.872    30.0473      0.543    6.59354     9.4811     9.4803    23.1696   11.91860 1.0727e+02      0.548 0.0000e+00
        191 290.519531    0.01319     0.7917     47.500  1023.1719  47521.506    30.0472      0.544    6.59347     9.4813     9.4808    23.1693   11.91849 1.0825e+02      0.549 0.0000e+00
        192 290.519534    0.01326     0.7958     47.750  1023.1719  47521.591    30.0473      0.545    6.59342     9.4814     9.4812    23.1694   11.91840 1.1002e+02      0.550 0.0000e+00
        193 290.519537    0.01333     0.8000     48.000  1023.1720  47521.856    30.0475      0.545    6.59339     9.4817     9.4813    23.1695   11.91835 1.1167e+02      0.550 0.0000e+00
        194 290.519540    0.01340     0.8042     48.250  1023.1722  47522.178    30.0477      0.546    6.59336     9.4823     9.4815    23.1696   11.91829 1.1336e+02      0.551 0.0000e+00
        195 290.519543    0.01347     0.8083     48.500  1023.1724  47522.507    30.0480      0.548    6.59330     9.4833     9.4818    23.1698   11.91820 1.1569e+02      0.553 0.0000e+00
        196 290.519546    0.01354     0.8125     48.750  1023.1726  47522.938    30.0483      0.549    6.59320     9.4847     9.4824    23.1700   11.91802 1.1739e+02      0.554 0.0000e+00
        197 290.519549    0.01361     0.8167     49.000  1023.1728  47523.406    30.0488      0.549    6.59303     9.4866     9.4834    23.1702   11.91775 1.1725e+02      0.554 0.0000e+00
        198 290.519552    0.01368     0.8208     49.250  1023.1726  47523.282    30.0489      0.547    6.59282     9.4888     9.4848    23.1701   11.91740 1.1681e+02      0.552 0.0000e+00
        199 290.519554    0.01375     0.8250     49.500  1023.1718  47521.900    30.0481      0.545    6.59258     9.4911     9.4867    23.1692   11.91700 1.1684e+02      0.550 0.0000e+00
        200 290.519557    0.01382     0.8292     49.750  1023.1702  47519.350    30.0466      0.543    6.59232     9.4935     9.4889    23.1677   11.91660 1.1613e+02      0.548 0.0000e+00
        201 290.519560    0.01389     0.8333     50.000  1023.1684  47516.204    30.0447      0.543    6.59207     9.4958     9.4912    23.1659   11.91619 1.1581e+02      0.548 0.0000e+00
        202 290.519563    0.01396     0.8375     50.250  1023.1664  47512.919    30.0427      0.543    6.59181     9.4980     9.4935    23.1639   11.91579 1.1588e+02      0.548 0.0000e+00
        203 290.519566    0.01403     0.8417     50.500  1023.1646  47509.803    30.0408      0.543    6.59155     9.5000     9.4959    23.1621   11.91538 1.1407e+02      0.548 0.0000e+00
        204 290.519569    0.01410     0.8458     50.750  1023.1629  47506.928    30.0391      0.542    6.59130     9.5017     9.4981    23.1604   11.91499 1.1266e+02      0.548 0.0000e+00
        205 290.519572    0.01417     0.8500     51.000  1023.1613  47504.229    30.0375      0.542    6.59108     9.5032     9.5001    23.1588   11.91464 1.1423e+02      0.547 0.0000e+00
        206 290.519575    0.01424     0.8542     51.250  1023.1599  47501.831    30.0360      0.541    6.59089     9.5044     9.5018    23.1574   11.91435 1.1595e+02      0.546 0.0000e+00
        207 290.519578    0.01431     0.8583     51.500  1023.1588  47499.902    30.0348      0.541    6.59073     9.5055     9.5032    23.1563   11.91410 1.1647e+02      0.546 0.0000e+00
        208 290.519580    0.01438     0.8625     51.750  1023.1579  47498.442    30.0340      0.540    6.59059     9.5064     9.5045    23.1554   11.91387 1.1709e+02      0.545 0.0000e+00
        209 290.519583    0.01444     0.8667     52.000  1023.1572  47497.224    30.0332      0.537    6.59046     9.5073     9.5055    23.1547   11.91367 1.1646e+02      0.542 0.0000e+00
        210 290.519586    0.01451     0.8708     52.250  1023.1564  47495.859    30.0324      0.534    6.59036     9.5084     9.5065    23.1539   11.91352 1.1436e+02      0.539 0.0000e+00
        211 290.519589    0.01458     0.8750     52.500  1023.1553  47494.102    30.0313      0.532    6.59027     9.5095     9.5074    23.1529   11.91338 1.1370e+02      0.537 0.0000e+00
        212 290.519592    0.01465     0.8792     52.750  1023.1542  47492.062    30.0300      0.532    6.59017     9.5105     9.5084    23.1517   11.91323 1.1412e+02      0.537 0.0000e+00
        213 290.519595    0.01472     0.8833     53.000  1023.1530  47490.083    30.0288      0.533    6.59006     9.5112     9.5095    23.1506   11.91307 1.1396e+02      0.538 0.0000e+00
        214 290.519598    0.01479     0.8875     53.250  1023.1520  47488.369    30.0277      0.534    6.58996     9.5117     9.5105    23.1496   11.91291 1.1468e+02      0.539 0.0000e+00
        215 290.519601    0.01486     0.8917     53.500  1023.1512  47486.924    30.0268      0.536    6.58989     9.5120     9.5113    23.1488   11.91280 1.1655e+02      0.541 0.0000e+00
        216 290.519604    0.01493     0.8958     53.750  1023.1505  47485.751    30.0260      0.538    6.58985     9.5123     9.5118    23.1481   11.91274 1.1800e+02      0.544 0.0000e+00
        217 290.519606    0.01500     0.9000     54.000  1023.1501  47484.894    30.0255      0.541    6.58983     9.5125     9.5121    23.1476   11.91271 1.1957e+02      0.546 0.0000e+00
        218 290.519609    0.01507     0.9042     54.250  1023.1498  47484.370    30.0251      0.542    6.58981     9.5128     9.5124    23.1473   11.91268 1.2163e+02      0.547 0.0000e+00
        219 290.519612    0.01514     0.9083     54.500  1023.1496  47484.022    30.0249      0.540    6.58978     9.5130     9.5126    23.1471   11.91264 1.2208e+02      0.545 0.0000e+00
        220 290.519615    0.01521     0.9125     54.750  1023.1493  47483.588    30.0246      0.537    6.58976     9.5132     9.5129    23.1469   11.91261 1.2075e+02      0.542 0.0000e+00
        221 290.519618    0.01528     0.9167     55.000  1023.1490  47482.985    30.0242      0.533    6.58974     9.5134     9.5131    23.1465   11.91259 1.1990e+02      0.538 0.0000e+00
        222 290.519621    0.01535     0.9208     55.250  1023.1486  47482.291    30.0238      0.533    6.58973     9.5136     9.5133    23.1461   11.91258 1.1998e+02      0.538 0.0000e+00
        223 290.519624    0.01542     0.9250     55.500  1023.1482  47481.542    30.0233      0.535    6.58972     9.5137     9.5135    23.1457   11.91257 1.1979e+02      0.540 0.0000e+00
        224 290.519627    0.01549     0.9292     55.750  1023.1477  47480.704    30.0227      0.539    6.58972     9.5137     9.5137    23.1452   11.91257 1.1882e+02      0.544 0.0000e+00
        225 290.519630    0.01556     0.9333     56.000  1023.1473  47479.891    30.0222      0.542    6.58973     9.5136     9.5138    23.1448   11.91259 1.1712e+02      0.548 0.0000e+00
        226 290.519633    0.01563     0.9375     56.250  1023.1470  47479.317    30.0217      0.545    6.58975     9.5135     9.5138    23.1444   11.91263 1.1599e+02      0.550 0.0000e+00
        227 290.519635    0.01569     0.9417     56.500  1023.1468  47478.978    30.0215      0.546    6.58978     9.5134     9.5136    23.1442   11.91268 1.1755e+02      0.551 0.0000e+00
        228 290.519638    0.01576     0.9458     56.750  1023.1467  47478.807    30.0213      0.545    6.58980     9.5134     9.5135    23.1442   11.91273 1.1964e+02      0.550 0.0000e+00
        229 290.519641    0.01583     0.9500     57.000  1023.1467  47478.812    30.0213      0.543    6.58981     9.5135     9.5134    23.1442   11.91274 1.1911e+02      0.548 0.0000e+00
        230 290.519644    0.01590     0.9542     57.250  1023.1468  47478.892    30.0214      0.541    6.58980     9.5136     9.5134    23.1442   11.91273 1.1786e+02      0.546 0.0000e+00
        231 290.519647    0.01597     0.9583     57.500  1023.1468  47478.968    30.0214      0.542    6.58979     9.5136     9.5135    23.1443   11.91270 1.1666e+02      0.547 0.0000e+00
        232 290.519650    0.01604     0.9625     57.750  1023.1469  47479.130    30.0216      0.545    6.58977     9.5137     9.5136    23.1443   11.91267 1.1505e+02      0.550 0.0000e+00
        233 290.519653    0.01611     0.9667     58.000  1023.1470  47479.402    30.0218      0.551    6.58975     9.5137     9.5137    23.1445   11.91264 1.1562e+02      0.556 0.0000e+00
        234 290.519656    0.01618     0.9708     58.250  1023.1472  47479.702    30.0220      0.556    6.58974     9.5137     9.5138    23.1446   11.91261 1.1820e+02      0.561 0.0000e+00
        235 290.519659    0.01625     0.9750     58.500  1023.1474  47480.089    30.0223      0.557    6.58972     9.5136     9.5138    23.1448   11.91258 1.1942e+02      0.562 0.0000e+00
        236 290.519661    0.01632     0.9792     58.750  1023.1478  47480.783    30.0228      0.554    6.58970     9.5137     9.5137    23.1452   11.91255 1.1890e+02      0.559 0.0000e+00
        237 290.519664    0.01639     0.9833     59.000  1023.1485  47482.025    30.0236      0.550    6.58968     9.5141     9.5137    23.1459   11.91249 1.1923e+02      0.555 0.0000e+00
        238 290.519667    0.01646     0.9875     59.250  1023.1495  47484.042    30.0251      0.546    6.58961     9.5152     9.5137    23.1470   11.91237 1.2086e+02      0.551 0.0000e+00
        239 290.519670    0.01653     0.9917     59.500  1023.1511  47486.998    30.0272      0.546    6.58946     9.5176     9.5142    23.1486   11.91209 1.2160e+02      0.551 0.0000e+00
        240 290.519673    0.01660     0.9958     59.750  1023.1533  47491.039    30.0302      0.550    6.58917     9.5219     9.5153    23.1507   11.91157 1.2163e+02      0.555 0.0000e+00
        241 290.519676    0.01667     1.0000     60.000  1023.1563  47496.727    30.0345      0.555    6.58864     9.5291     9.5177    23.1537   11.91064 1.2302e+02      0.560 0.0000e+00
        242 290.519679    0.01674     1.0042     60.250  1023.1609  47505.527    30.0412      0.561    6.58774     9.5412     9.5220    23.1583   11.90906 1.2495e+02      0.566 0.0000e+00
        243 290.519682    0.01681     1.0083     60.500  1023.1684  47520.034    30.0522      0.563    6.58622     9.5612     9.5292    23.1658   11.90641 1.2510e+02      0.568 0.0000e+00
        244 290.519685    0.01688     1.0125     60.750  1023.1810  47544.413    30.0708      0.562    6.58368     9.5927     9.5413    23.1784   11.90197 1.2423e+02      0.567 0.0000e+00
        245 290.519687    0.01694     1.0167     61.000  1023.1997  47580.817    30.0988      0.557    6.57959     9.6343     9.5613    23.1972   11.89486 1.2388e+02      0.562 0.0000e+00
        246 290.519690    0.01701     1.0208     61.250  1023.2150  47612.122    30.1247      0.550    6.57392     9.6772     9.5928    23.2124   11.88514 1.2272e+02      0.555 0.0000e+00
        247 290.519693    0.01708     1.0250     61.500  1023.2137  47614.193    30.1314      0.545    6.56760     9.7132     9.6344    23.2111   11.87458 1.2034e+02      0.550 0.0000e+00
        248 290.519696    0.01715     1.0292     61.750  1023.1990  47592.118    30.1213      0.543    6.56180     9.7397     9.6773    23.1965   11.86510 1.1920e+02      0.548 0.0000e+00
        249 290.519699    0.01722     1.0333     62.000  1023.1823  47565.346    30.1070      0.545    6.55719     9.7579     9.7132    23.1797   11.85764 1.2150e+02      0.550 0.0000e+00
        250 290.519702    0.01729     1.0375     62.250  1023.1683  47542.764    30.0945      0.551    6.55388     9.7699     9.7398    23.1658   11.85230 1.2549e+02      0.557 0.0000e+00
        251 290.519705    0.01736     1.0417     62.500  1023.1582  47526.227    30.0852      0.558    6.55163     9.7776     9.7580    23.1556   11.84869 1.2725e+02      0.563 0.0000e+00
        252 290.519708    0.01743     1.0458     62.750  1023.1513  47514.970    30.0788      0.561    6.55017     9.7824     9.7700    23.1488   11.84634 1.2623e+02      0.566 0.0000e+00
        253 290.519711    0.01750     1.0500     63.000  1023.1468  47507.642    30.0746      0.561    6.54923     9.7853     9.7777    23.1443   11.84485 1.2482e+02      0.566 0.0000e+00
        254 290.519714    0.01757     1.0542     63.250  1023.1440  47503.006    30.0719      0.557    6.54865     9.7871     9.7825    23.1415   11.84391 1.2403e+02      0.562 0.0000e+00
        255 290.519716    0.01764     1.0583     63.500  1023.1422  47500.155    30.0703      0.553    6.54829     9.7882     9.7854    23.1397   11.84334 1.2390e+02      0.558 0.0000e+00
