CTD-processing/allCTD/CNV--homogene/2018_01-17_t9_s10_cast153.cnv
* Sea-Bird SBE19plus Data File:
* FileName = C:\Users\Kim.Powell\Desktop\Not Processed\2018\2018_01-XX_TRANSECT_4141\2018_01-18_TRANSECT_STATION_cast153.hex
* Software Version 1.59
* Temperature SN =  4141
* Conductivity SN =  4141
* System UpLoad Time = Feb 16 2018 09:05:31
** 2018_01-17
** Station: 9-10
** Start Time: 14:53
** Depth (m): 67.1
** Comment: CTD incorrectly recorded date as May 22
** Comment:
# nquan = 17
# nvalues = 307                         
# units = specified
# name 0 = scan: Scan Count
# name 1 = timeJ: Julian Days
# name 2 = timeH: Time, Elapsed [hours]
# name 3 = timeM: Time, Elapsed [minutes]
# name 4 = timeS: Time, Elapsed [seconds]
# name 5 = density00: Density [density, kg/m^3]
# name 6 = specc: Specific Conductance [uS/cm]
# name 7 = sal00: Salinity, Practical [PSU]
# name 8 = depSM: Depth [salt water, m], lat = 59.00
# name 9 = oxsolML/L: Oxygen Saturation, Garcia & Gordon [ml/l]
# name 10 = potemp090C: Potential Temperature [ITS-90, deg C]
# name 11 = tv290C: Temperature [ITS-90, deg C]
# name 12 = sigma-é00: Density [sigma-theta, kg/m^3]
# name 13 = n2satML/L: Nitrogen Saturation [ml/l]
# name 14 = par: PAR/Irradiance, Biospherical/Licor
# name 15 = prdM: Pressure, Strain Gauge [db]
# name 16 = flag:  0.000e+00
# span 0 =          1,        307       
# span 1 = 142.620995, 142.621881       
# span 2 =    0.00000,    0.02125       
# span 3 =     0.0000,     1.2750       
# span 4 =      0.000,     76.500       
# span 5 =  1023.9073,  1024.5349       
# span 6 =  48885.401,  49994.714       
# span 7 =    30.2166,    30.9777       
# span 8 =      0.187,      6.164       
# span 9 =    7.29672,    7.33971       
# span 10 =     4.7973,     4.8254      
# span 11 =     4.7940,     4.8258      
# span 12 =    23.9064,    24.5063      
# span 13 =   13.07019,   13.15114      
# span 14 = 5.7876e+00, 5.6415e+01      
# span 15 =      0.189,      6.222      
# span 16 = 0.0000e+00, 0.0000e+00      
# interval = seconds: 0.25
# start_time = May 22 2017 14:54:14 [Instrument's time stamp, header]
# bad_flag = -9.990e-29
*END*
          1 142.620995    0.00000     0.0000      0.000  1023.9073  48885.401    30.2166      0.187    7.33971     4.7989     4.7940    23.9064   13.15114 5.6415e+01      0.189 0.0000e+00
          2 142.620998    0.00007     0.0042      0.250  1024.1094  49258.149    30.4714      0.280    7.32680     4.8014     4.7962    24.1081   13.12648 4.7473e+01      0.284 0.0000e+00
          3 142.621001    0.00014     0.0083      0.500  1024.2703  49554.746    30.6744      0.377    7.31636     4.8033     4.7989    24.2686   13.10658 3.9707e+01      0.381 0.0000e+00
          4 142.621004    0.00021     0.0125      0.750  1024.3661  49730.924    30.7951      0.452    7.30998     4.8045     4.8014    24.3640   13.09447 3.4686e+01      0.457 0.0000e+00
          5 142.621007    0.00028     0.0167      1.000  1024.4229  49835.354    30.8668      0.501    7.30612     4.8053     4.8033    24.4205   13.08715 3.1746e+01      0.506 0.0000e+00
          6 142.621010    0.00035     0.0208      1.250  1024.4564  49897.056    30.9091      0.530    7.30382     4.8057     4.8046    24.4540   13.08280 3.0485e+01      0.535 0.0000e+00
          7 142.621013    0.00042     0.0250      1.500  1024.4761  49933.238    30.9339      0.548    7.30246     4.8058     4.8053    24.4736   13.08024 3.0406e+01      0.553 0.0000e+00
          8 142.621016    0.00049     0.0292      1.750  1024.4875  49954.088    30.9482      0.560    7.30169     4.8057     4.8057    24.4849   13.07877 3.0847e+01      0.566 0.0000e+00
          9 142.621019    0.00056     0.0333      2.000  1024.4938  49965.750    30.9562      0.570    7.30128     4.8055     4.8058    24.4912   13.07798 3.1565e+01      0.576 0.0000e+00
         10 142.621021    0.00063     0.0375      2.250  1024.4971  49971.901    30.9604      0.578    7.30109     4.8052     4.8058    24.4945   13.07761 3.2515e+01      0.584 0.0000e+00
         11 142.621024    0.00069     0.0417      2.500  1024.4987  49974.827    30.9623      0.584    7.30103     4.8049     4.8055    24.4960   13.07749 3.3765e+01      0.589 0.0000e+00
         12 142.621027    0.00076     0.0458      2.750  1024.4994  49976.088    30.9631      0.589    7.30105     4.8046     4.8052    24.4967   13.07751 3.5202e+01      0.594 0.0000e+00
         13 142.621030    0.00083     0.0500      3.000  1024.4998  49976.794    30.9635      0.592    7.30108     4.8044     4.8049    24.4970   13.07756 3.6361e+01      0.597 0.0000e+00
         14 142.621033    0.00090     0.0542      3.250  1024.5002  49977.529    30.9640      0.594    7.30111     4.8044     4.8046    24.4974   13.07761 3.7060e+01      0.599 0.0000e+00
         15 142.621036    0.00097     0.0583      3.500  1024.5006  49978.250    30.9644      0.595    7.30112     4.8044     4.8044    24.4978   13.07762 3.7527e+01      0.600 0.0000e+00
         16 142.621039    0.00104     0.0625      3.750  1024.5008  49978.760    30.9647      0.593    7.30111     4.8045     4.8044    24.4981   13.07760 3.8022e+01      0.598 0.0000e+00
         17 142.621042    0.00111     0.0667      4.000  1024.5010  49979.062    30.9650      0.587    7.30108     4.8046     4.8044    24.4982   13.07756 3.8609e+01      0.592 0.0000e+00
         18 142.621045    0.00118     0.0708      4.250  1024.5010  49979.209    30.9651      0.580    7.30106     4.8047     4.8046    24.4983   13.07751 3.9014e+01      0.585 0.0000e+00
         19 142.621047    0.00125     0.0750      4.500  1024.5010  49979.228    30.9651      0.576    7.30104     4.8046     4.8047    24.4984   13.07748 3.8977e+01      0.581 0.0000e+00
         20 142.621050    0.00132     0.0792      4.750  1024.5010  49979.130    30.9651      0.577    7.30104     4.8045     4.8047    24.4983   13.07747 3.8601e+01      0.583 0.0000e+00
         21 142.621053    0.00139     0.0833      5.000  1024.5009  49978.988    30.9650      0.585    7.30105     4.8044     4.8046    24.4982   13.07749 3.8173e+01      0.590 0.0000e+00
         22 142.621056    0.00146     0.0875      5.250  1024.5009  49978.916    30.9649      0.595    7.30107     4.8042     4.8045    24.4982   13.07753 3.7606e+01      0.600 0.0000e+00
         23 142.621059    0.00153     0.0917      5.500  1024.5010  49978.906    30.9648      0.604    7.30110     4.8041     4.8044    24.4981   13.07757 3.6926e+01      0.609 0.0000e+00
         24 142.621062    0.00160     0.0958      5.750  1024.5010  49978.937    30.9648      0.609    7.30113     4.8040     4.8042    24.4981   13.07762 3.6698e+01      0.614 0.0000e+00
         25 142.621065    0.00167     0.1000      6.000  1024.5011  49979.074    30.9649      0.608    7.30115     4.8041     4.8041    24.4982   13.07766 3.7126e+01      0.613 0.0000e+00
         26 142.621068    0.00174     0.1042      6.250  1024.5012  49979.316    30.9650      0.602    7.30115     4.8043     4.8040    24.4983   13.07765 3.7989e+01      0.607 0.0000e+00
         27 142.621071    0.00181     0.1083      6.500  1024.5013  49979.569    30.9652      0.592    7.30112     4.8047     4.8041    24.4985   13.07761 3.8776e+01      0.598 0.0000e+00
         28 142.621073    0.00187     0.1125      6.750  1024.5014  49979.780    30.9654      0.582    7.30107     4.8051     4.8043    24.4986   13.07752 3.9156e+01      0.587 0.0000e+00
         29 142.621076    0.00194     0.1167      7.000  1024.5014  49979.921    30.9656      0.574    7.30101     4.8054     4.8047    24.4987   13.07741 3.9481e+01      0.579 0.0000e+00
         30 142.621079    0.00201     0.1208      7.250  1024.5014  49979.906    30.9657      0.571    7.30094     4.8057     4.8051    24.4987   13.07730 4.0003e+01      0.577 0.0000e+00
         31 142.621082    0.00208     0.1250      7.500  1024.5014  49979.689    30.9656      0.575    7.30088     4.8059     4.8054    24.4986   13.07721 4.0346e+01      0.581 0.0000e+00
         32 142.621085    0.00215     0.1292      7.750  1024.5012  49979.362    30.9654      0.583    7.30084     4.8060     4.8057    24.4985   13.07715 3.9990e+01      0.589 0.0000e+00
         33 142.621088    0.00222     0.1333      8.000  1024.5011  49979.048    30.9652      0.593    7.30082     4.8062     4.8059    24.4983   13.07710 3.9305e+01      0.599 0.0000e+00
         34 142.621091    0.00229     0.1375      8.250  1024.5010  49978.800    30.9651      0.601    7.30079     4.8064     4.8061    24.4982   13.07707 3.9089e+01      0.607 0.0000e+00
         35 142.621094    0.00236     0.1417      8.500  1024.5009  49978.567    30.9650      0.606    7.30077     4.8066     4.8063    24.4981   13.07703 3.9396e+01      0.611 0.0000e+00
         36 142.621097    0.00243     0.1458      8.750  1024.5008  49978.294    30.9649      0.606    7.30074     4.8068     4.8065    24.4980   13.07698 3.9651e+01      0.611 0.0000e+00
         37 142.621100    0.00250     0.1500      9.000  1024.5006  49978.015    30.9647      0.601    7.30071     4.8070     4.8067    24.4978   13.07693 3.9747e+01      0.606 0.0000e+00
         38 142.621102    0.00257     0.1542      9.250  1024.5005  49977.747    30.9646      0.594    7.30068     4.8070     4.8069    24.4977   13.07689 4.0110e+01      0.599 0.0000e+00
         39 142.621105    0.00264     0.1583      9.500  1024.5003  49977.473    30.9644      0.588    7.30067     4.8070     4.8070    24.4975   13.07687 4.0749e+01      0.594 0.0000e+00
         40 142.621108    0.00271     0.1625      9.750  1024.5002  49977.252    30.9643      0.586    7.30066     4.8071     4.8070    24.4974   13.07687 4.1470e+01      0.592 0.0000e+00
         41 142.621111    0.00278     0.1667     10.000  1024.5001  49977.148    30.9642      0.589    7.30066     4.8071     4.8070    24.4974   13.07687 4.1901e+01      0.595 0.0000e+00
         42 142.621114    0.00285     0.1708     10.250  1024.5002  49977.141    30.9642      0.597    7.30065     4.8072     4.8071    24.4974   13.07686 4.1906e+01      0.603 0.0000e+00
         43 142.621117    0.00292     0.1750     10.500  1024.5002  49977.132    30.9642      0.608    7.30065     4.8072     4.8071    24.4974   13.07684 4.1811e+01      0.614 0.0000e+00
         44 142.621120    0.00299     0.1792     10.750  1024.5002  49977.012    30.9641      0.621    7.30064     4.8071     4.8072    24.4973   13.07684 4.1774e+01      0.627 0.0000e+00
         45 142.621123    0.00306     0.1833     11.000  1024.5001  49976.784    30.9640      0.630    7.30065     4.8071     4.8072    24.4972   13.07685 4.1899e+01      0.636 0.0000e+00
         46 142.621126    0.00313     0.1875     11.250  1024.5000  49976.553    30.9638      0.630    7.30067     4.8070     4.8072    24.4971   13.07687 4.2119e+01      0.636 0.0000e+00
         47 142.621128    0.00319     0.1917     11.500  1024.4999  49976.428    30.9637      0.619    7.30068     4.8068     4.8071    24.4970   13.07690 4.2382e+01      0.625 0.0000e+00
         48 142.621131    0.00326     0.1958     11.750  1024.4998  49976.442    30.9637      0.602    7.30070     4.8066     4.8070    24.4970   13.07693 4.2856e+01      0.608 0.0000e+00
         49 142.621134    0.00333     0.2000     12.000  1024.4998  49976.530    30.9638      0.587    7.30072     4.8064     4.8068    24.4971   13.07697 4.3269e+01      0.593 0.0000e+00
         50 142.621137    0.00340     0.2042     12.250  1024.4998  49976.651    30.9638      0.581    7.30076     4.8061     4.8066    24.4971   13.07703 4.3203e+01      0.587 0.0000e+00
         51 142.621140    0.00347     0.2083     12.500  1024.4999  49976.763    30.9638      0.588    7.30080     4.8059     4.8064    24.4971   13.07709 4.2947e+01      0.593 0.0000e+00
         52 142.621143    0.00354     0.2125     12.750  1024.4999  49976.784    30.9638      0.603    7.30084     4.8057     4.8062    24.4971   13.07717 4.2800e+01      0.609 0.0000e+00
         53 142.621146    0.00361     0.2167     13.000  1024.4999  49976.720    30.9637      0.620    7.30088     4.8057     4.8060    24.4971   13.07724 4.2606e+01      0.625 0.0000e+00
         54 142.621149    0.00368     0.2208     13.250  1024.5000  49976.663    30.9636      0.632    7.30092     4.8057     4.8058    24.4970   13.07730 4.2340e+01      0.637 0.0000e+00
         55 142.621152    0.00375     0.2250     13.500  1024.5000  49976.663    30.9636      0.635    7.30094     4.8058     4.8057    24.4970   13.07732 4.2252e+01      0.640 0.0000e+00
         56 142.621155    0.00382     0.2292     13.750  1024.5000  49976.712    30.9636      0.629    7.30093     4.8060     4.8057    24.4970   13.07732 4.2430e+01      0.635 0.0000e+00
         57 142.621157    0.00389     0.2333     14.000  1024.5000  49976.764    30.9637      0.618    7.30091     4.8062     4.8058    24.4971   13.07728 4.2731e+01      0.623 0.0000e+00
         58 142.621160    0.00396     0.2375     14.250  1024.4999  49976.760    30.9637      0.603    7.30087     4.8064     4.8060    24.4971   13.07722 4.3109e+01      0.609 0.0000e+00
         59 142.621163    0.00403     0.2417     14.500  1024.4998  49976.690    30.9637      0.592    7.30083     4.8066     4.8062    24.4971   13.07715 4.3443e+01      0.597 0.0000e+00
         60 142.621166    0.00410     0.2458     14.750  1024.4998  49976.554    30.9637      0.589    7.30079     4.8067     4.8065    24.4970   13.07709 4.3554e+01      0.594 0.0000e+00
         61 142.621169    0.00417     0.2500     15.000  1024.4997  49976.283    30.9636      0.596    7.30077     4.8068     4.8067    24.4969   13.07705 4.3361e+01      0.602 0.0000e+00
         62 142.621172    0.00424     0.2542     15.250  1024.4995  49975.796    30.9632      0.611    7.30076     4.8068     4.8068    24.4966   13.07704 4.2927e+01      0.617 0.0000e+00
         63 142.621175    0.00431     0.2583     15.500  1024.4991  49975.064    30.9627      0.627    7.30077     4.8068     4.8069    24.4962   13.07707 4.2408e+01      0.632 0.0000e+00
         64 142.621178    0.00438     0.2625     15.750  1024.4987  49974.220    30.9621      0.636    7.30080     4.8067     4.8069    24.4958   13.07712 4.1723e+01      0.642 0.0000e+00
         65 142.621181    0.00444     0.2667     16.000  1024.4984  49973.606    30.9617      0.637    7.30082     4.8067     4.8068    24.4954   13.07717 4.0924e+01      0.643 0.0000e+00
         66 142.621183    0.00451     0.2708     16.250  1024.4983  49973.491    30.9616      0.629    7.30083     4.8067     4.8068    24.4953   13.07719 4.0451e+01      0.635 0.0000e+00
         67 142.621186    0.00458     0.2750     16.500  1024.4984  49973.805    30.9618      0.617    7.30083     4.8067     4.8068    24.4955   13.07718 4.0564e+01      0.623 0.0000e+00
         68 142.621189    0.00465     0.2792     16.750  1024.4986  49974.258    30.9621      0.607    7.30082     4.8067     4.8067    24.4958   13.07715 4.1064e+01      0.613 0.0000e+00
         69 142.621192    0.00472     0.2833     17.000  1024.4988  49974.563    30.9624      0.603    7.30081     4.8068     4.8067    24.4959   13.07713 4.1513e+01      0.608 0.0000e+00
         70 142.621195    0.00479     0.2875     17.250  1024.4989  49974.613    30.9624      0.603    7.30080     4.8069     4.8068    24.4960   13.07711 4.1725e+01      0.609 0.0000e+00
         71 142.621198    0.00486     0.2917     17.500  1024.4988  49974.449    30.9623      0.608    7.30079     4.8070     4.8069    24.4959   13.07710 4.1960e+01      0.613 0.0000e+00
         72 142.621201    0.00493     0.2958     17.750  1024.4986  49974.139    30.9621      0.614    7.30078     4.8070     4.8070    24.4957   13.07709 4.2402e+01      0.620 0.0000e+00
         73 142.621204    0.00500     0.3000     18.000  1024.4984  49973.733    30.9618      0.621    7.30078     4.8071     4.8070    24.4955   13.07709 4.2723e+01      0.627 0.0000e+00
         74 142.621207    0.00507     0.3042     18.250  1024.4982  49973.196    30.9615      0.626    7.30079     4.8071     4.8071    24.4952   13.07711 4.2507e+01      0.632 0.0000e+00
         75 142.621209    0.00514     0.3083     18.500  1024.4978  49972.568    30.9611      0.629    7.30080     4.8072     4.8071    24.4949   13.07714 4.1984e+01      0.634 0.0000e+00
         76 142.621212    0.00521     0.3125     18.750  1024.4975  49972.034    30.9607      0.629    7.30082     4.8072     4.8072    24.4946   13.07716 4.1752e+01      0.635 0.0000e+00
         77 142.621215    0.00528     0.3167     19.000  1024.4973  49971.642    30.9605      0.629    7.30082     4.8071     4.8072    24.4944   13.07718 4.1765e+01      0.635 0.0000e+00
         78 142.621218    0.00535     0.3208     19.250  1024.4971  49971.217    30.9602      0.628    7.30084     4.8071     4.8072    24.4942   13.07720 4.1521e+01      0.634 0.0000e+00
         79 142.621221    0.00542     0.3250     19.500  1024.4968  49970.675    30.9598      0.625    7.30086     4.8070     4.8071    24.4939   13.07724 4.1300e+01      0.631 0.0000e+00
         80 142.621224    0.00549     0.3292     19.750  1024.4965  49970.220    30.9595      0.619    7.30088     4.8069     4.8071    24.4936   13.07729 4.1654e+01      0.624 0.0000e+00
         81 142.621227    0.00556     0.3333     20.000  1024.4964  49970.104    30.9594      0.611    7.30090     4.8068     4.8070    24.4935   13.07732 4.2180e+01      0.616 0.0000e+00
         82 142.621230    0.00562     0.3375     20.250  1024.4966  49970.447    30.9596      0.604    7.30091     4.8066     4.8069    24.4937   13.07734 4.2375e+01      0.610 0.0000e+00
         83 142.621233    0.00569     0.3417     20.500  1024.4970  49971.203    30.9601      0.604    7.30091     4.8065     4.8068    24.4941   13.07734 4.2334e+01      0.610 0.0000e+00
         84 142.621236    0.00576     0.3458     20.750  1024.4974  49972.010    30.9606      0.612    7.30092     4.8064     4.8066    24.4946   13.07733 4.2163e+01      0.617 0.0000e+00
         85 142.621238    0.00583     0.3500     21.000  1024.4977  49972.383    30.9608      0.623    7.30093     4.8062     4.8065    24.4948   13.07735 4.1818e+01      0.628 0.0000e+00
