CTD-processing/allCTD/CNV--homogene/2019_03-19_alongbay_skb11_cast093.cnv
* Sea-Bird SBE19plus Data File:
* FileName = C:\Users\Kim.Powell\Desktop\Not Processed\2019\2019_03-19_AlongBay, T9_4141\2019_03-19_TRANSECT_STATION_cast093.hex
* Software Version 1.59
* Temperature SN =  4141
* Conductivity SN =  4141
* System UpLoad Time = Mar 20 2019 08:26:00
** 2018_03-19
** Station: KB11
** Start Time: 10:37
** Depth (m): 55.6
** Comment:**CTD time was 1 hour behind**
** Comment:
# nquan = 17
# nvalues = 553                         
# units = specified
# name 0 = scan: Scan Count
# name 1 = timeJ: Julian Days
# name 2 = timeH: Time, Elapsed [hours]
# name 3 = timeM: Time, Elapsed [minutes]
# name 4 = timeS: Time, Elapsed [seconds]
# name 5 = density00: Density [density, kg/m^3]
# name 6 = specc: Specific Conductance [uS/cm]
# name 7 = sal00: Salinity, Practical [PSU]
# name 8 = depSM: Depth [salt water, m], lat = 59.00
# name 9 = oxsolML/L: Oxygen Saturation, Garcia & Gordon [ml/l]
# name 10 = potemp090C: Potential Temperature [ITS-90, deg C]
# name 11 = tv290C: Temperature [ITS-90, deg C]
# name 12 = sigma-é00: Density [sigma-theta, kg/m^3]
# name 13 = n2satML/L: Nitrogen Saturation [ml/l]
# name 14 = par: PAR/Irradiance, Biospherical/Licor
# name 15 = prdM: Pressure, Strain Gauge [db]
# name 16 = flag:  0.000e+00
# span 0 =          1,        553       
# span 1 =  78.401296,  78.402894       
# span 2 =    0.00000,    0.03833       
# span 3 =     0.0000,     2.3000       
# span 4 =      0.000,    138.000       
# span 5 =  1019.5642,  1025.1915       
# span 6 =  40729.968,  50812.079       
# span 7 =    24.6549,    31.5810       
# span 8 =      0.270,     52.433       
# span 9 =    7.20491,    7.76694       
# span 10 =     4.2890,     5.1819      
# span 11 =     4.0439,     5.1858      
# span 12 =    19.5628,    24.9531      
# span 13 =   12.91075,   13.93465      
# span 14 = 3.6170e-02, 9.6825e+01      
# span 15 =      0.272,     52.935      
# span 16 = 0.0000e+00, 0.0000e+00      
# interval = seconds: 0.25
# start_time = Mar 19 2019 09:37:52 [Instrument's time stamp, header]
# bad_flag = -9.990e-29
*END*
[from data line 511]
        512  78.402775    0.03549     2.1292    127.750  1025.1565  50789.048    31.5784     45.209    7.20632     5.1754     5.1782    24.9446   12.91312 3.6173e-02     45.640 0.0000e+00
        513  78.402778    0.03556     2.1333    128.000  1025.1576  50789.584    31.5788     45.395    7.20627     5.1758     5.1785    24.9448   12.91302 3.6172e-02     45.828 0.0000e+00
        514  78.402781    0.03562     2.1375    128.250  1025.1590  50790.548    31.5794     45.575    7.20619     5.1763     5.1788    24.9453   12.91288 3.6171e-02     46.009 0.0000e+00
        515  78.402784    0.03569     2.1417    128.500  1025.1602  50791.382    31.5800     45.751    7.20609     5.1769     5.1792    24.9457   12.91271 3.6171e-02     46.188 0.0000e+00
        516  78.402786    0.03576     2.1458    128.750  1025.1612  50791.765    31.5803     45.928    7.20598     5.1775     5.1797    24.9459   12.91253 3.6170e-02     46.366 0.0000e+00
        517  78.402789    0.03583     2.1500    129.000  1025.1620  50791.836    31.5804     46.108    7.20587     5.1780     5.1803    24.9459   12.91234 3.6170e-02     46.548 0.0000e+00
        518  78.402792    0.03590     2.1542    129.250  1025.1628  50791.695    31.5803     46.292    7.20577     5.1784     5.1809    24.9457   12.91218 3.6170e-02     46.734 0.0000e+00
        519  78.402795    0.03597     2.1583    129.500  1025.1635  50791.439    31.5802     46.479    7.20569     5.1788     5.1814    24.9455   12.91205 3.6170e-02     46.923 0.0000e+00
        520  78.402798    0.03604     2.1625    129.750  1025.1642  50791.155    31.5800     46.667    7.20562     5.1790     5.1819    24.9453   12.91194 3.6170e-02     47.113 0.0000e+00
        521  78.402801    0.03611     2.1667    130.000  1025.1649  50790.945    31.5798     46.857    7.20557     5.1791     5.1822    24.9452   12.91186 3.6170e-02     47.305 0.0000e+00
        522  78.402804    0.03618     2.1708    130.250  1025.1657  50790.897    31.5797     47.049    7.20554     5.1792     5.1824    24.9451   12.91180 3.6170e-02     47.498 0.0000e+00
        523  78.402807    0.03625     2.1750    130.500  1025.1666  50791.009    31.5797     47.242    7.20551     5.1793     5.1826    24.9451   12.91175 3.6170e-02     47.694 0.0000e+00
        524  78.402810    0.03632     2.1792    130.750  1025.1676  50791.296    31.5799     47.438    7.20548     5.1794     5.1827    24.9452   12.91171 3.6170e-02     47.891 0.0000e+00
        525  78.402812    0.03639     2.1833    131.000  1025.1686  50791.654    31.5800     47.634    7.20546     5.1795     5.1828    24.9453   12.91166 3.6170e-02     48.089 0.0000e+00
        526  78.402815    0.03646     2.1875    131.250  1025.1696  50791.889    31.5801     47.830    7.20543     5.1796     5.1830    24.9454   12.91162 3.6170e-02     48.287 0.0000e+00
        527  78.402818    0.03653     2.1917    131.500  1025.1705  50792.012    31.5801     48.024    7.20541     5.1798     5.1831    24.9454   12.91158 3.6170e-02     48.483 0.0000e+00
        528  78.402821    0.03660     2.1958    131.750  1025.1714  50792.115    31.5801     48.216    7.20539     5.1799     5.1832    24.9454   12.91155 3.6170e-02     48.677 0.0000e+00
        529  78.402824    0.03667     2.2000    132.000  1025.1723  50792.238    31.5802     48.406    7.20536     5.1800     5.1834    24.9454   12.91151 3.6170e-02     48.868 0.0000e+00
        530  78.402827    0.03674     2.2042    132.250  1025.1732  50792.413    31.5802     48.591    7.20534     5.1801     5.1835    24.9454   12.91147 3.6170e-02     49.055 0.0000e+00
        531  78.402830    0.03681     2.2083    132.500  1025.1741  50792.581    31.5803     48.774    7.20532     5.1802     5.1836    24.9454   12.91143 3.6170e-02     49.239 0.0000e+00
        532  78.402833    0.03687     2.2125    132.750  1025.1749  50792.720    31.5803     48.954    7.20530     5.1803     5.1837    24.9455   12.91139 3.6170e-02     49.421 0.0000e+00
        533  78.402836    0.03694     2.2167    133.000  1025.1758  50792.850    31.5803     49.133    7.20527     5.1804     5.1839    24.9455   12.91136 3.6170e-02     49.603 0.0000e+00
        534  78.402839    0.03701     2.2208    133.250  1025.1766  50792.889    31.5803     49.315    7.20525     5.1805     5.1840    24.9455   12.91132 3.6170e-02     49.786 0.0000e+00
        535  78.402841    0.03708     2.2250    133.500  1025.1774  50792.893    31.5802     49.500    7.20523     5.1806     5.1841    24.9454   12.91129 3.6170e-02     49.973 0.0000e+00
        536  78.402844    0.03715     2.2292    133.750  1025.1782  50792.971    31.5802     49.688    7.20521     5.1806     5.1842    24.9454   12.91126 3.6170e-02     50.163 0.0000e+00
        537  78.402847    0.03722     2.2333    134.000  1025.1791  50793.075    31.5802     49.875    7.20520     5.1806     5.1843    24.9453   12.91124 3.6170e-02     50.352 0.0000e+00
        538  78.402850    0.03729     2.2375    134.250  1025.1800  50793.199    31.5802     50.061    7.20519     5.1807     5.1844    24.9453   12.91122 3.6170e-02     50.540 0.0000e+00
        539  78.402853    0.03736     2.2417    134.500  1025.1809  50793.356    31.5803     50.248    7.20518     5.1807     5.1844    24.9453   12.91121 3.6170e-02     50.728 0.0000e+00
        540  78.402856    0.03743     2.2458    134.750  1025.1817  50793.460    31.5803     50.438    7.20517     5.1808     5.1844    24.9453   12.91119 3.6170e-02     50.921 0.0000e+00
        541  78.402859    0.03750     2.2500    135.000  1025.1826  50793.509    31.5802     50.638    7.20517     5.1808     5.1845    24.9453   12.91118 3.6170e-02     51.122 0.0000e+00
        542  78.402862    0.03757     2.2542    135.250  1025.1836  50793.642    31.5802     50.850    7.20516     5.1808     5.1845    24.9453   12.91117 3.6170e-02     51.336 0.0000e+00
        543  78.402865    0.03764     2.2583    135.500  1025.1847  50793.897    31.5803     51.069    7.20515     5.1809     5.1846    24.9454   12.91115 3.6170e-02     51.557 0.0000e+00
        544  78.402867    0.03771     2.2625    135.750  1025.1859  50794.259    31.5804     51.286    7.20513     5.1810     5.1846    24.9455   12.91113 3.6170e-02     51.776 0.0000e+00
        545  78.402870    0.03778     2.2667    136.000  1025.1870  50794.626    31.5806     51.491    7.20511     5.1811     5.1847    24.9456   12.91109 3.6170e-02     51.984 0.0000e+00
        546  78.402873    0.03785     2.2708    136.250  1025.1879  50794.836    31.5807     51.680    7.20509     5.1813     5.1848    24.9456   12.91105 3.6170e-02     52.174 0.0000e+00
        547  78.402876    0.03792     2.2750    136.500  1025.1887  50794.941    31.5807     51.847    7.20506     5.1815     5.1849    24.9456   12.91100 3.6170e-02     52.343 0.0000e+00
        548  78.402879    0.03799     2.2792    136.750  1025.1894  50795.044    31.5807     51.993    7.20502     5.1817     5.1851    24.9456   12.91094 3.6170e-02     52.491 0.0000e+00
        549  78.402882    0.03806     2.2833    137.000  1025.1900  50795.151    31.5808     52.123    7.20499     5.1818     5.1853    24.9456   12.91088 3.6170e-02     52.622 0.0000e+00
        550  78.402885    0.03812     2.2875    137.250  1025.1905  50795.251    31.5809     52.239    7.20496     5.1819     5.1855    24.9457   12.91083 3.6170e-02     52.739 0.0000e+00
        551  78.402888    0.03819     2.2917    137.500  1025.1910  50795.353    31.5809     52.336    7.20493     5.1819     5.1857    24.9457   12.91079 3.6170e-02     52.838 0.0000e+00
        552  78.402891    0.03826     2.2958    137.750  1025.1914  50795.461    31.5810     52.406    7.20492 -9.990e-29     5.1858    24.9458   12.91076 3.6170e-02     52.908 0.0000e+00
        553  78.402894    0.03833     2.3000    138.000  1025.1915  50795.513    31.5810     52.433    7.20491 -9.990e-29     5.1858    24.9458   12.91075 3.6170e-02     52.935 0.0000e+00
