CTD-processing/allCTD/CNV--homogene/2019_02-07_t9_s07_cast071.cnv
* Sea-Bird SBE19plus Data File:
* FileName = C:\Users\Kim.Powell\Desktop\Not Processed\2019\2019_02-08\2019_02-08_TRANSECT_STATION_cast071.hex
* Software Version 1.59
* Temperature SN =  4141
* Conductivity SN =  4141
* System UpLoad Time = Mar 19 2019 08:33:34
** 2018_02-07
** Station: 9-07
** Start Time: 16:17
** Depth (m): 104
** Comment:
** Comment:
# nquan = 17
# nvalues = 729                         
# units = specified
# name 0 = scan: Scan Count
# name 1 = timeJ: Julian Days
# name 2 = timeH: Time, Elapsed [hours]
# name 3 = timeM: Time, Elapsed [minutes]
# name 4 = timeS: Time, Elapsed [seconds]
# name 5 = density00: Density [density, kg/m^3]
# name 6 = specc: Specific Conductance [uS/cm]
# name 7 = sal00: Salinity, Practical [PSU]
# name 8 = depSM: Depth [salt water, m], lat = 59.00
# name 9 = oxsolML/L: Oxygen Saturation, Garcia & Gordon [ml/l]
# name 10 = potemp090C: Potential Temperature [ITS-90, deg C]
# name 11 = tv290C: Temperature [ITS-90, deg C]
# name 12 = sigma-é00: Density [sigma-theta, kg/m^3]
# name 13 = n2satML/L: Nitrogen Saturation [ml/l]
# name 14 = par: PAR/Irradiance, Biospherical/Licor
# name 15 = prdM: Pressure, Strain Gauge [db]
# name 16 = flag:  0.000e+00
# span 0 =          1,        729       
# span 1 =  38.678657,  38.680764       
# span 2 =    0.00000,    0.05056       
# span 3 =     0.0000,     3.0333       
# span 4 =      0.000,    182.000       
# span 5 =  1024.6384,  1025.2962       
# span 6 =  50262.329,  50544.228       
# span 7 =    31.1048,    31.5523       
# span 8 =      0.732,    100.131       
# span 9 =    7.06764,    7.34658       
# span 10 =     4.5032,     5.9983      
# span 11 =     4.5032,     6.0062      
# span 12 =    24.6344,    24.8295      
# span 13 =   12.68436,   13.15064      
# span 14 = 3.6170e-02, 5.1326e+01      
# span 15 =      0.740,    101.101      
# span 16 = 0.0000e+00, 0.0000e+00      
# interval = seconds: 0.25
# start_time = Feb 07 2019 16:17:16 [Instrument's time stamp, header]
# bad_flag = -9.990e-29
*END*
[from data line 596]
        597  38.680382    0.04139     2.4833    149.000  1025.1347  50470.991    31.4904     72.794    7.09089     5.9008     5.8840    24.7948   12.72357 3.6170e-02     73.494 0.0000e+00
        598  38.680385    0.04146     2.4875    149.250  1025.1300  50459.857    31.4852     73.011    7.08898     5.9077     5.8969    24.7892   12.72047 3.6170e-02     73.712 0.0000e+00
        599  38.680388    0.04153     2.4917    149.500  1025.1266  50451.230    31.4810     73.211    7.08757     5.9128     5.9065    24.7848   12.71819 3.6170e-02     73.915 0.0000e+00
        600  38.680391    0.04160     2.4958    149.750  1025.1245  50445.505    31.4783     73.406    7.08653     5.9168     5.9135    24.7818   12.71650 3.6170e-02     74.111 0.0000e+00
        601  38.680394    0.04167     2.5000    150.000  1025.1241  50442.836    31.4774     73.608    7.08572     5.9203     5.9186    24.7805   12.71517 3.6170e-02     74.316 0.0000e+00
        602  38.680396    0.04174     2.5042    150.250  1025.1253  50443.008    31.4782     73.829    7.08501     5.9238     5.9226    24.7807   12.71400 3.6170e-02     74.539 0.0000e+00
        603  38.680399    0.04181     2.5083    150.500  1025.1279  50445.554    31.4806     74.067    7.08432     5.9277     5.9261    24.7821   12.71283 3.6170e-02     74.779 0.0000e+00
        604  38.680402    0.04188     2.5125    150.750  1025.1310  50449.165    31.4836     74.312    7.08357     5.9318     5.9297    24.7841   12.71156 3.6170e-02     75.026 0.0000e+00
        605  38.680405    0.04194     2.5167    151.000  1025.1336  50451.882    31.4862     74.550    7.08280     5.9357     5.9336    24.7856   12.71026 3.6170e-02     75.267 0.0000e+00
        606  38.680408    0.04201     2.5208    151.250  1025.1354  50453.049    31.4877     74.773    7.08205     5.9393     5.9377    24.7863   12.70899 3.6170e-02     75.492 0.0000e+00
        607  38.680411    0.04208     2.5250    151.500  1025.1367  50453.647    31.4888     74.980    7.08134     5.9425     5.9417    24.7867   12.70780 3.6170e-02     75.702 0.0000e+00
        608  38.680414    0.04215     2.5292    151.750  1025.1381  50454.484    31.4900     75.180    7.08069     5.9454     5.9453    24.7872   12.70671 3.6170e-02     75.903 0.0000e+00
        609  38.680417    0.04222     2.5333    152.000  1025.1398  50455.755    31.4914     75.380    7.08009     5.9481     5.9485    24.7880   12.70570 3.6170e-02     76.105 0.0000e+00
        610  38.680420    0.04229     2.5375    152.250  1025.1419  50457.687    31.4932     75.587    7.07952     5.9508     5.9514    24.7891   12.70473 3.6170e-02     76.314 0.0000e+00
        611  38.680422    0.04236     2.5417    152.500  1025.1441  50459.869    31.4951     75.801    7.07896     5.9534     5.9542    24.7903   12.70379 3.6170e-02     76.531 0.0000e+00
        612  38.680425    0.04243     2.5458    152.750  1025.1459  50461.399    31.4966     76.019    7.07844     5.9557     5.9569    24.7911   12.70291 3.6170e-02     76.751 0.0000e+00
        613  38.680428    0.04250     2.5500    153.000  1025.1474  50462.187    31.4975     76.234    7.07796     5.9577     5.9595    24.7915   12.70211 3.6170e-02     76.968 0.0000e+00
        614  38.680431    0.04257     2.5542    153.250  1025.1486  50462.625    31.4982     76.442    7.07754     5.9594     5.9618    24.7918   12.70140 3.6170e-02     77.177 0.0000e+00
        615  38.680434    0.04264     2.5583    153.500  1025.1496  50462.818    31.4987     76.643    7.07718     5.9608     5.9639    24.7919   12.70080 3.6170e-02     77.381 0.0000e+00
        616  38.680437    0.04271     2.5625    153.750  1025.1505  50462.809    31.4989     76.845    7.07689     5.9618     5.9656    24.7919   12.70032 3.6170e-02     77.584 0.0000e+00
        617  38.680440    0.04278     2.5667    154.000  1025.1515  50462.832    31.4991     77.052    7.07666     5.9627     5.9669    24.7919   12.69993 3.6170e-02     77.793 0.0000e+00
        618  38.680443    0.04285     2.5708    154.250  1025.1526  50463.130    31.4994     77.268    7.07646     5.9634     5.9680    24.7920   12.69960 3.6170e-02     78.012 0.0000e+00
        619  38.680446    0.04292     2.5750    154.500  1025.1539  50463.737    31.4999     77.492    7.07629     5.9641     5.9689    24.7923   12.69932 3.6170e-02     78.239 0.0000e+00
        620  38.680448    0.04299     2.5792    154.750  1025.1555  50464.679    31.5005     77.722    7.07613     5.9647     5.9696    24.7927   12.69905 3.6170e-02     78.471 0.0000e+00
        621  38.680451    0.04306     2.5833    155.000  1025.1572  50466.076    31.5015     77.953    7.07598     5.9652     5.9703    24.7934   12.69878 3.6170e-02     78.703 0.0000e+00
        622  38.680454    0.04312     2.5875    155.250  1025.1592  50467.777    31.5027     78.180    7.07582     5.9658     5.9709    24.7943   12.69850 3.6170e-02     78.933 0.0000e+00
        623  38.680457    0.04319     2.5917    155.500  1025.1611  50469.441    31.5039     78.402    7.07567     5.9664     5.9715    24.7952   12.69823 3.6170e-02     79.158 0.0000e+00
        624  38.680460    0.04326     2.5958    155.750  1025.1628  50470.912    31.5049     78.618    7.07552     5.9669     5.9721    24.7959   12.69798 3.6170e-02     79.375 0.0000e+00
        625  38.680463    0.04333     2.6000    156.000  1025.1644  50472.205    31.5058     78.825    7.07538     5.9673     5.9727    24.7965   12.69774 3.6170e-02     79.585 0.0000e+00
        626  38.680466    0.04340     2.6042    156.250  1025.1659  50473.272    31.5066     79.027    7.07525     5.9678     5.9732    24.7971   12.69752 3.6170e-02     79.788 0.0000e+00
        627  38.680469    0.04347     2.6083    156.500  1025.1672  50474.088    31.5071     79.224    7.07515     5.9682     5.9737    24.7975   12.69734 3.6170e-02     79.987 0.0000e+00
        628  38.680472    0.04354     2.6125    156.750  1025.1684  50474.834    31.5076     79.422    7.07505     5.9686     5.9741    24.7978   12.69717 3.6170e-02     80.187 0.0000e+00
        629  38.680475    0.04361     2.6167    157.000  1025.1699  50475.801    31.5083     79.627    7.07495     5.9691     5.9746    24.7983   12.69699 3.6170e-02     80.394 0.0000e+00
        630  38.680477    0.04368     2.6208    157.250  1025.1716  50477.136    31.5092     79.843    7.07483     5.9696     5.9750    24.7989   12.69679 3.6170e-02     80.613 0.0000e+00
        631  38.680480    0.04375     2.6250    157.500  1025.1735  50478.837    31.5104     80.072    7.07470     5.9703     5.9755    24.7998   12.69655 3.6170e-02     80.844 0.0000e+00
        632  38.680483    0.04382     2.6292    157.750  1025.1757  50481.098    31.5119     80.309    7.07453     5.9710     5.9760    24.8010   12.69626 3.6170e-02     81.083 0.0000e+00
        633  38.680486    0.04389     2.6333    158.000  1025.1783  50483.892    31.5139     80.544    7.07433     5.9718     5.9767    24.8024   12.69590 3.6170e-02     81.320 0.0000e+00
        634  38.680489    0.04396     2.6375    158.250  1025.1808  50486.581    31.5158     80.769    7.07411     5.9726     5.9775    24.8038   12.69552 3.6170e-02     81.547 0.0000e+00
        635  38.680492    0.04403     2.6417    158.500  1025.1828  50488.632    31.5172     80.980    7.07390     5.9734     5.9783    24.8049   12.69516 3.6170e-02     81.760 0.0000e+00
        636  38.680495    0.04410     2.6458    158.750  1025.1845  50490.116    31.5183     81.176    7.07372     5.9740     5.9791    24.8057   12.69483 3.6170e-02     81.958 0.0000e+00
        637  38.680498    0.04417     2.6500    159.000  1025.1860  50491.360    31.5192     81.362    7.07355     5.9746     5.9799    24.8063   12.69455 3.6170e-02     82.146 0.0000e+00
        638  38.680501    0.04424     2.6542    159.250  1025.1875  50492.602    31.5201     81.547    7.07339     5.9752     5.9806    24.8070   12.69428 3.6170e-02     82.333 0.0000e+00
        639  38.680503    0.04431     2.6583    159.500  1025.1890  50493.922    31.5211     81.739    7.07325     5.9757     5.9812    24.8076   12.69403 3.6170e-02     82.526 0.0000e+00
        640  38.680506    0.04437     2.6625    159.750  1025.1906  50495.201    31.5220     81.940    7.07311     5.9761     5.9818    24.8083   12.69379 3.6170e-02     82.730 0.0000e+00
        641  38.680509    0.04444     2.6667    160.000  1025.1921  50496.274    31.5227     82.151    7.07299     5.9765     5.9823    24.8088   12.69358 3.6170e-02     82.943 0.0000e+00
        642  38.680512    0.04451     2.6708    160.250  1025.1935  50497.102    31.5233     82.369    7.07289     5.9769     5.9827    24.8092   12.69340 3.6170e-02     83.163 0.0000e+00
        643  38.680515    0.04458     2.6750    160.500  1025.1949  50497.851    31.5238     82.589    7.07280     5.9772     5.9831    24.8095   12.69324 3.6170e-02     83.386 0.0000e+00
        644  38.680518    0.04465     2.6792    160.750  1025.1963  50498.669    31.5243     82.806    7.07271     5.9775     5.9835    24.8099   12.69309 3.6170e-02     83.604 0.0000e+00
        645  38.680521    0.04472     2.6833    161.000  1025.1976  50499.543    31.5249     83.014    7.07263     5.9778     5.9838    24.8104   12.69294 3.6170e-02     83.815 0.0000e+00
        646  38.680524    0.04479     2.6875    161.250  1025.1990  50500.511    31.5255     83.214    7.07254     5.9781     5.9841    24.8108   12.69280 3.6170e-02     84.017 0.0000e+00
        647  38.680527    0.04486     2.6917    161.500  1025.2005  50501.638    31.5263     83.409    7.07246     5.9784     5.9845    24.8114   12.69265 3.6170e-02     84.214 0.0000e+00
        648  38.680530    0.04493     2.6958    161.750  1025.2021  50502.901    31.5271     83.604    7.07237     5.9788     5.9848    24.8120   12.69249 3.6170e-02     84.411 0.0000e+00
        649  38.680532    0.04500     2.7000    162.000  1025.2036  50504.181    31.5280     83.803    7.07227     5.9792     5.9852    24.8126   12.69232 3.6170e-02     84.612 0.0000e+00
        650  38.680535    0.04507     2.7042    162.250  1025.2051  50505.204    31.5287     84.008    7.07217     5.9795     5.9856    24.8131   12.69215 3.6170e-02     84.818 0.0000e+00
        651  38.680538    0.04514     2.7083    162.500  1025.2063  50505.897    31.5291     84.218    7.07208     5.9798     5.9860    24.8134   12.69199 3.6170e-02     85.031 0.0000e+00
        652  38.680541    0.04521     2.7125    162.750  1025.2075  50506.417    31.5295     84.430    7.07200     5.9801     5.9863    24.8136   12.69186 3.6170e-02     85.244 0.0000e+00
        653  38.680544    0.04528     2.7167    163.000  1025.2087  50506.825    31.5297     84.637    7.07194     5.9803     5.9866    24.8138   12.69175 3.6170e-02     85.453 0.0000e+00
        654  38.680547    0.04535     2.7208    163.250  1025.2097  50507.131    31.5299     84.834    7.07189     5.9805     5.9869    24.8139   12.69166 3.6170e-02     85.653 0.0000e+00
        655  38.680550    0.04542     2.7250    163.500  1025.2107  50507.439    31.5300     85.023    7.07184     5.9807     5.9871    24.8140   12.69158 3.6170e-02     85.843 0.0000e+00
        656  38.680553    0.04549     2.7292    163.750  1025.2118  50507.966    31.5303     85.207    7.07179     5.9810     5.9873    24.8142   12.69149 3.6170e-02     86.029 0.0000e+00
        657  38.680556    0.04556     2.7333    164.000  1025.2131  50508.943    31.5310     85.393    7.07172     5.9814     5.9876    24.8147   12.69137 3.6170e-02     86.217 0.0000e+00
        658  38.680558    0.04562     2.7375    164.250  1025.2149  50510.607    31.5321     85.590    7.07162     5.9819     5.9879    24.8155   12.69120 3.6170e-02     86.416 0.0000e+00
        659  38.680561    0.04569     2.7417    164.500  1025.2171  50513.078    31.5338     85.799    7.07148     5.9826     5.9883    24.8168   12.69094 3.6170e-02     86.627 0.0000e+00
        660  38.680564    0.04576     2.7458    164.750  1025.2195  50515.531    31.5355     86.020    7.07130     5.9834     5.9888    24.8181   12.69062 3.6170e-02     86.850 0.0000e+00
        661  38.680567    0.04583     2.7500    165.000  1025.2213  50517.049    31.5365     86.246    7.07113     5.9841     5.9896    24.8189   12.69032 3.6170e-02     87.078 0.0000e+00
        662  38.680570    0.04590     2.7542    165.250  1025.2229  50518.134    31.5373     86.467    7.07096     5.9848     5.9904    24.8194   12.69004 3.6170e-02     87.302 0.0000e+00
        663  38.680573    0.04597     2.7583    165.500  1025.2245  50519.412    31.5383     86.677    7.07079     5.9855     5.9911    24.8200   12.68975 3.6170e-02     87.513 0.0000e+00
        664  38.680576    0.04604     2.7625    165.750  1025.2260  50520.667    31.5392     86.873    7.07063     5.9862     5.9918    24.8207   12.68947 3.6170e-02     87.711 0.0000e+00
        665  38.680579    0.04611     2.7667    166.000  1025.2273  50521.524    31.5398     87.060    7.07048     5.9867     5.9925    24.8211   12.68922 3.6170e-02     87.900 0.0000e+00
        666  38.680582    0.04618     2.7708    166.250  1025.2285  50522.104    31.5403     87.245    7.07035     5.9873     5.9932    24.8214   12.68899 3.6170e-02     88.087 0.0000e+00
        667  38.680584    0.04625     2.7750    166.500  1025.2298  50522.891    31.5409     87.441    7.07023     5.9878     5.9937    24.8218   12.68878 3.6170e-02     88.284 0.0000e+00
        668  38.680587    0.04632     2.7792    166.750  1025.2313  50524.083    31.5417     87.654    7.07010     5.9884     5.9943    24.8224   12.68856 3.6170e-02     88.500 0.0000e+00
        669  38.680590    0.04639     2.7833    167.000  1025.2331  50525.542    31.5427     87.889    7.06996     5.9891     5.9948    24.8231   12.68832 3.6170e-02     88.737 0.0000e+00
        670  38.680593    0.04646     2.7875    167.250  1025.2352  50527.290    31.5439     88.140    7.06981     5.9900     5.9955    24.8240   12.68804 3.6170e-02     88.991 0.0000e+00
        671  38.680596    0.04653     2.7917    167.500  1025.2376  50529.715    31.5456     88.394    7.06961     5.9911     5.9962    24.8252   12.68769 3.6170e-02     89.248 0.0000e+00
        672  38.680599    0.04660     2.7958    167.750  1025.2403  50532.605    31.5476     88.639    7.06936     5.9923     5.9971    24.8268   12.68726 3.6170e-02     89.495 0.0000e+00
        673  38.680602    0.04667     2.8000    168.000  1025.2426  50534.846    31.5493     88.866    7.06910     5.9934     5.9982    24.8279   12.68681 3.6170e-02     89.724 0.0000e+00
        674  38.680605    0.04674     2.8042    168.250  1025.2441  50535.913    31.5501     89.073    7.06886     5.9943     5.9994    24.8285   12.68640 3.6170e-02     89.934 0.0000e+00
        675  38.680608    0.04681     2.8083    168.500  1025.2451  50536.252    31.5505     89.267    7.06865     5.9950     6.0005    24.8286   12.68606 3.6170e-02     90.129 0.0000e+00
        676  38.680611    0.04688     2.8125    168.750  1025.2460  50536.354    31.5507     89.458    7.06849     5.9955     6.0014    24.8287   12.68579 3.6170e-02     90.322 0.0000e+00
        677  38.680613    0.04694     2.8167    169.000  1025.2469  50536.435    31.5508     89.654    7.06837     5.9959     6.0022    24.8286   12.68558 3.6170e-02     90.520 0.0000e+00
        678  38.680616    0.04701     2.8208    169.250  1025.2479  50536.608    31.5509     89.860    7.06827     5.9963     6.0027    24.8287   12.68542 3.6170e-02     90.728 0.0000e+00
        679  38.680619    0.04708     2.8250    169.500  1025.2490  50536.929    31.5511     90.074    7.06819     5.9966     6.0032    24.8288   12.68528 3.6170e-02     90.944 0.0000e+00
        680  38.680622    0.04715     2.8292    169.750  1025.2501  50537.241    31.5513     90.290    7.06812     5.9969     6.0035    24.8289   12.68515 3.6170e-02     91.162 0.0000e+00
