CTD-processing/allCTD/CNV--homogene/2019_03-19_t9_s02_cast105.cnv
* Sea-Bird SBE19plus Data File:
* FileName = C:\Users\Kim.Powell\Desktop\Not Processed\2019\2019_03-19_AlongBay, T9_4141\2019_03-19_TRANSECT_STATION_cast105.hex
* Software Version 1.59
* Temperature SN =  4141
* Conductivity SN =  4141
* System UpLoad Time = Mar 20 2019 08:40:38
** 2018_03-19
** Station: 9-02
** Start Time: 14:34
** Depth (m): 81.3
** Comment:**CTD time was 1 hour behind**
** Comment:
# nquan = 17
# nvalues = 643                         
# units = specified
# name 0 = scan: Scan Count
# name 1 = timeJ: Julian Days
# name 2 = timeH: Time, Elapsed [hours]
# name 3 = timeM: Time, Elapsed [minutes]
# name 4 = timeS: Time, Elapsed [seconds]
# name 5 = density00: Density [density, kg/m^3]
# name 6 = specc: Specific Conductance [uS/cm]
# name 7 = sal00: Salinity, Practical [PSU]
# name 8 = depSM: Depth [salt water, m], lat = 59.00
# name 9 = oxsolML/L: Oxygen Saturation, Garcia & Gordon [ml/l]
# name 10 = potemp090C: Potential Temperature [ITS-90, deg C]
# name 11 = tv290C: Temperature [ITS-90, deg C]
# name 12 = sigma-é00: Density [sigma-theta, kg/m^3]
# name 13 = n2satML/L: Nitrogen Saturation [ml/l]
# name 14 = par: PAR/Irradiance, Biospherical/Licor
# name 15 = prdM: Pressure, Strain Gauge [db]
# name 16 = flag:  0.000e+00
# span 0 =          1,        643       
# span 1 =  78.565243,  78.567101       
# span 2 =    0.00000,    0.04458       
# span 3 =     0.0000,     2.6750       
# span 4 =      0.000,    160.500       
# span 5 =  1015.7135,  1025.3697       
# span 6 =  33057.250,  50891.980       
# span 7 =    19.8387,    31.7098       
# span 8 =      0.255,     77.375       
# span 9 =    7.13788,    7.95431       
# span 10 =     4.8051,     5.5368      
# span 11 =     4.4509,     5.5427      
# span 12 =    15.7123,    25.0079      
# span 13 =   12.79839,   14.31718      
# span 14 = 3.6170e-02, 5.1751e+02      
# span 15 =      0.258,     78.120      
# span 16 = 0.0000e+00, 0.0000e+00      
# interval = seconds: 0.25
# start_time = Mar 19 2019 13:33:57 [Instrument's time stamp, header]
# bad_flag = -9.990e-29
*END*
          1  78.565243    0.00000     0.0000      0.000  1015.7135  33057.250    19.8387      0.255    7.95431     4.8051     4.4509    15.7123   14.31718 1.5027e+02      0.258 0.0000e+00
          2  78.565246    0.00007     0.0042      0.250  1018.5218  38467.944    23.4020      0.359    7.73513     4.9725     4.6192    18.5202   13.90352 1.3245e+02      0.362 0.0000e+00
          3  78.565249    0.00014     0.0083      0.500  1020.8974  43029.251    26.4218      0.480    7.54243     5.1058     4.8051    20.8951   13.54170 1.1258e+02      0.484 0.0000e+00
          4  78.565252    0.00021     0.0125      0.750  1022.3820  45869.645    28.3158      0.602    7.41301     5.2020     4.9725    22.3792   13.30073 9.8164e+01      0.607 0.0000e+00
          5  78.565255    0.00028     0.0167      1.000  1023.2510  47530.019    29.4289      0.712    7.33081     5.2646     5.1058    23.2477   13.14894 9.0550e+01      0.719 0.0000e+00
          6  78.565258    0.00035     0.0208      1.250  1023.7503  48484.013    30.0711      0.798    7.27993     5.3007     5.2021    23.7466   13.05562 8.7141e+01      0.805 0.0000e+00
          7  78.565260    0.00042     0.0250      1.500  1024.0409  49039.172    30.4455      0.852    7.24909     5.3209     5.2647    24.0369   12.99925 8.6302e+01      0.860 0.0000e+00
          8  78.565263    0.00049     0.0292      1.750  1024.2266  49393.442    30.6845      0.876    7.23015     5.3354     5.3008    24.2225   12.96453 8.6429e+01      0.884 0.0000e+00
          9  78.565266    0.00056     0.0333      2.000  1024.3596  49645.858    30.8549      0.878    7.21774     5.3499     5.3210    24.3554   12.94161 8.6141e+01      0.886 0.0000e+00
         10  78.565269    0.00063     0.0375      2.250  1024.4579  49831.277    30.9810      0.866    7.20873     5.3650     5.3355    24.4538   12.92498 8.5194e+01      0.875 0.0000e+00
         11  78.565272    0.00069     0.0417      2.500  1024.5258  49958.501    31.0688      0.847    7.20177     5.3798     5.3499    24.5218   12.91227 8.4093e+01      0.855 0.0000e+00
         12  78.565275    0.00076     0.0458      2.750  1024.5671  50035.408    31.1232      0.823    7.19640     5.3932     5.3651    24.5632   12.90264 8.2671e+01      0.831 0.0000e+00
         13  78.565278    0.00083     0.0500      3.000  1024.5894  50076.557    31.1536      0.798    7.19230     5.4044     5.3799    24.5857   12.89546 8.0519e+01      0.806 0.0000e+00
         14  78.565281    0.00090     0.0542      3.250  1024.5999  50095.428    31.1688      0.776    7.18923     5.4135     5.3933    24.5962   12.89017 7.8054e+01      0.784 0.0000e+00
         15  78.565284    0.00097     0.0583      3.500  1024.6035  50101.757    31.1751      0.758    7.18696     5.4206     5.4045    24.6000   12.88633 7.5468e+01      0.765 0.0000e+00
         16  78.565286    0.00104     0.0625      3.750  1024.6042  50102.531    31.1773      0.745    7.18528     5.4259     5.4136    24.6007   12.88352 7.2731e+01      0.752 0.0000e+00
         17  78.565289    0.00111     0.0667      4.000  1024.6038  50101.443    31.1778      0.737    7.18404     5.4299     5.4206    24.6003   12.88146 7.0541e+01      0.744 0.0000e+00
         18  78.565292    0.00118     0.0708      4.250  1024.6025  50098.662    31.1769      0.732    7.18316     5.4330     5.4260    24.5990   12.88002 6.9120e+01      0.739 0.0000e+00
         19  78.565295    0.00125     0.0750      4.500  1024.5996  50093.061    31.1739      0.728    7.18261     5.4355     5.4300    24.5962   12.87916 6.8181e+01      0.735 0.0000e+00
         20  78.565298    0.00132     0.0792      4.750  1024.5959  50085.982    31.1696      0.726    7.18228     5.4374     5.4331    24.5924   12.87867 6.7626e+01      0.733 0.0000e+00
         21  78.565301    0.00139     0.0833      5.000  1024.5932  50080.934    31.1667      0.724    7.18201     5.4391     5.4355    24.5898   12.87826 6.7253e+01      0.731 0.0000e+00
         22  78.565304    0.00146     0.0875      5.250  1024.5925  50079.540    31.1661      0.723    7.18171     5.4407     5.4375    24.5891   12.87775 6.7043e+01      0.730 0.0000e+00
         23  78.565307    0.00153     0.0917      5.500  1024.5933  50080.734    31.1672      0.724    7.18136     5.4422     5.4392    24.5899   12.87716 6.6999e+01      0.731 0.0000e+00
         24  78.565310    0.00160     0.0958      5.750  1024.5946  50083.001    31.1691      0.726    7.18101     5.4437     5.4407    24.5912   12.87656 6.7034e+01      0.733 0.0000e+00
         25  78.565313    0.00167     0.1000      6.000  1024.5963  50085.933    31.1714      0.730    7.18065     5.4454     5.4422    24.5928   12.87593 6.6931e+01      0.737 0.0000e+00
         26  78.565315    0.00174     0.1042      6.250  1024.5987  50090.153    31.1746      0.734    7.18023     5.4473     5.4437    24.5952   12.87521 6.6626e+01      0.741 0.0000e+00
         27  78.565318    0.00181     0.1083      6.500  1024.6021  50096.289    31.1792      0.740    7.17972     5.4494     5.4454    24.5987   12.87430 6.6247e+01      0.747 0.0000e+00
         28  78.565321    0.00187     0.1125      6.750  1024.6066  50104.255    31.1851      0.746    7.17911     5.4514     5.4473    24.6031   12.87321 6.5812e+01      0.754 0.0000e+00
         29  78.565324    0.00194     0.1167      7.000  1024.6116  50113.250    31.1917      0.756    7.17843     5.4533     5.4494    24.6081   12.87202 6.5477e+01      0.763 0.0000e+00
         30  78.565327    0.00201     0.1208      7.250  1024.6167  50122.287    31.1983      0.768    7.17777     5.4549     5.4515    24.6131   12.87083 6.5452e+01      0.775 0.0000e+00
         31  78.565330    0.00208     0.1250      7.500  1024.6213  50130.458    31.2043      0.782    7.17716     5.4561     5.4534    24.6176   12.86975 6.5838e+01      0.789 0.0000e+00
         32  78.565333    0.00215     0.1292      7.750  1024.6252  50137.525    31.2095      0.796    7.17664     5.4570     5.4550    24.6215   12.86883 6.6590e+01      0.803 0.0000e+00
         33  78.565336    0.00222     0.1333      8.000  1024.6289  50143.961    31.2141      0.808    7.17621     5.4576     5.4562    24.6251   12.86805 6.7423e+01      0.816 0.0000e+00
         34  78.565339    0.00229     0.1375      8.250  1024.6323  50150.078    31.2185      0.818    7.17584     5.4580     5.4571    24.6285   12.86740 6.7809e+01      0.826 0.0000e+00
         35  78.565341    0.00236     0.1417      8.500  1024.6354  50155.577    31.2224      0.827    7.17555     5.4582     5.4577    24.6315   12.86687 6.7731e+01      0.834 0.0000e+00
         36  78.565344    0.00243     0.1458      8.750  1024.6378  50159.917    31.2255      0.834    7.17535     5.4583     5.4580    24.6338   12.86649 6.7561e+01      0.842 0.0000e+00
         37  78.565347    0.00250     0.1500      9.000  1024.6396  50163.118    31.2277      0.842    7.17520     5.4584     5.4583    24.6356   12.86622 6.7477e+01      0.850 0.0000e+00
         38  78.565350    0.00257     0.1542      9.250  1024.6411  50165.820    31.2296      0.851    7.17509     5.4584     5.4584    24.6370   12.86601 6.7526e+01      0.859 0.0000e+00
         39  78.565353    0.00264     0.1583      9.500  1024.6425  50168.455    31.2314      0.861    7.17500     5.4582     5.4585    24.6385   12.86583 6.7449e+01      0.869 0.0000e+00
         40  78.565356    0.00271     0.1625      9.750  1024.6440  50171.186    31.2333      0.871    7.17491     5.4580     5.4584    24.6400   12.86566 6.7189e+01      0.879 0.0000e+00
         41  78.565359    0.00278     0.1667     10.000  1024.6459  50174.541    31.2355      0.880    7.17483     5.4577     5.4583    24.6418   12.86549 6.6994e+01      0.888 0.0000e+00
         42  78.565362    0.00285     0.1708     10.250  1024.6484  50178.997    31.2386      0.887    7.17472     5.4574     5.4581    24.6442   12.86528 6.6863e+01      0.895 0.0000e+00
         43  78.565365    0.00292     0.1750     10.500  1024.6513  50184.318    31.2422      0.893    7.17459     5.4571     5.4578    24.6471   12.86502 6.6876e+01      0.901 0.0000e+00
         44  78.565367    0.00299     0.1792     10.750  1024.6542  50189.630    31.2458      0.898    7.17447     5.4568     5.4575    24.6500   12.86477 6.6895e+01      0.906 0.0000e+00
         45  78.565370    0.00306     0.1833     11.000  1024.6565  50193.950    31.2487      0.904    7.17439     5.4565     5.4572    24.6523   12.86460 6.6669e+01      0.912 0.0000e+00
         46  78.565373    0.00313     0.1875     11.250  1024.6580  50196.657    31.2505      0.911    7.17436     5.4563     5.4569    24.6538   12.86453 6.6516e+01      0.919 0.0000e+00
         47  78.565376    0.00319     0.1917     11.500  1024.6585  50197.575    31.2510      0.919    7.17438     5.4562     5.4566    24.6543   12.86456 6.6403e+01      0.928 0.0000e+00
         48  78.565379    0.00326     0.1958     11.750  1024.6584  50197.229    31.2508      0.928    7.17443     5.4562     5.4564    24.6541   12.86464 6.6180e+01      0.937 0.0000e+00
         49  78.565382    0.00333     0.2000     12.000  1024.6582  50196.806    31.2505      0.939    7.17446     5.4562     5.4563    24.6538   12.86470 6.6111e+01      0.948 0.0000e+00
         50  78.565385    0.00340     0.2042     12.250  1024.6584  50197.256    31.2507      0.950    7.17445     5.4562     5.4563    24.6540   12.86468 6.6133e+01      0.959 0.0000e+00
         51  78.565388    0.00347     0.2083     12.500  1024.6592  50198.663    31.2517      0.960    7.17440     5.4561     5.4563    24.6548   12.86459 6.6119e+01      0.969 0.0000e+00
         52  78.565391    0.00354     0.2125     12.750  1024.6602  50200.420    31.2529      0.968    7.17434     5.4560     5.4563    24.6557   12.86448 6.5987e+01      0.978 0.0000e+00
         53  78.565394    0.00361     0.2167     13.000  1024.6611  50201.954    31.2540      0.974    7.17430     5.4559     5.4562    24.6566   12.86439 6.5818e+01      0.984 0.0000e+00
         54  78.565396    0.00368     0.2208     13.250  1024.6619  50203.400    31.2549      0.978    7.17427     5.4557     5.4561    24.6574   12.86433 6.5850e+01      0.988 0.0000e+00
         55  78.565399    0.00375     0.2250     13.500  1024.6628  50205.038    31.2560      0.981    7.17425     5.4555     5.4559    24.6582   12.86428 6.5892e+01      0.990 0.0000e+00
         56  78.565402    0.00382     0.2292     13.750  1024.6636  50206.504    31.2570      0.983    7.17424     5.4553     5.4557    24.6590   12.86425 6.5836e+01      0.993 0.0000e+00
         57  78.565405    0.00389     0.2333     14.000  1024.6640  50207.118    31.2573      0.987    7.17426     5.4550     5.4555    24.6593   12.86427 6.5878e+01      0.996 0.0000e+00
         58  78.565408    0.00396     0.2375     14.250  1024.6636  50206.423    31.2568      0.993    7.17432     5.4548     5.4553    24.6590   12.86438 6.5863e+01      1.003 0.0000e+00
         59  78.565411    0.00403     0.2417     14.500  1024.6624  50204.192    31.2552      1.002    7.17443     5.4546     5.4551    24.6577   12.86459 6.5638e+01      1.011 0.0000e+00
         60  78.565414    0.00410     0.2458     14.750  1024.6604  50200.411    31.2526      1.011    7.17459     5.4545     5.4549    24.6556   12.86489 6.5444e+01      1.020 0.0000e+00
         61  78.565417    0.00417     0.2500     15.000  1024.6580  50195.884    31.2494      1.018    7.17477     5.4545     5.4547    24.6532   12.86522 6.5391e+01      1.027 0.0000e+00
         62  78.565420    0.00424     0.2542     15.250  1024.6561  50192.534    31.2471      1.021    7.17490     5.4545     5.4546    24.6513   12.86546 6.5373e+01      1.031 0.0000e+00
         63  78.565422    0.00431     0.2583     15.500  1024.6558  50191.957    31.2467      1.021    7.17492     5.4545     5.4546    24.6510   12.86550 6.5495e+01      1.031 0.0000e+00
         64  78.565425    0.00438     0.2625     15.750  1024.6566  50193.377    31.2477      1.020    7.17487     5.4542     5.4546    24.6518   12.86541 6.5792e+01      1.029 0.0000e+00
         65  78.565428    0.00444     0.2667     16.000  1024.6570  50194.189    31.2482      1.020    7.17486     5.4538     5.4546    24.6523   12.86538 6.6275e+01      1.029 0.0000e+00
         66  78.565431    0.00451     0.2708     16.250  1024.6558  50191.977    31.2467      1.024    7.17497     5.4530     5.4543    24.6510   12.86559 6.6984e+01      1.033 0.0000e+00
         67  78.565434    0.00458     0.2750     16.500  1024.6518  50184.619    31.2415      1.033    7.17530     5.4521     5.4539    24.6470   12.86620 6.7623e+01      1.042 0.0000e+00
         68  78.565437    0.00465     0.2792     16.750  1024.6438  50169.868    31.2312      1.044    7.17591     5.4508     5.4531    24.6389   12.86735 6.8087e+01      1.054 0.0000e+00
         69  78.565440    0.00472     0.2833     17.000  1024.6309  50146.094    31.2147      1.055    7.17687     5.4493     5.4522    24.6259   12.86914 6.8466e+01      1.065 0.0000e+00
         70  78.565443    0.00479     0.2875     17.250  1024.6150  50117.033    31.1944      1.063    7.17806     5.4481     5.4509    24.6101   12.87137 6.8637e+01      1.073 0.0000e+00
         71  78.565446    0.00486     0.2917     17.500  1024.6035  50095.910    31.1795      1.065    7.17902     5.4473     5.4494    24.5985   12.87315 6.8591e+01      1.075 0.0000e+00
         72  78.565448    0.00493     0.2958     17.750  1024.6036  50096.224    31.1795      1.062    7.17924     5.4470     5.4481    24.5986   12.87350 6.8433e+01      1.072 0.0000e+00
         73  78.565451    0.00500     0.3000     18.000  1024.6140  50115.457    31.1926      1.057    7.17875     5.4470     5.4474    24.6091   12.87252 6.8147e+01      1.067 0.0000e+00
         74  78.565454    0.00507     0.3042     18.250  1024.6263  50138.172    31.2082      1.052    7.17805     5.4470     5.4471    24.6214   12.87117 6.7649e+01      1.062 0.0000e+00
         75  78.565457    0.00514     0.3083     18.500  1024.6349  50153.901    31.2190      1.049    7.17753     5.4468     5.4471    24.6300   12.87018 6.7025e+01      1.059 0.0000e+00
         76  78.565460    0.00521     0.3125     18.750  1024.6385  50160.516    31.2235      1.049    7.17731     5.4463     5.4471    24.6336   12.86975 6.6614e+01      1.059 0.0000e+00
         77  78.565463    0.00528     0.3167     19.000  1024.6375  50158.829    31.2223      1.052    7.17740     5.4455     5.4469    24.6326   12.86992 6.6654e+01      1.062 0.0000e+00
         78  78.565466    0.00535     0.3208     19.250  1024.6328  50150.182    31.2163      1.057    7.17778     5.4444     5.4464    24.6279   12.87063 6.7169e+01      1.067 0.0000e+00
         79  78.565469    0.00542     0.3250     19.500  1024.6245  50134.911    31.2056      1.065    7.17843     5.4430     5.4456    24.6195   12.87183 6.7998e+01      1.075 0.0000e+00
         80  78.565472    0.00549     0.3292     19.750  1024.6121  50111.986    31.1896      1.073    7.17938     5.4411     5.4445    24.6070   12.87360 6.8757e+01      1.083 0.0000e+00
         81  78.565475    0.00556     0.3333     20.000  1024.5953  50081.169    31.1682      1.081    7.18065     5.4388     5.4431    24.5902   12.87598 6.9263e+01      1.091 0.0000e+00
         82  78.565477    0.00562     0.3375     20.250  1024.5768  50047.289    31.1445      1.085    7.18211     5.4363     5.4411    24.5716   12.87870 6.9658e+01      1.095 0.0000e+00
         83  78.565480    0.00569     0.3417     20.500  1024.5610  50018.529    31.1242      1.087    7.18347     5.4336     5.4388    24.5559   12.88121 6.9997e+01      1.097 0.0000e+00
         84  78.565483    0.00576     0.3458     20.750  1024.5510  50000.421    31.1112      1.086    7.18452     5.4308     5.4363    24.5459   12.88311 7.0180e+01      1.096 0.0000e+00
         85  78.565486    0.00583     0.3500     21.000  1024.5478  49994.758    31.1068      1.085    7.18519     5.4282     5.4336    24.5427   12.88427 7.0183e+01      1.095 0.0000e+00
