CTD-processing/allCTD/CNV--homogene/2019_03-19_t9_s07_cast110.cnv
* Sea-Bird SBE19plus Data File:
* FileName = C:\Users\Kim.Powell\Desktop\Not Processed\2019\2019_03-19_AlongBay, T9_4141\2019_03-19_TRANSECT_STATION_cast110.hex
* Software Version 1.59
* Temperature SN =  4141
* Conductivity SN =  4141
* System UpLoad Time = Mar 20 2019 08:46:09
** 2018_03-19
** Station: 9-07
** Start Time: 15:27
** Depth (m): 104
** Comment:**CTD time was 1 hour behind**
** Comment:
# nquan = 17
# nvalues = 737                         
# units = specified
# name 0 = scan: Scan Count
# name 1 = timeJ: Julian Days
# name 2 = timeH: Time, Elapsed [hours]
# name 3 = timeM: Time, Elapsed [minutes]
# name 4 = timeS: Time, Elapsed [seconds]
# name 5 = density00: Density [density, kg/m^3]
# name 6 = specc: Specific Conductance [uS/cm]
# name 7 = sal00: Salinity, Practical [PSU]
# name 8 = depSM: Depth [salt water, m], lat = 59.00
# name 9 = oxsolML/L: Oxygen Saturation, Garcia & Gordon [ml/l]
# name 10 = potemp090C: Potential Temperature [ITS-90, deg C]
# name 11 = tv290C: Temperature [ITS-90, deg C]
# name 12 = sigma-é00: Density [sigma-theta, kg/m^3]
# name 13 = n2satML/L: Nitrogen Saturation [ml/l]
# name 14 = par: PAR/Irradiance, Biospherical/Licor
# name 15 = prdM: Pressure, Strain Gauge [db]
# name 16 = flag:  0.000e+00
# span 0 =          1,        737       
# span 1 =  78.602292,  78.604421       
# span 2 =    0.00000,    0.05111       
# span 3 =     0.0000,     3.0667       
# span 4 =      0.000,    184.000       
# span 5 =  1024.1860,  1025.4850       
# span 6 =  49311.171,  50916.203       
# span 7 =    30.6906,    31.7130       
# span 8 =      0.579,    101.233       
# span 9 =    7.13768,    7.18915       
# span 10 =     5.3563,     5.6630      
# span 11 =     5.3573,     5.7047      
# span 12 =    24.1832,    25.0117      
# span 13 =   12.79807,   12.89065      
# span 14 = 3.6349e-02, 3.9287e+02      
# span 15 =      0.585,    102.214      
# span 16 = 0.0000e+00, 0.0000e+00      
# interval = seconds: 0.25
# start_time = Mar 19 2019 14:27:18 [Instrument's time stamp, header]
# bad_flag = -9.990e-29
*END*
[from data line 596]
        597  78.604016    0.04139     2.4833    149.000  1025.3368  50889.347    31.7106     70.104    7.13865     5.5321     5.5380    25.0090   12.79965 5.4696e-02     70.778 0.0000e+00
        598  78.604019    0.04146     2.4875    149.250  1025.3378  50889.347    31.7104     70.331    7.13869     5.5317     5.5378    25.0089   12.79972 5.4092e-02     71.007 0.0000e+00
        599  78.604022    0.04153     2.4917    149.500  1025.3388  50889.493    31.7104     70.557    7.13873     5.5313     5.5375    25.0088   12.79979 5.3525e-02     71.235 0.0000e+00
        600  78.604025    0.04160     2.4958    149.750  1025.3399  50889.719    31.7103     70.777    7.13879     5.5309     5.5372    25.0089   12.79988 5.2980e-02     71.457 0.0000e+00
        601  78.604028    0.04167     2.5000    150.000  1025.3410  50890.046    31.7104     70.991    7.13885     5.5304     5.5368    25.0090   12.79999 5.2433e-02     71.673 0.0000e+00
        602  78.604031    0.04174     2.5042    150.250  1025.3421  50890.530    31.7105     71.199    7.13892     5.5300     5.5363    25.0091   12.80010 5.1891e-02     71.884 0.0000e+00
        603  78.604034    0.04181     2.5083    150.500  1025.3433  50891.106    31.7107     71.407    7.13899     5.5296     5.5359    25.0093   12.80021 5.1369e-02     72.093 0.0000e+00
        604  78.604036    0.04188     2.5125    150.750  1025.3445  50891.710    31.7109     71.617    7.13905     5.5294     5.5355    25.0096   12.80030 5.0873e-02     72.306 0.0000e+00
        605  78.604039    0.04194     2.5167    151.000  1025.3457  50892.312    31.7112     71.833    7.13909     5.5292     5.5351    25.0098   12.80037 5.0389e-02     72.524 0.0000e+00
        606  78.604042    0.04201     2.5208    151.250  1025.3470  50892.905    31.7114     72.055    7.13912     5.5291     5.5349    25.0100   12.80042 4.9916e-02     72.747 0.0000e+00
        607  78.604045    0.04208     2.5250    151.500  1025.3482  50893.470    31.7117     72.278    7.13913     5.5290     5.5347    25.0103   12.80044 4.9451e-02     72.973 0.0000e+00
        608  78.604048    0.04215     2.5292    151.750  1025.3494  50893.930    31.7119     72.501    7.13914     5.5290     5.5346    25.0104   12.80046 4.8987e-02     73.198 0.0000e+00
        609  78.604051    0.04222     2.5333    152.000  1025.3505  50894.190    31.7119     72.719    7.13915     5.5289     5.5346    25.0105   12.80046 4.8533e-02     73.418 0.0000e+00
        610  78.604054    0.04229     2.5375    152.250  1025.3515  50894.336    31.7119     72.932    7.13915     5.5289     5.5346    25.0104   12.80047 4.8099e-02     73.634 0.0000e+00
        611  78.604057    0.04236     2.5417    152.500  1025.3525  50894.448    31.7119     73.141    7.13915     5.5289     5.5346    25.0104   12.80047 4.7694e-02     73.845 0.0000e+00
        612  78.604060    0.04243     2.5458    152.750  1025.3534  50894.470    31.7118     73.346    7.13916     5.5288     5.5346    25.0104   12.80048 4.7317e-02     74.052 0.0000e+00
        613  78.604062    0.04250     2.5500    153.000  1025.3543  50894.514    31.7117     73.550    7.13916     5.5287     5.5346    25.0103   12.80049 4.6958e-02     74.258 0.0000e+00
        614  78.604065    0.04257     2.5542    153.250  1025.3553  50894.669    31.7117     73.756    7.13917     5.5286     5.5346    25.0103   12.80050 4.6612e-02     74.466 0.0000e+00
        615  78.604068    0.04264     2.5583    153.500  1025.3563  50894.885    31.7118     73.966    7.13918     5.5285     5.5345    25.0104   12.80052 4.6277e-02     74.678 0.0000e+00
        616  78.604071    0.04271     2.5625    153.750  1025.3573  50895.145    31.7118     74.181    7.13920     5.5283     5.5343    25.0104   12.80055 4.5942e-02     74.894 0.0000e+00
        617  78.604074    0.04278     2.5667    154.000  1025.3584  50895.419    31.7119     74.398    7.13922     5.5282     5.5342    25.0105   12.80058 4.5617e-02     75.114 0.0000e+00
        618  78.604077    0.04285     2.5708    154.250  1025.3595  50895.720    31.7120     74.618    7.13924     5.5281     5.5340    25.0105   12.80062 4.5297e-02     75.336 0.0000e+00
        619  78.604080    0.04292     2.5750    154.500  1025.3606  50896.031    31.7120     74.838    7.13926     5.5280     5.5339    25.0106   12.80064 4.4973e-02     75.558 0.0000e+00
        620  78.604083    0.04299     2.5792    154.750  1025.3617  50896.289    31.7121     75.058    7.13927     5.5280     5.5338    25.0107   12.80066 4.4655e-02     75.780 0.0000e+00
        621  78.604086    0.04306     2.5833    155.000  1025.3627  50896.504    31.7121     75.278    7.13927     5.5280     5.5338    25.0107   12.80066 4.4362e-02     76.002 0.0000e+00
        622  78.604089    0.04312     2.5875    155.250  1025.3638  50896.692    31.7122     75.496    7.13927     5.5280     5.5338    25.0107   12.80065 4.4091e-02     76.223 0.0000e+00
        623  78.604091    0.04319     2.5917    155.500  1025.3648  50896.846    31.7122     75.714    7.13926     5.5280     5.5339    25.0107   12.80064 4.3832e-02     76.442 0.0000e+00
        624  78.604094    0.04326     2.5958    155.750  1025.3658  50896.967    31.7121     75.930    7.13926     5.5279     5.5339    25.0107   12.80064 4.3582e-02     76.661 0.0000e+00
        625  78.604097    0.04333     2.6000    156.000  1025.3668  50897.087    31.7121     76.145    7.13927     5.5279     5.5338    25.0107   12.80065 4.3337e-02     76.878 0.0000e+00
        626  78.604100    0.04340     2.6042    156.250  1025.3678  50897.260    31.7122     76.359    7.13927     5.5278     5.5338    25.0107   12.80066 4.3097e-02     77.094 0.0000e+00
        627  78.604103    0.04347     2.6083    156.500  1025.3689  50897.476    31.7122     76.576    7.13928     5.5277     5.5337    25.0108   12.80068 4.2866e-02     77.312 0.0000e+00
        628  78.604106    0.04354     2.6125    156.750  1025.3699  50897.679    31.7122     76.796    7.13929     5.5275     5.5336    25.0108   12.80070 4.2647e-02     77.535 0.0000e+00
        629  78.604109    0.04361     2.6167    157.000  1025.3710  50897.832    31.7122     77.021    7.13931     5.5274     5.5335    25.0108   12.80072 4.2436e-02     77.762 0.0000e+00
        630  78.604112    0.04368     2.6208    157.250  1025.3720  50897.969    31.7121     77.250    7.13933     5.5273     5.5334    25.0108   12.80075 4.2223e-02     77.994 0.0000e+00
        631  78.604115    0.04375     2.6250    157.500  1025.3731  50898.156    31.7121     77.481    7.13935     5.5272     5.5334    25.0108   12.80078 4.2004e-02     78.227 0.0000e+00
        632  78.604117    0.04382     2.6292    157.750  1025.3742  50898.391    31.7122     77.710    7.13936     5.5272     5.5333    25.0108   12.80080 4.1778e-02     78.458 0.0000e+00
        633  78.604120    0.04389     2.6333    158.000  1025.3753  50898.637    31.7122     77.937    7.13937     5.5271     5.5332    25.0109   12.80081 4.1555e-02     78.688 0.0000e+00
        634  78.604123    0.04396     2.6375    158.250  1025.3764  50898.833    31.7122     78.164    7.13938     5.5270     5.5332    25.0109   12.80083 4.1344e-02     78.917 0.0000e+00
        635  78.604126    0.04403     2.6417    158.500  1025.3774  50898.949    31.7122     78.393    7.13939     5.5269     5.5331    25.0109   12.80086 4.1140e-02     79.148 0.0000e+00
        636  78.604129    0.04410     2.6458    158.750  1025.3785  50899.021    31.7121     78.626    7.13941     5.5268     5.5330    25.0108   12.80088 4.0943e-02     79.384 0.0000e+00
        637  78.604132    0.04417     2.6500    159.000  1025.3795  50899.098    31.7120     78.865    7.13942     5.5267     5.5330    25.0108   12.80091 4.0767e-02     79.625 0.0000e+00
        638  78.604135    0.04424     2.6542    159.250  1025.3806  50899.250    31.7120     79.109    7.13943     5.5266     5.5329    25.0108   12.80093 4.0610e-02     79.871 0.0000e+00
        639  78.604138    0.04431     2.6583    159.500  1025.3818  50899.486    31.7120     79.355    7.13944     5.5266     5.5328    25.0108   12.80095 4.0459e-02     80.120 0.0000e+00
        640  78.604141    0.04437     2.6625    159.750  1025.3831  50899.780    31.7121     79.602    7.13945     5.5265     5.5328    25.0108   12.80096 4.0301e-02     80.368 0.0000e+00
        641  78.604144    0.04444     2.6667    160.000  1025.3843  50900.083    31.7121     79.846    7.13946     5.5265     5.5327    25.0109   12.80097 4.0129e-02     80.615 0.0000e+00
        642  78.604146    0.04451     2.6708    160.250  1025.3854  50900.312    31.7122     80.087    7.13946     5.5265     5.5327    25.0109   12.80097 3.9954e-02     80.859 0.0000e+00
        643  78.604149    0.04458     2.6750    160.500  1025.3865  50900.469    31.7121     80.327    7.13946     5.5264     5.5327    25.0109   12.80097 3.9800e-02     81.101 0.0000e+00
        644  78.604152    0.04465     2.6792    160.750  1025.3877  50900.625    31.7121     80.568    7.13946     5.5264     5.5327    25.0109   12.80097 3.9661e-02     81.344 0.0000e+00
        645  78.604155    0.04472     2.6833    161.000  1025.3888  50900.854    31.7122     80.811    7.13947     5.5263     5.5326    25.0110   12.80097 3.9531e-02     81.590 0.0000e+00
        646  78.604158    0.04479     2.6875    161.250  1025.3901  50901.169    31.7123     81.057    7.13947     5.5262     5.5326    25.0110   12.80098 3.9417e-02     81.838 0.0000e+00
        647  78.604161    0.04486     2.6917    161.500  1025.3913  50901.527    31.7124     81.303    7.13947     5.5262     5.5326    25.0111   12.80099 3.9301e-02     82.087 0.0000e+00
        648  78.604164    0.04493     2.6958    161.750  1025.3925  50901.886    31.7125     81.545    7.13948     5.5261     5.5325    25.0112   12.80099 3.9173e-02     82.330 0.0000e+00
        649  78.604167    0.04500     2.7000    162.000  1025.3937  50902.206    31.7126     81.781    7.13948     5.5261     5.5325    25.0113   12.80100 3.9053e-02     82.569 0.0000e+00
        650  78.604170    0.04507     2.7042    162.250  1025.3949  50902.453    31.7127     82.013    7.13949     5.5261     5.5324    25.0114   12.80101 3.8947e-02     82.804 0.0000e+00
        651  78.604172    0.04514     2.7083    162.500  1025.3959  50902.590    31.7127     82.242    7.13949     5.5261     5.5324    25.0114   12.80101 3.8842e-02     83.035 0.0000e+00
        652  78.604175    0.04521     2.7125    162.750  1025.3970  50902.675    31.7126     82.470    7.13949     5.5261     5.5324    25.0113   12.80101 3.8739e-02     83.265 0.0000e+00
        653  78.604178    0.04528     2.7167    163.000  1025.3980  50902.818    31.7126     82.700    7.13948     5.5261     5.5324    25.0113   12.80101 3.8650e-02     83.498 0.0000e+00
        654  78.604181    0.04535     2.7208    163.250  1025.3991  50903.037    31.7126     82.933    7.13947     5.5261     5.5325    25.0113   12.80099 3.8563e-02     83.733 0.0000e+00
        655  78.604184    0.04542     2.7250    163.500  1025.4003  50903.267    31.7127     83.168    7.13946     5.5261     5.5325    25.0114   12.80097 3.8470e-02     83.970 0.0000e+00
        656  78.604187    0.04549     2.7292    163.750  1025.4014  50903.504    31.7127     83.405    7.13946     5.5262     5.5326    25.0114   12.80096 3.8385e-02     84.209 0.0000e+00
        657  78.604190    0.04556     2.7333    164.000  1025.4026  50903.738    31.7128     83.641    7.13945     5.5262     5.5326    25.0115   12.80095 3.8307e-02     84.448 0.0000e+00
        658  78.604193    0.04562     2.7375    164.250  1025.4037  50903.913    31.7128     83.875    7.13944     5.5262     5.5326    25.0115   12.80094 3.8225e-02     84.685 0.0000e+00
        659  78.604196    0.04569     2.7417    164.500  1025.4047  50903.985    31.7127     84.109    7.13944     5.5262     5.5326    25.0114   12.80094 3.8146e-02     84.920 0.0000e+00
        660  78.604198    0.04576     2.7458    164.750  1025.4057  50903.939    31.7126     84.343    7.13945     5.5262     5.5327    25.0113   12.80094 3.8071e-02     85.157 0.0000e+00
        661  78.604201    0.04583     2.7500    165.000  1025.4067  50903.891    31.7125     84.580    7.13945     5.5262     5.5327    25.0112   12.80094 3.7998e-02     85.396 0.0000e+00
        662  78.604204    0.04590     2.7542    165.250  1025.4078  50903.937    31.7124     84.821    7.13944     5.5262     5.5327    25.0111   12.80094 3.7938e-02     85.639 0.0000e+00
        663  78.604207    0.04597     2.7583    165.500  1025.4089  50904.057    31.7124     85.065    7.13944     5.5262     5.5328    25.0111   12.80093 3.7890e-02     85.885 0.0000e+00
        664  78.604210    0.04604     2.7625    165.750  1025.4100  50904.260    31.7124     85.308    7.13943     5.5262     5.5328    25.0111   12.80092 3.7834e-02     86.131 0.0000e+00
        665  78.604213    0.04611     2.7667    166.000  1025.4112  50904.558    31.7125     85.546    7.13942     5.5261     5.5328    25.0112   12.80091 3.7772e-02     86.371 0.0000e+00
        666  78.604216    0.04618     2.7708    166.250  1025.4124  50904.857    31.7126     85.778    7.13942     5.5260     5.5328    25.0113   12.80090 3.7709e-02     86.606 0.0000e+00
        667  78.604219    0.04625     2.7750    166.500  1025.4135  50905.081    31.7126     86.004    7.13943     5.5259     5.5328    25.0113   12.80091 3.7637e-02     86.834 0.0000e+00
        668  78.604222    0.04632     2.7792    166.750  1025.4145  50905.252    31.7126     86.226    7.13944     5.5259     5.5327    25.0113   12.80093 3.7565e-02     87.058 0.0000e+00
        669  78.604225    0.04639     2.7833    167.000  1025.4156  50905.405    31.7126     86.450    7.13945     5.5258     5.5327    25.0113   12.80095 3.7508e-02     87.284 0.0000e+00
        670  78.604227    0.04646     2.7875    167.250  1025.4166  50905.559    31.7126     86.678    7.13946     5.5258     5.5326    25.0113   12.80097 3.7464e-02     87.515 0.0000e+00
        671  78.604230    0.04653     2.7917    167.500  1025.4177  50905.690    31.7125     86.912    7.13947     5.5258     5.5325    25.0113   12.80099 3.7432e-02     87.750 0.0000e+00
        672  78.604233    0.04660     2.7958    167.750  1025.4188  50905.803    31.7125     87.150    7.13948     5.5258     5.5325    25.0113   12.80099 3.7409e-02     87.991 0.0000e+00
        673  78.604236    0.04667     2.8000    168.000  1025.4199  50905.944    31.7125     87.392    7.13947     5.5259     5.5326    25.0113   12.80099 3.7374e-02     88.236 0.0000e+00
        674  78.604239    0.04674     2.8042    168.250  1025.4210  50906.026    31.7124     87.634    7.13947     5.5259     5.5326    25.0112   12.80098 3.7323e-02     88.480 0.0000e+00
        675  78.604242    0.04681     2.8083    168.500  1025.4220  50905.989    31.7123     87.873    7.13946     5.5260     5.5327    25.0111   12.80097 3.7273e-02     88.721 0.0000e+00
        676  78.604245    0.04688     2.8125    168.750  1025.4230  50906.024    31.7122     88.109    7.13945     5.5260     5.5327    25.0110   12.80096 3.7225e-02     88.960 0.0000e+00
        677  78.604248    0.04694     2.8167    169.000  1025.4241  50906.211    31.7122     88.342    7.13944     5.5260     5.5328    25.0110   12.80094 3.7170e-02     89.195 0.0000e+00
        678  78.604251    0.04701     2.8208    169.250  1025.4252  50906.429    31.7123     88.574    7.13943     5.5260     5.5328    25.0111   12.80092 3.7119e-02     89.429 0.0000e+00
        679  78.604253    0.04708     2.8250    169.500  1025.4263  50906.583    31.7123     88.809    7.13943     5.5260     5.5328    25.0111   12.80091 3.7073e-02     89.666 0.0000e+00
        680  78.604256    0.04715     2.8292    169.750  1025.4274  50906.698    31.7122     89.048    7.13942     5.5260     5.5329    25.0110   12.80090 3.7022e-02     89.908 0.0000e+00
