CTD-processing/allCTD/CNV--homogene/2019_02-07_t4_s10_cast045.cnv
* Sea-Bird SBE19plus Data File:
* FileName = C:\Users\Kim.Powell\Desktop\Not Processed\2019\2019_02-08\2019_02-08_TRANSECT_STATION_cast045.hex
* Software Version 1.59
* Temperature SN =  4141
* Conductivity SN =  4141
* System UpLoad Time = Mar 19 2019 08:06:19
** 2018_02-07
** Station: 4-10
** Start Time: 10:36
** Depth (m): 15.7
** Comment: 1 otter
** Comment:
# nquan = 17
# nvalues = 414                         
# units = specified
# name 0 = scan: Scan Count
# name 1 = timeJ: Julian Days
# name 2 = timeH: Time, Elapsed [hours]
# name 3 = timeM: Time, Elapsed [minutes]
# name 4 = timeS: Time, Elapsed [seconds]
# name 5 = density00: Density [density, kg/m^3]
# name 6 = specc: Specific Conductance [uS/cm]
# name 7 = sal00: Salinity, Practical [PSU]
# name 8 = depSM: Depth [salt water, m], lat = 59.00
# name 9 = oxsolML/L: Oxygen Saturation, Garcia & Gordon [ml/l]
# name 10 = potemp090C: Potential Temperature [ITS-90, deg C]
# name 11 = tv290C: Temperature [ITS-90, deg C]
# name 12 = sigma-é00: Density [sigma-theta, kg/m^3]
# name 13 = n2satML/L: Nitrogen Saturation [ml/l]
# name 14 = par: PAR/Irradiance, Biospherical/Licor
# name 15 = prdM: Pressure, Strain Gauge [db]
# name 16 = flag:  0.000e+00
# span 0 =          1,        414       
# span 1 =  38.440764,  38.441959       
# span 2 =    0.00000,    0.02868       
# span 3 =     0.0000,     1.7208       
# span 4 =      0.000,    103.250       
# span 5 =  1024.3139,  1024.6986       
# span 6 =  49788.020,  50414.978       
# span 7 =    30.5976,    31.0585       
# span 8 =      1.018,     15.093       
# span 9 =    7.39912,    7.52153       
# span 10 =     3.6122,     4.2388      
# span 11 =     3.6123,     4.2398      
# span 12 =    24.3087,    24.6455      
# span 13 =   13.23883,   13.44301      
# span 14 = 4.2696e+00, 1.0764e+02      
# span 15 =      1.028,     15.236      
# span 16 = 0.0000e+00, 0.0000e+00      
# interval = seconds: 0.25
# start_time = Feb 07 2019 10:34:42 [Instrument's time stamp, header]
# bad_flag = -9.990e-29
*END*
[from data line 341]
        342  38.441751    0.02368     1.4208     85.250  1024.5449  50224.616    30.8651      2.801    7.51671     3.6390     3.6358    24.5317   13.43492 4.8169e+01      2.827 0.0000e+00
        343  38.441753    0.02375     1.4250     85.500  1024.5455  50223.839    30.8650      2.976    7.51639     3.6405     3.6377    24.5314   13.43438 4.5351e+01      3.003 0.0000e+00
        344  38.441756    0.02382     1.4292     85.750  1024.5467  50224.361    30.8656      3.150    7.51608     3.6425     3.6392    24.5317   13.43386 4.2831e+01      3.180 0.0000e+00
        345  38.441759    0.02389     1.4333     86.000  1024.5488  50226.589    30.8674      3.330    7.51570     3.6454     3.6407    24.5330   13.43321 4.0657e+01      3.361 0.0000e+00
        346  38.441762    0.02396     1.4375     86.250  1024.5520  50230.688    30.8705      3.518    7.51517     3.6492     3.6427    24.5354   13.43229 3.8716e+01      3.551 0.0000e+00
        347  38.441765    0.02403     1.4417     86.500  1024.5555  50234.994    30.8740      3.711    7.51446     3.6538     3.6456    24.5379   13.43108 3.6885e+01      3.746 0.0000e+00
        348  38.441768    0.02410     1.4458     86.750  1024.5583  50237.860    30.8768      3.906    7.51361     3.6585     3.6494    24.5398   13.42964 3.5150e+01      3.943 0.0000e+00
        349  38.441771    0.02417     1.4500     87.000  1024.5596  50237.897    30.8778      4.099    7.51272     3.6625     3.6540    24.5402   13.42815 3.3536e+01      4.138 0.0000e+00
        350  38.441774    0.02424     1.4542     87.250  1024.5590  50234.330    30.8765      4.285    7.51192     3.6652     3.6587    24.5387   13.42685 3.2053e+01      4.325 0.0000e+00
        351  38.441777    0.02431     1.4583     87.500  1024.5572  50228.920    30.8737      4.461    7.51132     3.6669     3.6627    24.5361   13.42589 3.0706e+01      4.503 0.0000e+00
        352  38.441780    0.02438     1.4625     87.750  1024.5562  50225.109    30.8717      4.629    7.51091     3.6684     3.6655    24.5342   13.42524 2.9474e+01      4.672 0.0000e+00
        353  38.441782    0.02444     1.4667     88.000  1024.5570  50225.006    30.8719      4.793    7.51058     3.6703     3.6672    24.5343   13.42469 2.8320e+01      4.838 0.0000e+00
        354  38.441785    0.02451     1.4708     88.250  1024.5593  50227.634    30.8740      4.958    7.51020     3.6731     3.6687    24.5358   13.42405 2.7204e+01      5.005 0.0000e+00
        355  38.441788    0.02458     1.4750     88.500  1024.5623  50231.500    30.8770      5.131    7.50969     3.6769     3.6706    24.5380   13.42316 2.6116e+01      5.180 0.0000e+00
        356  38.441791    0.02465     1.4792     88.750  1024.5658  50235.932    30.8806      5.315    7.50899     3.6815     3.6734    24.5406   13.42196 2.5077e+01      5.365 0.0000e+00
        357  38.441794    0.02472     1.4833     89.000  1024.5691  50239.800    30.8840      5.505    7.50812     3.6869     3.6772    24.5430   13.42047 2.4111e+01      5.557 0.0000e+00
        358  38.441797    0.02479     1.4875     89.250  1024.5718  50242.356    30.8868      5.697    7.50711     3.6926     3.6819    24.5448   13.41877 2.3228e+01      5.751 0.0000e+00
        359  38.441800    0.02486     1.4917     89.500  1024.5737  50243.497    30.8887      5.884    7.50602     3.6985     3.6873    24.5459   13.41695 2.2418e+01      5.939 0.0000e+00
        360  38.441803    0.02493     1.4958     89.750  1024.5755  50244.285    30.8906      6.060    7.50488     3.7049     3.6930    24.5468   13.41505 2.1662e+01      6.117 0.0000e+00
        361  38.441806    0.02500     1.5000     90.000  1024.5782  50246.866    30.8937      6.224    7.50363     3.7123     3.6989    24.5487   13.41295 2.0938e+01      6.283 0.0000e+00
        362  38.441808    0.02507     1.5042     90.250  1024.5823  50251.997    30.8986      6.380    7.50220     3.7210     3.7053    24.5520   13.41052 2.0234e+01      6.441 0.0000e+00
        363  38.441811    0.02514     1.5083     90.500  1024.5865  50257.168    30.9038      6.534    7.50056     3.7302     3.7127    24.5555   13.40775 1.9544e+01      6.596 0.0000e+00
        364  38.441814    0.02521     1.5125     90.750  1024.5886  50258.096    30.9064      6.694    7.49883     3.7386     3.7214    24.5568   13.40485 1.8863e+01      6.758 0.0000e+00
        365  38.441817    0.02528     1.5167     91.000  1024.5881  50254.071    30.9058      6.867    7.49717     3.7457     3.7306    24.5555   13.40212 1.8194e+01      6.932 0.0000e+00
        366  38.441820    0.02535     1.5208     91.250  1024.5864  50247.875    30.9035      7.054    7.49572     3.7513     3.7391    24.5530   13.39976 1.7544e+01      7.121 0.0000e+00
        367  38.441823    0.02542     1.5250     91.500  1024.5846  50241.654    30.9009      7.250    7.49454     3.7556     3.7462    24.5502   13.39785 1.6923e+01      7.319 0.0000e+00
        368  38.441826    0.02549     1.5292     91.750  1024.5832  50236.502    30.8986      7.446    7.49362     3.7590     3.7518    24.5479   13.39636 1.6345e+01      7.517 0.0000e+00
        369  38.441829    0.02556     1.5333     92.000  1024.5826  50233.167    30.8973      7.631    7.49290     3.7620     3.7561    24.5465   13.39518 1.5829e+01      7.703 0.0000e+00
        370  38.441832    0.02562     1.5375     92.250  1024.5831  50232.105    30.8973      7.796    7.49227     3.7653     3.7595    24.5462   13.39415 1.5381e+01      7.869 0.0000e+00
        371  38.441834    0.02569     1.5417     92.500  1024.5848  50233.635    30.8990      7.940    7.49164     3.7695     3.7625    24.5473   13.39307 1.4983e+01      8.015 0.0000e+00
        372  38.441837    0.02576     1.5458     92.750  1024.5883  50238.433    30.9029      8.071    7.49084     3.7756     3.7658    24.5501   13.39171 1.4602e+01      8.148 0.0000e+00
        373  38.441840    0.02583     1.5500     93.000  1024.5943  50247.618    30.9101      8.203    7.48971     3.7848     3.7700    24.5554   13.38975 1.4206e+01      8.280 0.0000e+00
        374  38.441843    0.02590     1.5542     93.250  1024.6034  50262.328    30.9215      8.349    7.48802     3.7982     3.7761    24.5639   13.38680 1.3774e+01      8.428 0.0000e+00
        375  38.441846    0.02597     1.5583     93.500  1024.6150  50280.748    30.9361      8.519    7.48558     3.8157     3.7853    24.5747   13.38259 1.3302e+01      8.599 0.0000e+00
        376  38.441849    0.02604     1.5625     93.750  1024.6259  50296.952    30.9502      8.713    7.48240     3.8359     3.7988    24.5846   13.37715 1.2801e+01      8.795 0.0000e+00
        377  38.441852    0.02611     1.5667     94.000  1024.6339  50306.975    30.9611      8.926    7.47864     3.8575     3.8163    24.5917   13.37079 1.2296e+01      9.010 0.0000e+00
        378  38.441855    0.02618     1.5708     94.250  1024.6397  50312.249    30.9693      9.147    7.47451     3.8794     3.8365    24.5964   13.36388 1.1817e+01      9.233 0.0000e+00
        379  38.441858    0.02625     1.5750     94.500  1024.6431  50313.038    30.9749      9.361    7.47028     3.9000     3.8581    24.5988   13.35681 1.1389e+01      9.449 0.0000e+00
        380  38.441861    0.02632     1.5792     94.750  1024.6425  50306.484    30.9755      9.558    7.46624     3.9180     3.8800    24.5973   13.35014 1.1028e+01      9.647 0.0000e+00
        381  38.441863    0.02639     1.5833     95.000  1024.6384  50293.958    30.9718      9.730    7.46266     3.9327     3.9006    24.5924   13.34427 1.0733e+01      9.821 0.0000e+00
        382  38.441866    0.02646     1.5875     95.250  1024.6337  50280.846    30.9670      9.880    7.45962     3.9450     3.9186    24.5870   13.33933 1.0484e+01      9.973 0.0000e+00
        383  38.441869    0.02653     1.5917     95.500  1024.6307  50271.685    30.9642     10.018    7.45708     3.9563     3.9333    24.5834   13.33516 1.0253e+01     10.113 0.0000e+00
        384  38.441872    0.02660     1.5958     95.750  1024.6314  50269.631    30.9656     10.159    7.45477     3.9688     3.9456    24.5833   13.33133 1.0008e+01     10.255 0.0000e+00
        385  38.441875    0.02667     1.6000     96.000  1024.6370  50276.873    30.9731     10.316    7.45232     3.9849     3.9569    24.5882   13.32720 9.7323e+00     10.414 0.0000e+00
        386  38.441878    0.02674     1.6042     96.250  1024.6487  50294.814    30.9881     10.493    7.44929     4.0069     3.9695    24.5990   13.32200 9.4282e+00     10.593 0.0000e+00
        387  38.441881    0.02681     1.6083     96.500  1024.6661  50322.912    31.0109     10.684    7.44522     4.0357     3.9856    24.6156   13.31498 9.1129e+00     10.786 0.0000e+00
        388  38.441884    0.02688     1.6125     96.750  1024.6851  50352.736    31.0362     10.879    7.43994     4.0687     4.0076    24.6337   13.30592 8.8075e+00     10.982 0.0000e+00
        389  38.441887    0.02694     1.6167     97.000  1024.6973  50368.993    31.0539     11.065    7.43383     4.1013     4.0364    24.6450   13.29560 8.5294e+00     11.169 0.0000e+00
        390  38.441889    0.02701     1.6208     97.250  1024.6986  50364.555    31.0585     11.234    7.42761     4.1297     4.0695    24.6455   13.28527 8.2906e+00     11.340 0.0000e+00
        391  38.441892    0.02708     1.6250     97.500  1024.6918  50345.489    31.0530     11.383    7.42198     4.1523     4.1021    24.6381   13.27605 8.0912e+00     11.491 0.0000e+00
        392  38.441895    0.02715     1.6292     97.750  1024.6816  50321.027    31.0429     11.516    7.41734     4.1693     4.1305    24.6273   13.26852 7.9151e+00     11.625 0.0000e+00
        393  38.441898    0.02722     1.6333     98.000  1024.6721  50298.629    31.0328     11.644    7.41376     4.1823     4.1531    24.6171   13.26274 7.7393e+00     11.754 0.0000e+00
        394  38.441901    0.02729     1.6375     98.250  1024.6666  50284.609    31.0271     11.785    7.41097     4.1932     4.1701    24.6110   13.25822 7.5454e+00     11.896 0.0000e+00
        395  38.441904    0.02736     1.6417     98.500  1024.6653  50278.909    31.0261     11.950    7.40868     4.2027     4.1830    24.6090   13.25444 7.3262e+00     12.063 0.0000e+00
        396  38.441907    0.02743     1.6458     98.750  1024.6648  50274.607    31.0256     12.142    7.40674     4.2106     4.1939    24.6075   13.25125 7.0874e+00     12.257 0.0000e+00
        397  38.441910    0.02750     1.6500     99.000  1024.6630  50268.097    31.0232     12.351    7.40514     4.2166     4.2034    24.6047   13.24863 6.8442e+00     12.468 0.0000e+00
        398  38.441913    0.02757     1.6542     99.250  1024.6609  50261.248    31.0203     12.561    7.40386     4.2211     4.2113    24.6016   13.24656 6.6128e+00     12.680 0.0000e+00
        399  38.441916    0.02764     1.6583     99.500  1024.6592  50255.708    31.0178     12.759    7.40289     4.2244     4.2174    24.5990   13.24499 6.4041e+00     12.880 0.0000e+00
        400  38.441918    0.02771     1.6625     99.750  1024.6582  50251.539    31.0159     12.943    7.40218     4.2269     4.2219    24.5971   13.24383 6.2171e+00     13.066 0.0000e+00
        401  38.441921    0.02778     1.6667    100.000  1024.6577  50248.673    31.0146     13.119    7.40164     4.2288     4.2252    24.5957   13.24297 6.0423e+00     13.243 0.0000e+00
        402  38.441924    0.02785     1.6708    100.250  1024.6577  50246.950    31.0139     13.294    7.40123     4.2304     4.2277    24.5949   13.24230 5.8689e+00     13.420 0.0000e+00
        403  38.441927    0.02792     1.6750    100.500  1024.6580  50245.767    31.0134     13.481    7.40091     4.2317     4.2296    24.5944   13.24177 5.6892e+00     13.608 0.0000e+00
        404  38.441930    0.02799     1.6792    100.750  1024.6587  50245.277    31.0134     13.682    7.40063     4.2330     4.2312    24.5942   13.24131 5.5010e+00     13.812 0.0000e+00
        405  38.441933    0.02806     1.6833    101.000  1024.6601  50245.835    31.0139     13.896    7.40036     4.2343     4.2325    24.5945   13.24087 5.3073e+00     14.028 0.0000e+00
        406  38.441936    0.02813     1.6875    101.250  1024.6616  50246.630    31.0146     14.114    7.40009     4.2356     4.2338    24.5950   13.24041 5.1153e+00     14.248 0.0000e+00
        407  38.441939    0.02819     1.6917    101.500  1024.6628  50246.930    31.0150     14.326    7.39982     4.2367     4.2352    24.5952   13.23997 4.9364e+00     14.462 0.0000e+00
        408  38.441942    0.02826     1.6958    101.750  1024.6635  50246.558    31.0150     14.521    7.39959     4.2376     4.2365    24.5950   13.23958 4.7800e+00     14.659 0.0000e+00
        409  38.441944    0.02833     1.7000    102.000  1024.6639  50245.660    31.0146     14.691    7.39941     4.2382     4.2377    24.5945   13.23929 4.6465e+00     14.830 0.0000e+00
        410  38.441947    0.02840     1.7042    102.250  1024.6640  50244.649    31.0140     14.833    7.39929     4.2385     4.2385    24.5940   13.23909 4.5300e+00     14.974 0.0000e+00
        411  38.441950    0.02847     1.7083    102.500  1024.6641  50243.742    31.0135     14.946    7.39920     4.2387     4.2391    24.5935   13.23896 4.4258e+00     15.088 0.0000e+00
        412  38.441953    0.02854     1.7125    102.750  1024.6641  50243.083    31.0131     15.028    7.39915     4.2388     4.2395    24.5932   13.23888 4.3399e+00     15.170 0.0000e+00
        413  38.441956    0.02861     1.7167    103.000  1024.6642  50242.753    31.0129     15.077    7.39913 -9.990e-29     4.2397    24.5930   13.23884 4.2864e+00     15.220 0.0000e+00
        414  38.441959    0.02868     1.7208    103.250  1024.6642  50242.669    31.0128     15.093    7.39912 -9.990e-29     4.2398    24.5929   13.23883 4.2696e+00     15.236 0.0000e+00
