CTD-processing/allCTD/CNV--homogene/2019_02-07_t9_s05_cast069.cnv
* Sea-Bird SBE19plus Data File:
* FileName = C:\Users\Kim.Powell\Desktop\Not Processed\2019\2019_02-08\2019_02-08_TRANSECT_STATION_cast069.hex
* Software Version 1.59
* Temperature SN =  4141
* Conductivity SN =  4141
* System UpLoad Time = Mar 19 2019 08:31:00
** 2018_02-07
** Station: 9-05
** Start Time: 15:52
** Depth (m): 100
** Comment:
** Comment:
# nquan = 17
# nvalues = 713                         
# units = specified
# name 0 = scan: Scan Count
# name 1 = timeJ: Julian Days
# name 2 = timeH: Time, Elapsed [hours]
# name 3 = timeM: Time, Elapsed [minutes]
# name 4 = timeS: Time, Elapsed [seconds]
# name 5 = density00: Density [density, kg/m^3]
# name 6 = specc: Specific Conductance [uS/cm]
# name 7 = sal00: Salinity, Practical [PSU]
# name 8 = depSM: Depth [salt water, m], lat = 59.00
# name 9 = oxsolML/L: Oxygen Saturation, Garcia & Gordon [ml/l]
# name 10 = potemp090C: Potential Temperature [ITS-90, deg C]
# name 11 = tv290C: Temperature [ITS-90, deg C]
# name 12 = sigma-é00: Density [sigma-theta, kg/m^3]
# name 13 = n2satML/L: Nitrogen Saturation [ml/l]
# name 14 = par: PAR/Irradiance, Biospherical/Licor
# name 15 = prdM: Pressure, Strain Gauge [db]
# name 16 = flag:  0.000e+00
# span 0 =          1,        713       
# span 1 =  38.661458,  38.663519       
# span 2 =    0.00000,    0.04944       
# span 3 =     0.0000,     2.9667       
# span 4 =      0.000,    178.000       
# span 5 =  1024.5892,  1025.2837       
# span 6 =  50213.239,  50542.370       
# span 7 =    30.9791,    31.5533       
# span 8 =      0.910,     97.645       
# span 9 =    7.06687,    7.43621       
# span 10 =     4.0503,     6.0028      
# span 11 =     4.0438,     6.0107      
# span 12 =    24.5849,    24.8298      
# span 13 =   12.68307,   13.30052      
# span 14 = 3.6229e-02, 4.3750e+01      
# span 15 =      0.918,     98.590      
# span 16 = 0.0000e+00, 0.0000e+00      
# interval = seconds: 0.25
# start_time = Feb 07 2019 15:52:30 [Instrument's time stamp, header]
# bad_flag = -9.990e-29
*END*
[from data line 681]
        682  38.663429    0.04729     2.8375    170.250  1025.2590  50539.619    31.5532     92.023    7.06710     6.0018     6.0091    24.8298   12.68345 3.6242e-02     92.912 0.0000e+00
        683  38.663432    0.04736     2.8417    170.500  1025.2601  50539.853    31.5533     92.233    7.06708     6.0019     6.0092    24.8298   12.68343 3.6245e-02     93.124 0.0000e+00
        684  38.663435    0.04743     2.8458    170.750  1025.2610  50540.000    31.5533     92.437    7.06707     6.0020     6.0093    24.8298   12.68340 3.6240e-02     93.331 0.0000e+00
        685  38.663438    0.04750     2.8500    171.000  1025.2620  50540.103    31.5533     92.639    7.06705     6.0020     6.0094    24.8298   12.68338 3.6233e-02     93.535 0.0000e+00
        686  38.663440    0.04757     2.8542    171.250  1025.2629  50540.213    31.5533     92.844    7.06704     6.0021     6.0095    24.8298   12.68335 3.6231e-02     93.742 0.0000e+00
        687  38.663443    0.04764     2.8583    171.500  1025.2639  50540.371    31.5533     93.056    7.06702     6.0022     6.0096    24.8298   12.68333 3.6229e-02     93.955 0.0000e+00
        688  38.663446    0.04771     2.8625    171.750  1025.2649  50540.553    31.5533     93.276    7.06701     6.0023     6.0096    24.8298   12.68330 3.6230e-02     94.178 0.0000e+00
        689  38.663449    0.04778     2.8667    172.000  1025.2660  50540.618    31.5533     93.504    7.06699     6.0024     6.0097    24.8298   12.68328 3.6234e-02     94.408 0.0000e+00
        690  38.663452    0.04785     2.8708    172.250  1025.2669  50540.517    31.5531     93.736    7.06698     6.0024     6.0098    24.8297   12.68326 3.6241e-02     94.643 0.0000e+00
        691  38.663455    0.04792     2.8750    172.500  1025.2678  50540.306    31.5529     93.966    7.06697     6.0025     6.0100    24.8295   12.68325 3.6246e-02     94.875 0.0000e+00
        692  38.663458    0.04799     2.8792    172.750  1025.2686  50540.114    31.5527     94.191    7.06697     6.0025     6.0101    24.8293   12.68325 3.6246e-02     95.102 0.0000e+00
        693  38.663461    0.04806     2.8833    173.000  1025.2696  50540.121    31.5526     94.411    7.06696     6.0026     6.0102    24.8292   12.68323 3.6243e-02     95.324 0.0000e+00
        694  38.663464    0.04813     2.8875    173.250  1025.2707  50540.320    31.5526     94.629    7.06694     6.0026     6.0102    24.8292   12.68321 3.6244e-02     95.545 0.0000e+00
        695  38.663466    0.04819     2.8917    173.500  1025.2717  50540.540    31.5527     94.847    7.06693     6.0026     6.0103    24.8292   12.68319 3.6251e-02     95.764 0.0000e+00
        696  38.663469    0.04826     2.8958    173.750  1025.2728  50540.799    31.5528     95.064    7.06692     6.0026     6.0103    24.8293   12.68317 3.6266e-02     95.984 0.0000e+00
        697  38.663472    0.04833     2.9000    174.000  1025.2739  50541.177    31.5530     95.280    7.06691     6.0026     6.0104    24.8295   12.68314 3.6274e-02     96.202 0.0000e+00
        698  38.663475    0.04840     2.9042    174.250  1025.2751  50541.560    31.5531     95.493    7.06690     6.0027     6.0104    24.8296   12.68312 3.6266e-02     96.417 0.0000e+00
        699  38.663478    0.04847     2.9083    174.500  1025.2761  50541.837    31.5532     95.700    7.06689     6.0027     6.0104    24.8296   12.68310 3.6255e-02     96.626 0.0000e+00
        700  38.663481    0.04854     2.9125    174.750  1025.2771  50542.037    31.5533     95.901    7.06688     6.0027     6.0104    24.8297   12.68309 3.6246e-02     96.829 0.0000e+00
        701  38.663484    0.04861     2.9167    175.000  1025.2780  50542.184    31.5533     96.097    7.06688     6.0027     6.0104    24.8297   12.68309 3.6239e-02     97.027 0.0000e+00
        702  38.663487    0.04868     2.9208    175.250  1025.2788  50542.241    31.5532     96.290    7.06688     6.0027     6.0104    24.8297   12.68309 3.6236e-02     97.222 0.0000e+00
        703  38.663490    0.04875     2.9250    175.500  1025.2797  50542.261    31.5532     96.483    7.06688     6.0027     6.0104    24.8296   12.68309 3.6240e-02     97.416 0.0000e+00
        704  38.663492    0.04882     2.9292    175.750  1025.2805  50542.332    31.5531     96.677    7.06688     6.0027     6.0105    24.8296   12.68309 3.6259e-02     97.612 0.0000e+00
        705  38.663495    0.04889     2.9333    176.000  1025.2814  50542.370    31.5531     96.867    7.06688     6.0028     6.0105    24.8295   12.68308 3.6294e-02     97.804 0.0000e+00
        706  38.663498    0.04896     2.9375    176.250  1025.2821  50542.287    31.5530     97.046    7.06687     6.0028     6.0106    24.8294   12.68308 3.6346e-02     97.985 0.0000e+00
        707  38.663501    0.04903     2.9417    176.500  1025.2827  50542.214    31.5528     97.207    7.06687     6.0028     6.0106    24.8293   12.68308 3.6425e-02     98.148 0.0000e+00
        708  38.663504    0.04910     2.9458    176.750  1025.2833  50542.156    31.5527     97.347    7.06687     6.0028     6.0106    24.8293   12.68307 3.6560e-02     98.289 0.0000e+00
        709  38.663507    0.04917     2.9500    177.000  1025.2836  50541.897    31.5525     97.463    7.06687     6.0028     6.0107    24.8291   12.68309 3.6643e-02     98.407 0.0000e+00
        710  38.663510    0.04924     2.9542    177.250  1025.2837  50541.388    31.5521     97.549    7.06689     6.0028     6.0107    24.8287   12.68312 3.6554e-02     98.494 0.0000e+00
        711  38.663513    0.04931     2.9583    177.500  1025.2835  50540.554    31.5515     97.605    7.06691     6.0028     6.0107    24.8283   12.68317 3.6419e-02     98.550 0.0000e+00
        712  38.663516    0.04938     2.9625    177.750  1025.2829  50539.103    31.5504     97.635    7.06696 -9.990e-29     6.0107    24.8275   12.68326 3.6350e-02     98.580 0.0000e+00
        713  38.663519    0.04944     2.9667    178.000  1025.2824  50538.180    31.5498     97.645    7.06699 -9.990e-29     6.0107    24.8270   12.68332 3.6329e-02     98.590 0.0000e+00
