CTD-processing/allCTD/CNV--homogene/2019_02-08_t3_s15_cast088.cnv
* Sea-Bird SBE19plus Data File:
* FileName = C:\Users\Kim.Powell\Desktop\Not Processed\2019\2019_02-08\2019_02-08_TRANSECT_STATION_cast088.hex
* Software Version 1.59
* Temperature SN =  4141
* Conductivity SN =  4141
* System UpLoad Time = Mar 19 2019 08:50:21
** 2018_02-08
** Station: 3-15
** Start Time: 15:40
** Depth (m): 24
** Comment:
** Comment:
# nquan = 17
# nvalues = 456                         
# units = specified
# name 0 = scan: Scan Count
# name 1 = timeJ: Julian Days
# name 2 = timeH: Time, Elapsed [hours]
# name 3 = timeM: Time, Elapsed [minutes]
# name 4 = timeS: Time, Elapsed [seconds]
# name 5 = density00: Density [density, kg/m^3]
# name 6 = specc: Specific Conductance [uS/cm]
# name 7 = sal00: Salinity, Practical [PSU]
# name 8 = depSM: Depth [salt water, m], lat = 59.00
# name 9 = oxsolML/L: Oxygen Saturation, Garcia & Gordon [ml/l]
# name 10 = potemp090C: Potential Temperature [ITS-90, deg C]
# name 11 = tv290C: Temperature [ITS-90, deg C]
# name 12 = sigma-é00: Density [sigma-theta, kg/m^3]
# name 13 = n2satML/L: Nitrogen Saturation [ml/l]
# name 14 = par: PAR/Irradiance, Biospherical/Licor
# name 15 = prdM: Pressure, Strain Gauge [db]
# name 16 = flag:  0.000e+00
# span 0 =          1,        456       
# span 1 =  39.653090,  39.654407       
# span 2 =    0.00000,    0.03160       
# span 3 =     0.0000,     1.8958       
# span 4 =      0.000,    113.750       
# span 5 =  1024.6251,  1024.8384       
# span 6 =  50143.236,  50421.885       
# span 7 =    31.1967,    31.3771       
# span 8 =      0.857,     23.506       
# span 9 =    7.17614,    7.21180       
# span 10 =     5.2451,     5.4193      
# span 11 =     5.2300,     5.4204      
# span 12 =    24.6205,    24.7691      
# span 13 =   12.86627,   12.92671      
# span 14 = 1.3521e+00, 9.1435e+01      
# span 15 =      0.864,     23.729      
# span 16 = 0.0000e+00, 0.0000e+00      
# interval = seconds: 0.25
# start_time = Feb 08 2019 15:40:27 [Instrument's time stamp, header]
# bad_flag = -9.990e-29
*END*
          1  39.653090    0.00000     0.0000      0.000  1024.7110  50315.244    31.2854      0.957    7.21153     5.2451     5.2300    24.7066   12.92549 8.7745e+01      0.966 0.0000e+00
          2  39.653093    0.00007     0.0042      0.250  1024.6860  50268.557    31.2550      0.949    7.21160     5.2513     5.2381    24.6816   12.92599 8.8682e+01      0.958 0.0000e+00
          3  39.653096    0.00014     0.0083      0.500  1024.6619  50223.608    31.2255      0.943    7.21180     5.2588     5.2452    24.6576   12.92671 8.8812e+01      0.952 0.0000e+00
          4  39.653099    0.00021     0.0125      0.750  1024.6489  50199.068    31.2099      0.939    7.21150     5.2683     5.2513    24.6445   12.92641 8.7981e+01      0.948 0.0000e+00
          5  39.653102    0.00028     0.0167      1.000  1024.6487  50197.925    31.2107      0.939    7.21017     5.2789     5.2588    24.6443   12.92420 8.6858e+01      0.948 0.0000e+00
          6  39.653105    0.00035     0.0208      1.250  1024.6538  50206.411    31.2186      0.939    7.20815     5.2896     5.2684    24.6494   12.92077 8.6254e+01      0.948 0.0000e+00
          7  39.653108    0.00042     0.0250      1.500  1024.6586  50214.124    31.2261      0.938    7.20597     5.3000     5.2790    24.6542   12.91707 8.6383e+01      0.947 0.0000e+00
          8  39.653111    0.00049     0.0292      1.750  1024.6629  50221.090    31.2331      0.935    7.20379     5.3102     5.2897    24.6585   12.91339 8.6878e+01      0.944 0.0000e+00
          9  39.653113    0.00056     0.0333      2.000  1024.6680  50229.426    31.2409      0.932    7.20163     5.3202     5.3001    24.6636   12.90971 8.6963e+01      0.941 0.0000e+00
         10  39.653116    0.00063     0.0375      2.250  1024.6738  50239.182    31.2497      0.930    7.19947     5.3302     5.3102    24.6694   12.90603 8.6475e+01      0.939 0.0000e+00
         11  39.653119    0.00069     0.0417      2.500  1024.6790  50247.698    31.2576      0.930    7.19737     5.3399     5.3202    24.6746   12.90246 8.6245e+01      0.939 0.0000e+00
         12  39.653122    0.00076     0.0458      2.750  1024.6815  50251.316    31.2621      0.933    7.19544     5.3487     5.3303    24.6771   12.89920 8.6484e+01      0.942 0.0000e+00
         13  39.653125    0.00083     0.0500      3.000  1024.6807  50248.875    31.2625      0.937    7.19375     5.3561     5.3400    24.6763   12.89641 8.6820e+01      0.946 0.0000e+00
         14  39.653128    0.00090     0.0542      3.250  1024.6778  50242.705    31.2600      0.940    7.19236     5.3620     5.3488    24.6734   12.89415 8.7108e+01      0.949 0.0000e+00
         15  39.653131    0.00097     0.0583      3.500  1024.6745  50235.979    31.2569      0.943    7.19125     5.3666     5.3562    24.6701   12.89236 8.6784e+01      0.952 0.0000e+00
         16  39.653134    0.00104     0.0625      3.750  1024.6720  50230.652    31.2545      0.947    7.19037     5.3702     5.3620    24.6675   12.89092 8.5672e+01      0.956 0.0000e+00
         17  39.653137    0.00111     0.0667      4.000  1024.6706  50227.629    31.2533      0.950    7.18963     5.3731     5.3667    24.6661   12.88972 8.4844e+01      0.959 0.0000e+00
         18  39.653139    0.00118     0.0708      4.250  1024.6705  50227.247    31.2538      0.950    7.18898     5.3755     5.3703    24.6661   12.88864 8.5738e+01      0.959 0.0000e+00
         19  39.653142    0.00125     0.0750      4.500  1024.6714  50228.656    31.2554      0.946    7.18841     5.3774     5.3732    24.6670   12.88768 8.8580e+01      0.955 0.0000e+00
         20  39.653145    0.00132     0.0792      4.750  1024.6724  50230.408    31.2571      0.936    7.18793     5.3791     5.3755    24.6681   12.88686 9.1132e+01      0.945 0.0000e+00
         21  39.653148    0.00139     0.0833      5.000  1024.6735  50232.264    31.2587      0.926    7.18752     5.3807     5.3775    24.6692   12.88616 9.1435e+01      0.934 0.0000e+00
         22  39.653151    0.00146     0.0875      5.250  1024.6749  50234.767    31.2608      0.919    7.18712     5.3823     5.3792    24.6706   12.88548 9.0272e+01      0.927 0.0000e+00
         23  39.653154    0.00153     0.0917      5.500  1024.6766  50237.572    31.2631      0.921    7.18674     5.3837     5.3808    24.6722   12.88482 8.9473e+01      0.930 0.0000e+00
         24  39.653157    0.00160     0.0958      5.750  1024.6777  50239.450    31.2647      0.934    7.18641     5.3850     5.3823    24.6733   12.88424 8.9745e+01      0.942 0.0000e+00
         25  39.653160    0.00167     0.1000      6.000  1024.6778  50239.286    31.2649      0.953    7.18615     5.3860     5.3838    24.6733   12.88381 9.0512e+01      0.961 0.0000e+00
         26  39.653163    0.00174     0.1042      6.250  1024.6767  50236.949    31.2635      0.970    7.18599     5.3868     5.3851    24.6721   12.88357 9.0981e+01      0.979 0.0000e+00
         27  39.653166    0.00181     0.1083      6.500  1024.6750  50233.741    31.2615      0.980    7.18591     5.3876     5.3861    24.6704   12.88347 9.0511e+01      0.989 0.0000e+00
         28  39.653168    0.00187     0.1125      6.750  1024.6742  50232.141    31.2606      0.978    7.18581     5.3883     5.3869    24.6696   12.88332 8.9169e+01      0.987 0.0000e+00
         29  39.653171    0.00194     0.1167      7.000  1024.6752  50234.067    31.2621      0.967    7.18562     5.3891     5.3877    24.6707   12.88298 8.7842e+01      0.976 0.0000e+00
         30  39.653174    0.00201     0.1208      7.250  1024.6774  50238.180    31.2650      0.954    7.18535     5.3899     5.3884    24.6730   12.88250 8.7075e+01      0.963 0.0000e+00
         31  39.653177    0.00208     0.1250      7.500  1024.6788  50240.708    31.2669      0.945    7.18513     5.3907     5.3891    24.6744   12.88211 8.6398e+01      0.953 0.0000e+00
         32  39.653180    0.00215     0.1292      7.750  1024.6780  50239.250    31.2661      0.942    7.18503     5.3912     5.3899    24.6736   12.88196 8.5648e+01      0.950 0.0000e+00
         33  39.653183    0.00222     0.1333      8.000  1024.6753  50234.044    31.2627      0.943    7.18507     5.3912     5.3907    24.6708   12.88206 8.5751e+01      0.952 0.0000e+00
         34  39.653186    0.00229     0.1375      8.250  1024.6716  50227.212    31.2581      0.944    7.18520     5.3910     5.3912    24.6671   12.88234 8.6854e+01      0.952 0.0000e+00
         35  39.653189    0.00236     0.1417      8.500  1024.6690  50222.570    31.2549      0.938    7.18534     5.3905     5.3913    24.6646   12.88261 8.7813e+01      0.947 0.0000e+00
         36  39.653192    0.00243     0.1458      8.750  1024.6692  50223.032    31.2552      0.926    7.18537     5.3899     5.3910    24.6649   12.88266 8.8664e+01      0.935 0.0000e+00
         37  39.653194    0.00250     0.1500      9.000  1024.6711  50226.620    31.2576      0.912    7.18533     5.3889     5.3906    24.6668   12.88256 8.9985e+01      0.920 0.0000e+00
         38  39.653197    0.00257     0.1542      9.250  1024.6718  50228.030    31.2584      0.902    7.18540     5.3872     5.3900    24.6675   12.88266 9.0677e+01      0.911 0.0000e+00
         39  39.653200    0.00264     0.1583      9.500  1024.6688  50222.643    31.2545      0.906    7.18576     5.3846     5.3889    24.6645   12.88332 8.9574e+01      0.915 0.0000e+00
         40  39.653203    0.00271     0.1625      9.750  1024.6602  50206.877    31.2433      0.924    7.18658     5.3804     5.3873    24.6559   12.88481 8.7381e+01      0.932 0.0000e+00
         41  39.653206    0.00278     0.1667     10.000  1024.6458  50180.421    31.2246      0.946    7.18792     5.3736     5.3847    24.6413   12.88727 8.5926e+01      0.955 0.0000e+00
         42  39.653209    0.00285     0.1708     10.250  1024.6311  50153.679    31.2053      0.960    7.18958     5.3644     5.3804    24.6266   12.89025 8.6098e+01      0.970 0.0000e+00
         43  39.653212    0.00292     0.1750     10.500  1024.6251  50143.236    31.1967      0.956    7.19115     5.3547     5.3736    24.6205   12.89295 8.7844e+01      0.965 0.0000e+00
         44  39.653215    0.00299     0.1792     10.750  1024.6315  50156.083    31.2037      0.932    7.19239     5.3471     5.3644    24.6270   12.89491 9.0412e+01      0.942 0.0000e+00
         45  39.653218    0.00306     0.1833     11.000  1024.6467  50185.300    31.2218      0.902    7.19318     5.3428     5.3547    24.6424   12.89599 9.1133e+01      0.911 0.0000e+00
         46  39.653220    0.00313     0.1875     11.250  1024.6625  50215.200    31.2408      0.883    7.19357     5.3405     5.3471    24.6583   12.89639 8.6051e+01      0.892 0.0000e+00
         47  39.653223    0.00319     0.1917     11.500  1024.6697  50228.703    31.2492      0.888    7.19390     5.3367     5.3428    24.6655   12.89683 7.6699e+01      0.897 0.0000e+00
         48  39.653226    0.00326     0.1958     11.750  1024.6652  50220.519    31.2431      0.913    7.19459     5.3280     5.3405    24.6609   12.89804 6.9206e+01      0.922 0.0000e+00
         49  39.653229    0.00333     0.2000     12.000  1024.6571  50205.878    31.2322      0.940    7.19577     5.3144     5.3367    24.6527   12.90013 6.4858e+01      0.949 0.0000e+00
         50  39.653232    0.00340     0.2042     12.250  1024.6564  50205.332    31.2300      0.954    7.19736     5.3002     5.3280    24.6519   12.90279 6.3372e+01      0.963 0.0000e+00
         51  39.653235    0.00347     0.2083     12.500  1024.6659  50224.104    31.2402      0.947    7.19920     5.2899     5.3145    24.6614   12.90570 6.6102e+01      0.957 0.0000e+00
         52  39.653238    0.00354     0.2125     12.750  1024.6811  50253.546    31.2575      0.924    7.20081     5.2863     5.3003    24.6767   12.90814 7.1568e+01      0.933 0.0000e+00
         53  39.653241    0.00361     0.2167     13.000  1024.6963  50282.678    31.2754      0.897    7.20171     5.2890     5.2900    24.6920   12.90939 7.5634e+01      0.906 0.0000e+00
         54  39.653244    0.00368     0.2208     13.250  1024.7070  50302.909    31.2886      0.883    7.20170     5.2950     5.2863    24.7028   12.90922 7.5296e+01      0.892 0.0000e+00
         55  39.653247    0.00375     0.2250     13.500  1024.7090  50306.191    31.2914      0.892    7.20110     5.2997     5.2890    24.7048   12.90818 7.1710e+01      0.901 0.0000e+00
         56  39.653249    0.00382     0.2292     13.750  1024.7004  50289.531    31.2812      0.921    7.20056     5.2991     5.2950    24.6960   12.90742 6.7772e+01      0.929 0.0000e+00
         57  39.653252    0.00389     0.2333     14.000  1024.6877  50265.583    31.2657      0.951    7.20050     5.2925     5.2997    24.6832   12.90753 6.4629e+01      0.960 0.0000e+00
         58  39.653255    0.00396     0.2375     14.250  1024.6814  50254.034    31.2576      0.965    7.20099     5.2832     5.2991    24.6769   12.90844 6.4021e+01      0.974 0.0000e+00
         59  39.653258    0.00403     0.2417     14.500  1024.6851  50261.548    31.2614      0.954    7.20194     5.2760     5.2925    24.6807   12.90996 6.7466e+01      0.963 0.0000e+00
         60  39.653261    0.00410     0.2458     14.750  1024.6951  50281.001    31.2729      0.923    7.20299     5.2743     5.2832    24.6908   12.91154 7.3131e+01      0.931 0.0000e+00
         61  39.653264    0.00417     0.2500     15.000  1024.7061  50302.157    31.2860      0.886    7.20358     5.2782     5.2761    24.7019   12.91236 7.7548e+01      0.894 0.0000e+00
         62  39.653267    0.00424     0.2542     15.250  1024.7132  50315.602    31.2949      0.861    7.20345     5.2844     5.2744    24.7091   12.91202 7.8816e+01      0.869 0.0000e+00
         63  39.653270    0.00431     0.2583     15.500  1024.7116  50312.324    31.2934      0.857    7.20285     5.2885     5.2783    24.7076   12.91105 7.7490e+01      0.864 0.0000e+00
         64  39.653273    0.00438     0.2625     15.750  1024.7012  50292.448    31.2810      0.872    7.20237     5.2873     5.2845    24.6971   12.91042 7.5270e+01      0.880 0.0000e+00
         65  39.653275    0.00444     0.2667     16.000  1024.6903  50271.834    31.2677      0.896    7.20232     5.2813     5.2886    24.6861   12.91050 7.4019e+01      0.905 0.0000e+00
         66  39.653278    0.00451     0.2708     16.250  1024.6876  50266.813    31.2639      0.918    7.20271     5.2745     5.2874    24.6833   12.91119 7.4821e+01      0.927 0.0000e+00
         67  39.653281    0.00458     0.2750     16.500  1024.6945  50280.057    31.2718      0.930    7.20335     5.2713     5.2814    24.6902   12.91216 7.7348e+01      0.939 0.0000e+00
         68  39.653284    0.00465     0.2792     16.750  1024.7070  50303.598    31.2866      0.931    7.20382     5.2745     5.2746    24.7026   12.91273 7.9839e+01      0.940 0.0000e+00
         69  39.653287    0.00472     0.2833     17.000  1024.7197  50327.387    31.3023      0.926    7.20361     5.2840     5.2714    24.7154   12.91219 8.0858e+01      0.934 0.0000e+00
         70  39.653290    0.00479     0.2875     17.250  1024.7286  50343.486    31.3140      0.920    7.20250     5.2970     5.2746    24.7243   12.91019 8.0269e+01      0.929 0.0000e+00
         71  39.653293    0.00486     0.2917     17.500  1024.7307  50346.412    31.3180      0.919    7.20067     5.3101     5.2841    24.7264   12.90712 7.8959e+01      0.927 0.0000e+00
         72  39.653296    0.00493     0.2958     17.750  1024.7263  50336.998    31.3142      0.923    7.19863     5.3219     5.2971    24.7220   12.90381 7.8099e+01      0.931 0.0000e+00
         73  39.653299    0.00500     0.3000     18.000  1024.7188  50321.819    31.3065      0.930    7.19675     5.3323     5.3102    24.7144   12.90079 7.7433e+01      0.939 0.0000e+00
         74  39.653302    0.00507     0.3042     18.250  1024.7114  50307.067    31.2988      0.939    7.19509     5.3416     5.3220    24.7070   12.89816 7.6641e+01      0.947 0.0000e+00
         75  39.653304    0.00514     0.3083     18.500  1024.7061  50296.214    31.2935      0.945    7.19357     5.3501     5.3324    24.7016   12.89572 7.6031e+01      0.953 0.0000e+00
         76  39.653307    0.00521     0.3125     18.750  1024.7030  50289.596    31.2908      0.946    7.19211     5.3580     5.3417    24.6985   12.89334 7.5965e+01      0.955 0.0000e+00
         77  39.653310    0.00528     0.3167     19.000  1024.7009  50285.022    31.2894      0.943    7.19071     5.3648     5.3502    24.6965   12.89104 7.6968e+01      0.952 0.0000e+00
         78  39.653313    0.00535     0.3208     19.250  1024.6985  50279.985    31.2876      0.938    7.18946     5.3705     5.3581    24.6942   12.88900 7.8820e+01      0.946 0.0000e+00
         79  39.653316    0.00542     0.3250     19.500  1024.6947  50272.250    31.2837      0.933    7.18847     5.3749     5.3649    24.6903   12.88742 8.0611e+01      0.941 0.0000e+00
         80  39.653319    0.00549     0.3292     19.750  1024.6879  50259.272    31.2759      0.933    7.18788     5.3782     5.3706    24.6835   12.88654 8.1607e+01      0.941 0.0000e+00
         81  39.653322    0.00556     0.3333     20.000  1024.6770  50238.863    31.2628      0.937    7.18775     5.3805     5.3750    24.6726   12.88649 8.1803e+01      0.945 0.0000e+00
         82  39.653325    0.00562     0.3375     20.250  1024.6632  50213.126    31.2457      0.943    7.18800     5.3823     5.3783    24.6588   12.88713 8.1411e+01      0.952 0.0000e+00
         83  39.653328    0.00569     0.3417     20.500  1024.6512  50190.827    31.2309      0.949    7.18832     5.3839     5.3806    24.6468   12.88785 8.0273e+01      0.958 0.0000e+00
         84  39.653330    0.00576     0.3458     20.750  1024.6459  50180.875    31.2244      0.953    7.18832     5.3852     5.3824    24.6414   12.88793 7.8847e+01      0.962 0.0000e+00
         85  39.653333    0.00583     0.3500     21.000  1024.6485  50185.433    31.2279      0.953    7.18789     5.3864     5.3840    24.6440   12.88717 7.8294e+01      0.962 0.0000e+00
