CTD-processing/allCTD/CNV--homogene/2019_02-08_t7_s19_cast081.cnv
* Sea-Bird SBE19plus Data File:
* FileName = C:\Users\Kim.Powell\Desktop\Not Processed\2019\2019_02-08\2019_02-08_TRANSECT_STATION_cast081.hex
* Software Version 1.59
* Temperature SN =  4141
* Conductivity SN =  4141
* System UpLoad Time = Mar 19 2019 08:44:14
** 2018_02-08
** Station: 7-19
** Start Time: 13:06
** Depth (m): 82
** Comment:
** Comment:
# nquan = 17
# nvalues = 659                         
# units = specified
# name 0 = scan: Scan Count
# name 1 = timeJ: Julian Days
# name 2 = timeH: Time, Elapsed [hours]
# name 3 = timeM: Time, Elapsed [minutes]
# name 4 = timeS: Time, Elapsed [seconds]
# name 5 = density00: Density [density, kg/m^3]
# name 6 = specc: Specific Conductance [uS/cm]
# name 7 = sal00: Salinity, Practical [PSU]
# name 8 = depSM: Depth [salt water, m], lat = 59.00
# name 9 = oxsolML/L: Oxygen Saturation, Garcia & Gordon [ml/l]
# name 10 = potemp090C: Potential Temperature [ITS-90, deg C]
# name 11 = tv290C: Temperature [ITS-90, deg C]
# name 12 = sigma-é00: Density [sigma-theta, kg/m^3]
# name 13 = n2satML/L: Nitrogen Saturation [ml/l]
# name 14 = par: PAR/Irradiance, Biospherical/Licor
# name 15 = prdM: Pressure, Strain Gauge [db]
# name 16 = flag:  0.000e+00
# span 0 =          1,        659       
# span 1 =  39.546042,  39.547946       
# span 2 =    0.00000,    0.04569       
# span 3 =     0.0000,     2.7417       
# span 4 =      0.000,    164.500       
# span 5 =  1024.7825,  1025.2447       
# span 6 =  50366.739,  50702.167       
# span 7 =    31.5318,    31.7311       
# span 8 =      0.980,     79.157       
# span 9 =    7.00702,    7.04015       
# span 10 =     6.1729,     6.3358      
# span 11 =     6.1216,     6.3424      
# span 12 =    24.7774,    24.9558      
# span 13 =   12.58278,   12.63667      
# span 14 = 5.6102e-02, 1.3762e+02      
# span 15 =      0.989,     79.920      
# span 16 = 0.0000e+00, 0.0000e+00      
# interval = seconds: 0.25
# start_time = Feb 08 2019 13:06:18 [Instrument's time stamp, header]
# bad_flag = -9.990e-29
*END*
[from data line 86]
         87  39.546291    0.00597     0.3583     21.500  1024.8045  50408.297    31.5550      1.105    7.02475     6.2415     6.2650    24.7993   12.61346 1.3028e+02      1.115 0.0000e+00
         88  39.546293    0.00604     0.3625     21.750  1024.8154  50429.206    31.5672      1.065    7.02615     6.2348     6.2530    24.8104   12.61562 1.3088e+02      1.075 0.0000e+00
         89  39.546296    0.00611     0.3667     22.000  1024.8311  50458.834    31.5856      1.033    7.02716     6.2344     6.2416    24.8263   12.61706 1.3226e+02      1.043 0.0000e+00
         90  39.546299    0.00618     0.3708     22.250  1024.8466  50487.508    31.6042      1.021    7.02741     6.2403     6.2349    24.8418   12.61723 1.3348e+02      1.031 0.0000e+00
         91  39.546302    0.00625     0.3750     22.500  1024.8567  50505.993    31.6169      1.031    7.02687     6.2500     6.2345    24.8519   12.61618 1.3405e+02      1.041 0.0000e+00
         92  39.546305    0.00632     0.3792     22.750  1024.8582  50508.367    31.6197      1.053    7.02579     6.2605     6.2403    24.8533   12.61435 1.3388e+02      1.063 0.0000e+00
         93  39.546308    0.00639     0.3833     23.000  1024.8505  50493.573    31.6113      1.075    7.02458     6.2696     6.2501    24.8455   12.61246 1.3334e+02      1.085 0.0000e+00
         94  39.546311    0.00646     0.3875     23.250  1024.8371  50468.449    31.5959      1.087    7.02357     6.2764     6.2606    24.8321   12.61099 1.3340e+02      1.097 0.0000e+00
         95  39.546314    0.00653     0.3917     23.500  1024.8247  50445.213    31.5815      1.090    7.02274     6.2808     6.2697    24.8196   12.60980 1.3429e+02      1.100 0.0000e+00
         96  39.546317    0.00660     0.3958     23.750  1024.8178  50432.189    31.5738      1.088    7.02198     6.2837     6.2765    24.8127   12.60865 1.3499e+02      1.098 0.0000e+00
         97  39.546319    0.00667     0.4000     24.000  1024.8169  50430.324    31.5733      1.087    7.02129     6.2864     6.2808    24.8118   12.60750 1.3425e+02      1.097 0.0000e+00
         98  39.546322    0.00674     0.4042     24.250  1024.8194  50434.773    31.5769      1.091    7.02064     6.2893     6.2838    24.8143   12.60638 1.3164e+02      1.102 0.0000e+00
         99  39.546325    0.00681     0.4083     24.500  1024.8215  50438.528    31.5800      1.101    7.02005     6.2920     6.2864    24.8164   12.60537 1.2731e+02      1.111 0.0000e+00
        100  39.546328    0.00688     0.4125     24.750  1024.8208  50437.016    31.5795      1.110    7.01960     6.2941     6.2893    24.8157   12.60464 1.2250e+02      1.121 0.0000e+00
        101  39.546331    0.00694     0.4167     25.000  1024.8163  50428.527    31.5741      1.115    7.01940     6.2950     6.2920    24.8111   12.60438 1.1900e+02      1.126 0.0000e+00
        102  39.546334    0.00701     0.4208     25.250  1024.8083  50413.852    31.5644      1.112    7.01952     6.2946     6.2941    24.8031   12.60469 1.1737e+02      1.123 0.0000e+00
        103  39.546337    0.00708     0.4250     25.500  1024.7997  50398.161    31.5537      1.099    7.01987     6.2929     6.2950    24.7946   12.60541 1.1733e+02      1.109 0.0000e+00
        104  39.546340    0.00715     0.4292     25.750  1024.7943  50388.481    31.5469      1.079    7.02025     6.2904     6.2946    24.7893   12.60612 1.1891e+02      1.089 0.0000e+00
        105  39.546343    0.00722     0.4333     26.000  1024.7948  50389.623    31.5474      1.060    7.02050     6.2882     6.2930    24.7899   12.60652 1.2143e+02      1.070 0.0000e+00
        106  39.546345    0.00729     0.4375     26.250  1024.8021  50403.078    31.5563      1.051    7.02049     6.2875     6.2905    24.7972   12.60640 1.2359e+02      1.061 0.0000e+00
        107  39.546348    0.00736     0.4417     26.500  1024.8138  50424.574    31.5707      1.057    7.02018     6.2887     6.2883    24.8088   12.60570 1.2504e+02      1.067 0.0000e+00
        108  39.546351    0.00743     0.4458     26.750  1024.8246  50444.235    31.5842      1.076    7.01968     6.2912     6.2876    24.8196   12.60471 1.2587e+02      1.086 0.0000e+00
        109  39.546354    0.00750     0.4500     27.000  1024.8292  50452.461    31.5901      1.101    7.01921     6.2940     6.2888    24.8241   12.60386 1.2631e+02      1.112 0.0000e+00
        110  39.546357    0.00757     0.4542     27.250  1024.8254  50445.213    31.5856      1.122    7.01900     6.2959     6.2913    24.8202   12.60357 1.2692e+02      1.132 0.0000e+00
        111  39.546360    0.00764     0.4583     27.500  1024.8153  50426.578    31.5732      1.129    7.01913     6.2964     6.2941    24.8101   12.60393 1.2753e+02      1.139 0.0000e+00
        112  39.546363    0.00771     0.4625     27.750  1024.8043  50406.328    31.5595      1.122    7.01944     6.2951     6.2960    24.7990   12.60462 1.2780e+02      1.132 0.0000e+00
        113  39.546366    0.00778     0.4667     28.000  1024.7968  50392.799    31.5502      1.107    7.01980     6.2925     6.2965    24.7917   12.60532 1.2813e+02      1.117 0.0000e+00
        114  39.546369    0.00785     0.4708     28.250  1024.7951  50389.830    31.5479      1.093    7.02011     6.2896     6.2952    24.7900   12.60587 1.2826e+02      1.103 0.0000e+00
        115  39.546372    0.00792     0.4750     28.500  1024.7987  50396.584    31.5521      1.085    7.02034     6.2874     6.2926    24.7937   12.60620 1.2723e+02      1.095 0.0000e+00
        116  39.546374    0.00799     0.4792     28.750  1024.8050  50408.269    31.5597      1.083    7.02046     6.2863     6.2897    24.8000   12.60631 1.2504e+02      1.094 0.0000e+00
        117  39.546377    0.00806     0.4833     29.000  1024.8110  50419.376    31.5670      1.086    7.02049     6.2860     6.2875    24.8060   12.60626 1.2276e+02      1.096 0.0000e+00
        118  39.546380    0.00813     0.4875     29.250  1024.8146  50425.945    31.5713      1.088    7.02048     6.2862     6.2864    24.8095   12.60619 1.2218e+02      1.099 0.0000e+00
        119  39.546383    0.00819     0.4917     29.500  1024.8145  50425.771    31.5711      1.086    7.02053     6.2864     6.2861    24.8094   12.60627 1.2356e+02      1.097 0.0000e+00
        120  39.546386    0.00826     0.4958     29.750  1024.8106  50418.630    31.5662      1.080    7.02072     6.2861     6.2863    24.8055   12.60665 1.2504e+02      1.091 0.0000e+00
        121  39.546389    0.00833     0.5000     30.000  1024.8048  50408.103    31.5590      1.071    7.02103     6.2850     6.2865    24.7998   12.60725 1.2589e+02      1.081 0.0000e+00
        122  39.546392    0.00840     0.5042     30.250  1024.8006  50400.456    31.5536      1.062    7.02133     6.2833     6.2862    24.7956   12.60781 1.2728e+02      1.073 0.0000e+00
        123  39.546395    0.00847     0.5083     30.500  1024.8005  50400.487    31.5534      1.060    7.02151     6.2817     6.2851    24.7956   12.60812 1.2939e+02      1.071 0.0000e+00
        124  39.546398    0.00854     0.5125     30.750  1024.8053  50409.280    31.5592      1.070    7.02152     6.2809     6.2834    24.8004   12.60807 1.3099e+02      1.080 0.0000e+00
        125  39.546400    0.00861     0.5167     31.000  1024.8125  50422.349    31.5679      1.091    7.02138     6.2807     6.2818    24.8075   12.60772 1.3069e+02      1.102 0.0000e+00
        126  39.546403    0.00868     0.5208     31.250  1024.8174  50431.087    31.5738      1.119    7.02124     6.2803     6.2810    24.8122   12.60742 1.2849e+02      1.130 0.0000e+00
        127  39.546406    0.00875     0.5250     31.500  1024.8162  50428.632    31.5721      1.141    7.02135     6.2783     6.2808    24.8109   12.60762 1.2638e+02      1.153 0.0000e+00
        128  39.546409    0.00882     0.5292     31.750  1024.8094  50416.118    31.5633      1.150    7.02183     6.2733     6.2803    24.8040   12.60852 1.2600e+02      1.162 0.0000e+00
        129  39.546412    0.00889     0.5333     32.000  1024.8020  50402.740    31.5537      1.143    7.02261     6.2650     6.2783    24.7966   12.60993 1.2718e+02      1.155 0.0000e+00
        130  39.546415    0.00896     0.5375     32.250  1024.7992  50398.158    31.5496      1.124    7.02361     6.2552     6.2734    24.7940   12.61164 1.2827e+02      1.135 0.0000e+00
        131  39.546418    0.00903     0.5417     32.500  1024.8038  50407.106    31.5542      1.101    7.02476     6.2473     6.2651    24.7987   12.61348 1.2774e+02      1.111 0.0000e+00
        132  39.546421    0.00910     0.5458     32.750  1024.8149  50428.057    31.5669      1.081    7.02578     6.2437     6.2553    24.8099   12.61501 1.2658e+02      1.092 0.0000e+00
        133  39.546424    0.00917     0.5500     33.000  1024.8288  50453.918    31.5833      1.072    7.02632     6.2448     6.2473    24.8238   12.61570 1.2662e+02      1.082 0.0000e+00
        134  39.546427    0.00924     0.5542     33.250  1024.8405  50475.599    31.5976      1.074    7.02626     6.2497     6.2437    24.8356   12.61540 1.2746e+02      1.084 0.0000e+00
        135  39.546429    0.00931     0.5583     33.500  1024.8466  50486.711    31.6055      1.082    7.02570     6.2567     6.2448    24.8417   12.61438 1.2844e+02      1.093 0.0000e+00
        136  39.546432    0.00937     0.5625     33.750  1024.8460  50485.178    31.6054      1.091    7.02489     6.2639     6.2498    24.8409   12.61304 1.3017e+02      1.101 0.0000e+00
        137  39.546435    0.00944     0.5667     34.000  1024.8394  50472.768    31.5981      1.093    7.02408     6.2705     6.2568    24.8343   12.61180 1.3235e+02      1.103 0.0000e+00
        138  39.546438    0.00951     0.5708     34.250  1024.8306  50456.366    31.5881      1.085    7.02336     6.2761     6.2640    24.8256   12.61073 1.3338e+02      1.095 0.0000e+00
        139  39.546441    0.00958     0.5750     34.500  1024.8247  50445.289    31.5817      1.072    7.02258     6.2807     6.2706    24.8197   12.60952 1.3311e+02      1.082 0.0000e+00
        140  39.546444    0.00965     0.5792     34.750  1024.8246  50445.007    31.5826      1.062    7.02162     6.2848     6.2762    24.8197   12.60792 1.3308e+02      1.072 0.0000e+00
        141  39.546447    0.00972     0.5833     35.000  1024.8296  50453.874    31.5896      1.062    7.02054     6.2889     6.2808    24.8247   12.60606 1.3319e+02      1.072 0.0000e+00
        142  39.546450    0.00979     0.5875     35.250  1024.8354  50464.256    31.5976      1.074    7.01951     6.2930     6.2848    24.8304   12.60425 1.3213e+02      1.084 0.0000e+00
        143  39.546453    0.00986     0.5917     35.500  1024.8382  50468.927    31.6016      1.093    7.01864     6.2963     6.2890    24.8331   12.60277 1.3078e+02      1.103 0.0000e+00
        144  39.546455    0.00993     0.5958     35.750  1024.8363  50465.118    31.5997      1.110    7.01805     6.2982     6.2931    24.8311   12.60182 1.3013e+02      1.121 0.0000e+00
        145  39.546458    0.01000     0.6000     36.000  1024.8296  50452.677    31.5917      1.119    7.01788     6.2980     6.2964    24.8244   12.60163 1.2916e+02      1.130 0.0000e+00
        146  39.546461    0.01007     0.6042     36.250  1024.8194  50434.033    31.5791      1.115    7.01816     6.2955     6.2983    24.8143   12.60226 1.2781e+02      1.126 0.0000e+00
        147  39.546464    0.01014     0.6083     36.500  1024.8091  50415.269    31.5661      1.096    7.01879     6.2901     6.2981    24.8040   12.60346 1.2777e+02      1.107 0.0000e+00
        148  39.546467    0.01021     0.6125     36.750  1024.8030  50404.315    31.5581      1.067    7.01959     6.2828     6.2956    24.7980   12.60488 1.2997e+02      1.078 0.0000e+00
        149  39.546470    0.01028     0.6167     37.000  1024.8045  50407.618    31.5593      1.038    7.02041     6.2764     6.2902    24.7997   12.60623 1.3220e+02      1.048 0.0000e+00
        150  39.546473    0.01035     0.6208     37.250  1024.8144  50426.286    31.5709      1.018    7.02107     6.2734     6.2829    24.8097   12.60716 1.3248e+02      1.028 0.0000e+00
        151  39.546476    0.01042     0.6250     37.500  1024.8295  50454.158    31.5890      1.017    7.02128     6.2745     6.2765    24.8247   12.60728 1.3257e+02      1.027 0.0000e+00
        152  39.546479    0.01049     0.6292     37.750  1024.8441  50480.818    31.6069      1.037    7.02094     6.2788     6.2735    24.8392   12.60650 1.3320e+02      1.046 0.0000e+00
        153  39.546481    0.01056     0.6333     38.000  1024.8532  50497.278    31.6185      1.073    7.02021     6.2842     6.2746    24.8482   12.60515 1.3281e+02      1.083 0.0000e+00
        154  39.546484    0.01063     0.6375     38.250  1024.8543  50498.650    31.6203      1.112    7.01942     6.2881     6.2789    24.8491   12.60382 1.3199e+02      1.123 0.0000e+00
        155  39.546487    0.01069     0.6417     38.500  1024.8468  50484.476    31.6115      1.140    7.01896     6.2885     6.2843    24.8415   12.60316 1.3243e+02      1.151 0.0000e+00
        156  39.546490    0.01076     0.6458     38.750  1024.8349  50462.584    31.5970      1.144    7.01899     6.2845     6.2882    24.8296   12.60339 1.3412e+02      1.154 0.0000e+00
        157  39.546493    0.01083     0.6500     39.000  1024.8268  50447.856    31.5869      1.121    7.01939     6.2774     6.2886    24.8216   12.60418 1.3600e+02      1.132 0.0000e+00
        158  39.546496    0.01090     0.6542     39.250  1024.8276  50449.748    31.5875      1.084    7.02002     6.2704     6.2846    24.8225   12.60522 1.3730e+02      1.094 0.0000e+00
        159  39.546499    0.01097     0.6583     39.500  1024.8363  50466.348    31.5976      1.050    7.02071     6.2665     6.2775    24.8314   12.60624 1.3762e+02      1.060 0.0000e+00
        160  39.546502    0.01104     0.6625     39.750  1024.8485  50489.158    31.6121      1.036    7.02119     6.2671     6.2705    24.8437   12.60685 1.3644e+02      1.046 0.0000e+00
        161  39.546505    0.01111     0.6667     40.000  1024.8595  50509.279    31.6253      1.050    7.02122     6.2716     6.2666    24.8546   12.60673 1.3376e+02      1.060 0.0000e+00
        162  39.546508    0.01118     0.6708     40.250  1024.8658  50520.512    31.6332      1.086    7.02075     6.2777     6.2672    24.8607   12.60585 1.3068e+02      1.096 0.0000e+00
        163  39.546510    0.01125     0.6750     40.500  1024.8650  50518.566    31.6327      1.127    7.02003     6.2826     6.2717    24.8598   12.60466 1.2877e+02      1.137 0.0000e+00
        164  39.546513    0.01132     0.6792     40.750  1024.8572  50503.749    31.6236      1.154    7.01946     6.2846     6.2778    24.8518   12.60384 1.2855e+02      1.165 0.0000e+00
        165  39.546516    0.01139     0.6833     41.000  1024.8467  50484.288    31.6110      1.156    7.01923     6.2829     6.2827    24.8413   12.60362 1.2908e+02      1.167 0.0000e+00
        166  39.546519    0.01146     0.6875     41.250  1024.8398  50471.722    31.6027      1.134    7.01930     6.2790     6.2847    24.8345   12.60384 1.2975e+02      1.145 0.0000e+00
        167  39.546522    0.01153     0.6917     41.500  1024.8398  50472.154    31.6027      1.100    7.01958     6.2755     6.2830    24.8347   12.60429 1.3074e+02      1.110 0.0000e+00
        168  39.546525    0.01160     0.6958     41.750  1024.8457  50483.273    31.6097      1.069    7.01989     6.2743     6.2791    24.8407   12.60472 1.3160e+02      1.080 0.0000e+00
        169  39.546528    0.01167     0.7000     42.000  1024.8534  50497.700    31.6190      1.054    7.02003     6.2761     6.2756    24.8485   12.60484 1.3176e+02      1.065 0.0000e+00
        170  39.546531    0.01174     0.7042     42.250  1024.8592  50508.435    31.6262      1.058    7.01989     6.2803     6.2744    24.8543   12.60452 1.3110e+02      1.068 0.0000e+00
