CTD-processing/allCTD/CNV--homogene/2019_03-19_alongbay_skb13_cast090.cnv
* Sea-Bird SBE19plus Data File:
* FileName = C:\Users\Kim.Powell\Desktop\Not Processed\2019\2019_03-19_AlongBay, T9_4141\2019_03-19_TRANSECT_STATION_cast090.hex
* Software Version 1.59
* Temperature SN =  4141
* Conductivity SN =  4141
* System UpLoad Time = Mar 20 2019 08:23:45
** 2018_03-19
** Station: KB13
** Start Time: 10:15
** Depth (m): 26.2
** Comment: **CTD time was 1 hour behind**
** Comment: Turbid
# nquan = 17
# nvalues = 442                         
# units = specified
# name 0 = scan: Scan Count
# name 1 = timeJ: Julian Days
# name 2 = timeH: Time, Elapsed [hours]
# name 3 = timeM: Time, Elapsed [minutes]
# name 4 = timeS: Time, Elapsed [seconds]
# name 5 = density00: Density [density, kg/m^3]
# name 6 = specc: Specific Conductance [uS/cm]
# name 7 = sal00: Salinity, Practical [PSU]
# name 8 = depSM: Depth [salt water, m], lat = 59.00
# name 9 = oxsolML/L: Oxygen Saturation, Garcia & Gordon [ml/l]
# name 10 = potemp090C: Potential Temperature [ITS-90, deg C]
# name 11 = tv290C: Temperature [ITS-90, deg C]
# name 12 = sigma-é00: Density [sigma-theta, kg/m^3]
# name 13 = n2satML/L: Nitrogen Saturation [ml/l]
# name 14 = par: PAR/Irradiance, Biospherical/Licor
# name 15 = prdM: Pressure, Strain Gauge [db]
# name 16 = flag:  0.000e+00
# span 0 =          1,        442       
# span 1 =  78.384178,  78.385454       
# span 2 =    0.00000,    0.03062       
# span 3 =     0.0000,     1.8375       
# span 4 =      0.000,    110.250       
# span 5 =  1022.3916,  1024.9869       
# span 6 =  46267.625,  50664.490       
# span 7 =    28.1515,    31.4686       
# span 8 =      0.406,     23.807       
# span 9 =    7.23645,    7.69914       
# span 10 =     3.7428,     5.0348      
# span 11 =     3.4157,     5.0362      
# span 12 =    22.3896,    24.8752      
# span 13 =   12.96434,   13.77264      
# span 14 = 1.0059e-01, 2.5251e+02      
# span 15 =      0.409,     24.033      
# span 16 = 0.0000e+00, 0.0000e+00      
# interval = seconds: 0.25
# start_time = Mar 19 2019 09:13:13 [Instrument's time stamp, header]
# bad_flag = -9.990e-29
*END*
          1  78.384178    0.00000     0.0000      0.000  1022.3916  46267.625    28.1515      0.406    7.69914     3.7428     3.4157    22.3896   13.77264 2.1321e+02      0.409 0.0000e+00
          2  78.384181    0.00007     0.0042      0.250  1022.5931  46617.933    28.4203      0.489    7.65553     3.8954     3.5716    22.5908   13.69694 2.1302e+02      0.494 0.0000e+00
          3  78.384184    0.00014     0.0083      0.500  1022.7216  46829.215    28.5990      0.579    7.61382     4.0152     3.7428    22.7188   13.62558 2.1503e+02      0.585 0.0000e+00
          4  78.384187    0.00021     0.0125      0.750  1022.7577  46871.270    28.6599      0.656    7.58191     4.1014     3.8954    22.7545   13.57200 2.2098e+02      0.663 0.0000e+00
          5  78.384190    0.00028     0.0167      1.000  1022.7526  46842.261    28.6659      0.712    7.55908     4.1609     4.0152    22.7492   13.53418 2.3045e+02      0.719 0.0000e+00
          6  78.384193    0.00035     0.0208      1.250  1022.7434  46811.385    28.6634      0.748    7.54307     4.2044     4.1014    22.7399   13.50773 2.4058e+02      0.755 0.0000e+00
          7  78.384196    0.00042     0.0250      1.500  1022.7483  46810.988    28.6757      0.773    7.53133     4.2407     4.1609    22.7446   13.48816 2.4918e+02      0.781 0.0000e+00
          8  78.384198    0.00049     0.0292      1.750  1022.7725  46849.389    28.7109      0.792    7.52147     4.2750     4.2044    22.7687   13.47138 2.5251e+02      0.800 0.0000e+00
          9  78.384201    0.00056     0.0333      2.000  1022.8166  46926.212    28.7704      0.807    7.51172     4.3095     4.2407    22.8127   13.45449 2.4540e+02      0.814 0.0000e+00
         10  78.384204    0.00063     0.0375      2.250  1022.8784  47036.583    28.8522      0.814    7.50127     4.3448     4.2750    22.8746   13.43613 2.3140e+02      0.822 0.0000e+00
         11  78.384207    0.00069     0.0417      2.500  1022.9547  47174.089    28.9524      0.814    7.48989     4.3802     4.3095    22.9509   13.41598 2.2316e+02      0.822 0.0000e+00
         12  78.384210    0.00076     0.0458      2.750  1023.0457  47338.775    29.0712      0.807    7.47745     4.4135     4.3448    23.0419   13.39384 2.2722e+02      0.815 0.0000e+00
         13  78.384213    0.00083     0.0500      3.000  1023.1384  47506.771    29.1923      0.799    7.46490     4.4418     4.3802    23.1347   13.37149 2.3446e+02      0.806 0.0000e+00
         14  78.384216    0.00090     0.0542      3.250  1023.1987  47614.646    29.2722      0.793    7.45483     4.4635     4.4135    23.1950   13.35378 2.3380e+02      0.800 0.0000e+00
         15  78.384219    0.00097     0.0583      3.500  1023.2146  47640.397    29.2955      0.795    7.44851     4.4788     4.4418    23.2108   13.34303 2.2554e+02      0.803 0.0000e+00
         16  78.384222    0.00104     0.0625      3.750  1023.2008  47611.707    29.2806      0.806    7.44531     4.4889     4.4635    23.1969   13.33793 2.1430e+02      0.814 0.0000e+00
         17  78.384225    0.00111     0.0667      4.000  1023.1678  47548.298    29.2408      0.823    7.44451     4.4950     4.4788    23.1639   13.33714 2.0606e+02      0.830 0.0000e+00
         18  78.384227    0.00118     0.0708      4.250  1023.1280  47472.825    29.1918      0.837    7.44513     4.4984     4.4889    23.1241   13.33881 2.0461e+02      0.845 0.0000e+00
         19  78.384230    0.00125     0.0750      4.500  1023.1072  47433.282    29.1662      0.843    7.44530     4.5001     4.4950    23.1032   13.33942 2.0894e+02      0.850 0.0000e+00
         20  78.384233    0.00132     0.0792      4.750  1023.1208  47458.227    29.1838      0.835    7.44381     4.5011     4.4984    23.1169   13.33672 2.2015e+02      0.843 0.0000e+00
         21  78.384236    0.00139     0.0833      5.000  1023.1535  47518.934    29.2253      0.819    7.44141     4.5014     4.5001    23.1496   13.33222 2.3186e+02      0.826 0.0000e+00
         22  78.384239    0.00146     0.0875      5.250  1023.1800  47568.293    29.2589      0.802    7.43955     4.5007     4.5011    23.1762   13.32870 2.3279e+02      0.809 0.0000e+00
         23  78.384242    0.00153     0.0917      5.500  1023.1875  47582.375    29.2685      0.792    7.43902     4.4987     4.5014    23.1838   13.32769 2.2781e+02      0.800 0.0000e+00
         24  78.384245    0.00160     0.0958      5.750  1023.1801  47568.681    29.2591      0.795    7.43963     4.4956     4.5007    23.1764   13.32882 2.2243e+02      0.802 0.0000e+00
         25  78.384248    0.00167     0.1000      6.000  1023.1645  47539.670    29.2390      0.808    7.44099     4.4917     4.4987    23.1606   13.33134 2.1375e+02      0.815 0.0000e+00
         26  78.384251    0.00174     0.1042      6.250  1023.1413  47496.812    29.2093      0.826    7.44303     4.4876     4.4956    23.1374   13.33511 2.0367e+02      0.833 0.0000e+00
         27  78.384253    0.00181     0.1083      6.500  1023.1135  47445.321    29.1736      0.841    7.44552     4.4841     4.4917    23.1095   13.33969 1.9272e+02      0.849 0.0000e+00
         28  78.384256    0.00187     0.1125      6.750  1023.0859  47394.432    29.1383      0.848    7.44803     4.4817     4.4876    23.0819   13.34431 1.7950e+02      0.856 0.0000e+00
         29  78.384259    0.00194     0.1167      7.000  1023.0621  47350.607    29.1079      0.840    7.45019     4.4801     4.4841    23.0581   13.34829 1.6500e+02      0.848 0.0000e+00
         30  78.384262    0.00201     0.1208      7.250  1023.0483  47325.544    29.0904      0.821    7.45150     4.4784     4.4817    23.0445   13.35069 1.4762e+02      0.829 0.0000e+00
         31  78.384265    0.00208     0.1250      7.500  1023.0477  47324.798    29.0896      0.799    7.45183     4.4760     4.4801    23.0439   13.35125 1.2795e+02      0.807 0.0000e+00
         32  78.384268    0.00215     0.1292      7.750  1023.0501  47329.662    29.0926      0.785    7.45199     4.4730     4.4784    23.0464   13.35146 1.1305e+02      0.792 0.0000e+00
         33  78.384271    0.00222     0.1333      8.000  1023.0480  47326.064    29.0896      0.785    7.45257     4.4699     4.4760    23.0443   13.35246 1.0591e+02      0.792 0.0000e+00
         34  78.384274    0.00229     0.1375      8.250  1023.0431  47317.072    29.0829      0.801    7.45345     4.4669     4.4730    23.0393   13.35400 1.0406e+02      0.808 0.0000e+00
         35  78.384277    0.00236     0.1417      8.500  1023.0356  47303.385    29.0730      0.826    7.45451     4.4642     4.4699    23.0317   13.35589 1.0376e+02      0.834 0.0000e+00
         36  78.384280    0.00243     0.1458      8.750  1023.0259  47285.533    29.0603      0.848    7.45569     4.4621     4.4670    23.0219   13.35800 1.0085e+02      0.857 0.0000e+00
         37  78.384282    0.00250     0.1500      9.000  1023.0166  47268.392    29.0481      0.859    7.45677     4.4608     4.4643    23.0125   13.35996 9.4051e+01      0.867 0.0000e+00
         38  78.384285    0.00257     0.1542      9.250  1023.0104  47257.324    29.0402      0.852    7.45755     4.4605     4.4622    23.0065   13.36135 8.5501e+01      0.860 0.0000e+00
         39  78.384288    0.00264     0.1583      9.500  1023.0099  47256.620    29.0395      0.831    7.45783     4.4609     4.4609    23.0060   13.36182 7.8207e+01      0.839 0.0000e+00
         40  78.384291    0.00271     0.1625      9.750  1023.0155  47267.281    29.0466      0.807    7.45753     4.4614     4.4605    23.0117   13.36123 7.3334e+01      0.814 0.0000e+00
         41  78.384294    0.00278     0.1667     10.000  1023.0220  47279.433    29.0549      0.788    7.45705     4.4616     4.4609    23.0183   13.36032 7.0185e+01      0.795 0.0000e+00
         42  78.384297    0.00285     0.1708     10.250  1023.0223  47279.998    29.0554      0.781    7.45694     4.4618     4.4614    23.0186   13.36013 6.7819e+01      0.789 0.0000e+00
         43  78.384300    0.00292     0.1750     10.500  1023.0170  47270.095    29.0488      0.788    7.45722     4.4620     4.4617    23.0133   13.36069 6.5892e+01      0.796 0.0000e+00
         44  78.384303    0.00299     0.1792     10.750  1023.0100  47256.938    29.0399      0.802    7.45764     4.4624     4.4618    23.0062   13.36150 6.4326e+01      0.810 0.0000e+00
         45  78.384306    0.00306     0.1833     11.000  1023.0028  47243.358    29.0307      0.819    7.45807     4.4632     4.4620    22.9990   13.36232 6.3051e+01      0.827 0.0000e+00
         46  78.384308    0.00313     0.1875     11.250  1022.9973  47232.845    29.0237      0.832    7.45834     4.4647     4.4624    22.9933   13.36287 6.2147e+01      0.840 0.0000e+00
         47  78.384311    0.00319     0.1917     11.500  1022.9957  47229.814    29.0218      0.839    7.45829     4.4667     4.4632    22.9917   13.36281 6.1660e+01      0.847 0.0000e+00
         48  78.384314    0.00326     0.1958     11.750  1022.9975  47232.908    29.0242      0.840    7.45790     4.4691     4.4647    22.9935   13.36214 6.1367e+01      0.848 0.0000e+00
         49  78.384317    0.00333     0.2000     12.000  1022.9995  47236.520    29.0271      0.837    7.45738     4.4715     4.4668    22.9956   13.36125 6.1029e+01      0.845 0.0000e+00
         50  78.384320    0.00340     0.2042     12.250  1023.0025  47241.774    29.0311      0.832    7.45675     4.4737     4.4691    22.9986   13.36014 6.0601e+01      0.840 0.0000e+00
         51  78.384323    0.00347     0.2083     12.500  1023.0084  47252.460    29.0388      0.825    7.45592     4.4756     4.4715    23.0045   13.35868 6.0139e+01      0.833 0.0000e+00
         52  78.384326    0.00354     0.2125     12.750  1023.0144  47263.339    29.0467      0.817    7.45513     4.4771     4.4737    23.0105   13.35727 5.9707e+01      0.825 0.0000e+00
         53  78.384329    0.00361     0.2167     13.000  1023.0176  47269.131    29.0510      0.809    7.45458     4.4786     4.4756    23.0137   13.35629 5.9345e+01      0.817 0.0000e+00
         54  78.384332    0.00368     0.2208     13.250  1023.0197  47272.895    29.0538      0.804    7.45415     4.4801     4.4772    23.0159   13.35554 5.9056e+01      0.812 0.0000e+00
         55  78.384334    0.00375     0.2250     13.500  1023.0230  47278.881    29.0582      0.802    7.45367     4.4817     4.4787    23.0192   13.35469 5.8821e+01      0.810 0.0000e+00
         56  78.384337    0.00382     0.2292     13.750  1023.0279  47287.908    29.0646      0.805    7.45308     4.4834     4.4801    23.0241   13.35362 5.8573e+01      0.813 0.0000e+00
         57  78.384340    0.00389     0.2333     14.000  1023.0336  47298.236    29.0720      0.813    7.45242     4.4850     4.4817    23.0298   13.35244 5.8246e+01      0.821 0.0000e+00
         58  78.384343    0.00396     0.2375     14.250  1023.0385  47307.091    29.0783      0.821    7.45179     4.4866     4.4834    23.0346   13.35133 5.7894e+01      0.829 0.0000e+00
         59  78.384346    0.00403     0.2417     14.500  1023.0417  47312.772    29.0825      0.827    7.45129     4.4882     4.4851    23.0378   13.35043 5.7647e+01      0.835 0.0000e+00
         60  78.384349    0.00410     0.2458     14.750  1023.0438  47316.463    29.0853      0.827    7.45086     4.4899     4.4866    23.0399   13.34969 5.7554e+01      0.835 0.0000e+00
         61  78.384352    0.00417     0.2500     15.000  1023.0465  47321.455    29.0890      0.822    7.45039     4.4918     4.4882    23.0427   13.34886 5.7497e+01      0.830 0.0000e+00
         62  78.384355    0.00424     0.2542     15.250  1023.0511  47329.726    29.0950      0.815    7.44978     4.4935     4.4899    23.0473   13.34777 5.7307e+01      0.823 0.0000e+00
         63  78.384358    0.00431     0.2583     15.500  1023.0565  47339.655    29.1021      0.810    7.44908     4.4946     4.4918    23.0527   13.34653 5.6941e+01      0.818 0.0000e+00
         64  78.384361    0.00438     0.2625     15.750  1023.0605  47346.900    29.1074      0.808    7.44850     4.4946     4.4936    23.0567   13.34550 5.6446e+01      0.815 0.0000e+00
         65  78.384363    0.00444     0.2667     16.000  1023.0596  47345.050    29.1063      0.809    7.44836     4.4935     4.4946    23.0558   13.34528 5.5980e+01      0.816 0.0000e+00
         66  78.384366    0.00451     0.2708     16.250  1023.0501  47327.278    29.0943      0.811    7.44897     4.4919     4.4946    23.0463   13.34644 5.5790e+01      0.818 0.0000e+00
         67  78.384369    0.00458     0.2750     16.500  1023.0320  47293.716    29.0713      0.810    7.45031     4.4903     4.4935    23.0282   13.34897 5.5950e+01      0.818 0.0000e+00
         68  78.384372    0.00465     0.2792     16.750  1023.0135  47259.602    29.0479      0.806    7.45178     4.4889     4.4919    23.0097   13.35171 5.6317e+01      0.814 0.0000e+00
         69  78.384375    0.00472     0.2833     17.000  1023.0061  47245.940    29.0383      0.800    7.45254     4.4873     4.4903    23.0023   13.35310 5.6651e+01      0.807 0.0000e+00
         70  78.384378    0.00479     0.2875     17.250  1023.0135  47259.970    29.0475      0.797    7.45234     4.4849     4.4889    23.0097   13.35263 5.6681e+01      0.804 0.0000e+00
         71  78.384381    0.00486     0.2917     17.500  1023.0288  47288.706    29.0667      0.799    7.45168     4.4812     4.4873    23.0251   13.35129 5.6265e+01      0.807 0.0000e+00
         72  78.384384    0.00493     0.2958     17.750  1023.0396  47308.961    29.0799      0.809    7.45145     4.4757     4.4849    23.0358   13.35074 5.5479e+01      0.817 0.0000e+00
         73  78.384387    0.00500     0.3000     18.000  1023.0370  47304.424    29.0760      0.823    7.45231     4.4676     4.4812    23.0331   13.35221 5.4603e+01      0.831 0.0000e+00
         74  78.384389    0.00507     0.3042     18.250  1023.0208  47274.986    29.0549      0.834    7.45438     4.4559     4.4757    23.0169   13.35590 5.4064e+01      0.841 0.0000e+00
         75  78.384392    0.00514     0.3083     18.500  1023.0000  47237.322    29.0278      0.835    7.45721     4.4401     4.4676    22.9961   13.36094 5.4168e+01      0.843 0.0000e+00
         76  78.384395    0.00521     0.3125     18.750  1022.9879  47216.333    29.0111      0.825    7.46015     4.4222     4.4560    22.9840   13.36602 5.4852e+01      0.833 0.0000e+00
         77  78.384398    0.00528     0.3167     19.000  1022.9941  47230.148    29.0172      0.808    7.46272     4.4075     4.4401    22.9903   13.37020 5.5696e+01      0.816 0.0000e+00
         78  78.384401    0.00535     0.3208     19.250  1023.0178  47276.717    29.0451      0.791    7.46456     4.3995     4.4223    23.0141   13.37287 5.6137e+01      0.799 0.0000e+00
         79  78.384404    0.00542     0.3250     19.500  1023.0472  47333.506    29.0805      0.782    7.46546     4.3983     4.4076    23.0435   13.37389 5.5819e+01      0.789 0.0000e+00
         80  78.384407    0.00549     0.3292     19.750  1023.0689  47375.058    29.1069      0.784    7.46559     4.4012     4.3996    23.0653   13.37376 5.4925e+01      0.791 0.0000e+00
         81  78.384410    0.00556     0.3333     20.000  1023.0743  47385.110    29.1135      0.794    7.46547     4.4038     4.3984    23.0706   13.37347 5.4016e+01      0.801 0.0000e+00
         82  78.384413    0.00562     0.3375     20.250  1023.0618  47361.310    29.0979      0.805    7.46573     4.4021     4.4013    23.0580   13.37410 5.3594e+01      0.813 0.0000e+00
         83  78.384416    0.00569     0.3417     20.500  1023.0415  47323.205    29.0727      0.811    7.46652     4.3943     4.4039    23.0377   13.37575 5.3807e+01      0.818 0.0000e+00
         84  78.384418    0.00576     0.3458     20.750  1023.0301  47302.232    29.0582      0.807    7.46755     4.3830     4.4022    23.0263   13.37765 5.4436e+01      0.815 0.0000e+00
         85  78.384421    0.00583     0.3500     21.000  1023.0380  47318.042    29.0673      0.797    7.46852     4.3740     4.3944    23.0343   13.37912 5.5120e+01      0.804 0.0000e+00
