CTD-processing/allCTD/CNV--homogene/2019_02-07_alongbay_skb13_cast064.cnv
* Sea-Bird SBE19plus Data File:
* FileName = C:\Users\Kim.Powell\Desktop\Not Processed\2019\2019_02-08\2019_02-08_TRANSECT_STATION_cast064.hex
* Software Version 1.59
* Temperature SN =  4141
* Conductivity SN =  4141
* System UpLoad Time = Mar 19 2019 08:26:03
** 2018_02-07
** Station: KB13
** Start Time: 14:44
** Depth (m): 29.0
** Comment: 3 loons
** Comment:
# nquan = 17
# nvalues = 374                         
# units = specified
# name 0 = scan: Scan Count
# name 1 = timeJ: Julian Days
# name 2 = timeH: Time, Elapsed [hours]
# name 3 = timeM: Time, Elapsed [minutes]
# name 4 = timeS: Time, Elapsed [seconds]
# name 5 = density00: Density [density, kg/m^3]
# name 6 = specc: Specific Conductance [uS/cm]
# name 7 = sal00: Salinity, Practical [PSU]
# name 8 = depSM: Depth [salt water, m], lat = 59.00
# name 9 = oxsolML/L: Oxygen Saturation, Garcia & Gordon [ml/l]
# name 10 = potemp090C: Potential Temperature [ITS-90, deg C]
# name 11 = tv290C: Temperature [ITS-90, deg C]
# name 12 = sigma-é00: Density [sigma-theta, kg/m^3]
# name 13 = n2satML/L: Nitrogen Saturation [ml/l]
# name 14 = par: PAR/Irradiance, Biospherical/Licor
# name 15 = prdM: Pressure, Strain Gauge [db]
# name 16 = flag:  0.000e+00
# span 0 =          1,        374       
# span 1 =  38.614028,  38.615107       
# span 2 =    0.00000,    0.02590       
# span 3 =     0.0000,     1.5542       
# span 4 =      0.000,     93.250       
# span 5 =  1001.3878,  1024.8365       
# span 6 =   3486.425,  50335.730       
# span 7 =     1.7819,    31.2873       
# span 8 =      0.120,     27.854       
# span 9 =    7.21112,    8.79151       
# span 10 =     5.0854,     5.2304      
# span 11 =     5.0855,     5.2325      
# span 12 =     1.3872,    24.7114      
# span 13 =   12.92482,   15.98361      
# span 14 = 3.8619e-01, 5.4898e+02      
# span 15 =      0.121,     28.119      
# span 16 = 0.0000e+00, 0.0000e+00      
# interval = seconds: 0.25
# start_time = Feb 07 2019 14:44:12 [Instrument's time stamp, header]
# bad_flag = -9.990e-29
*END*
[from data line 256]
        257  38.614769    0.01778     1.0667     64.000  1024.6869  50267.919    31.2247      3.043    7.23679     5.1106     5.1006    24.6727   12.96799 7.1431e+01      3.072 0.0000e+00
        258  38.614771    0.01785     1.0708     64.250  1024.6916  50274.426    31.2302      3.244    7.23558     5.1147     5.1060    24.6764   12.96593 6.6852e+01      3.274 0.0000e+00
        259  38.614774    0.01792     1.0750     64.500  1024.6963  50280.851    31.2356      3.444    7.23449     5.1180     5.1109    24.6801   12.96406 6.3016e+01      3.476 0.0000e+00
        260  38.614777    0.01799     1.0792     64.750  1024.7005  50286.659    31.2403      3.644    7.23356     5.1208     5.1149    24.6834   12.96245 5.9653e+01      3.679 0.0000e+00
        261  38.614780    0.01806     1.0833     65.000  1024.7039  50290.970    31.2439      3.846    7.23280     5.1231     5.1183    24.6859   12.96115 5.6615e+01      3.882 0.0000e+00
        262  38.614783    0.01812     1.0875     65.250  1024.7068  50294.326    31.2467      4.047    7.23219     5.1252     5.1211    24.6878   12.96011 5.3909e+01      4.085 0.0000e+00
        263  38.614786    0.01819     1.0917     65.500  1024.7098  50297.969    31.2496      4.248    7.23165     5.1273     5.1234    24.6899   12.95918 5.1586e+01      4.288 0.0000e+00
        264  38.614789    0.01826     1.0958     65.750  1024.7131  50302.351    31.2529      4.448    7.23112     5.1297     5.1255    24.6923   12.95827 4.9650e+01      4.490 0.0000e+00
        265  38.614792    0.01833     1.1000     66.000  1024.7167  50307.038    31.2565      4.647    7.23058     5.1326     5.1276    24.6949   12.95732 4.8006e+01      4.690 0.0000e+00
        266  38.614795    0.01840     1.1042     66.250  1024.7202  50311.694    31.2601      4.844    7.22998     5.1361     5.1301    24.6975   12.95629 4.6496e+01      4.890 0.0000e+00
        267  38.614797    0.01847     1.1083     66.500  1024.7236  50316.035    31.2636      5.041    7.22931     5.1402     5.1330    24.7000   12.95513 4.4953e+01      5.089 0.0000e+00
        268  38.614800    0.01854     1.1125     66.750  1024.7270  50320.418    31.2672      5.240    7.22854     5.1453     5.1365    24.7025   12.95381 4.3270e+01      5.290 0.0000e+00
        269  38.614803    0.01861     1.1167     67.000  1024.7315  50326.560    31.2722      5.444    7.22758     5.1515     5.1406    24.7059   12.95217 4.1473e+01      5.495 0.0000e+00
        270  38.614806    0.01868     1.1208     67.250  1024.7363  50333.222    31.2778      5.654    7.22643     5.1582     5.1457    24.7098   12.95020 3.9685e+01      5.707 0.0000e+00
        271  38.614809    0.01875     1.1250     67.500  1024.7390  50335.730    31.2807      5.870    7.22521     5.1643     5.1520    24.7114   12.94814 3.8018e+01      5.925 0.0000e+00
        272  38.614812    0.01882     1.1292     67.750  1024.7389  50333.203    31.2802      6.089    7.22407     5.1692     5.1587    24.7103   12.94627 3.6502e+01      6.147 0.0000e+00
        273  38.614815    0.01889     1.1333     68.000  1024.7378  50328.658    31.2783      6.310    7.22311     5.1727     5.1648    24.7081   12.94471 3.5113e+01      6.369 0.0000e+00
        274  38.614818    0.01896     1.1375     68.250  1024.7366  50324.284    31.2762      6.529    7.22237     5.1752     5.1697    24.7060   12.94351 3.3807e+01      6.590 0.0000e+00
        275  38.614821    0.01903     1.1417     68.500  1024.7358  50320.725    31.2744      6.749    7.22184     5.1769     5.1732    24.7042   12.94266 3.2534e+01      6.812 0.0000e+00
        276  38.614823    0.01910     1.1458     68.750  1024.7354  50318.001    31.2730      6.970    7.22148     5.1779     5.1757    24.7027   12.94208 3.1256e+01      7.035 0.0000e+00
        277  38.614826    0.01917     1.1500     69.000  1024.7354  50316.073    31.2719      7.194    7.22125     5.1786     5.1774    24.7017   12.94171 2.9966e+01      7.262 0.0000e+00
        278  38.614829    0.01924     1.1542     69.250  1024.7358  50314.909    31.2712      7.421    7.22110     5.1790     5.1785    24.7010   12.94147 2.8690e+01      7.491 0.0000e+00
        279  38.614832    0.01931     1.1583     69.500  1024.7367  50314.573    31.2710      7.649    7.22099     5.1793     5.1791    24.7008   12.94130 2.7459e+01      7.722 0.0000e+00
        280  38.614835    0.01938     1.1625     69.750  1024.7379  50314.920    31.2712      7.877    7.22091     5.1797     5.1796    24.7009   12.94116 2.6291e+01      7.952 0.0000e+00
        281  38.614838    0.01944     1.1667     70.000  1024.7392  50315.422    31.2715      8.104    7.22084     5.1800     5.1799    24.7011   12.94103 2.5184e+01      8.181 0.0000e+00
        282  38.614841    0.01951     1.1708     70.250  1024.7404  50315.826    31.2717      8.329    7.22076     5.1803     5.1803    24.7013   12.94091 2.4126e+01      8.408 0.0000e+00
        283  38.614844    0.01958     1.1750     70.500  1024.7416  50316.263    31.2720      8.552    7.22069     5.1806     5.1806    24.7015   12.94079 2.3104e+01      8.634 0.0000e+00
        284  38.614847    0.01965     1.1792     70.750  1024.7429  50316.854    31.2724      8.777    7.22062     5.1810     5.1809    24.7017   12.94066 2.2106e+01      8.860 0.0000e+00
        285  38.614850    0.01972     1.1833     71.000  1024.7444  50317.849    31.2730      9.003    7.22053     5.1816     5.1813    24.7022   12.94051 2.1130e+01      9.089 0.0000e+00
        286  38.614852    0.01979     1.1875     71.250  1024.7461  50319.159    31.2739      9.231    7.22041     5.1824     5.1817    24.7028   12.94031 2.0190e+01      9.318 0.0000e+00
        287  38.614855    0.01986     1.1917     71.500  1024.7479  50320.518    31.2749      9.458    7.22026     5.1835     5.1823    24.7035   12.94005 1.9296e+01      9.548 0.0000e+00
        288  38.614858    0.01993     1.1958     71.750  1024.7498  50322.083    31.2760      9.684    7.22006     5.1850     5.1831    24.7043   12.93970 1.8448e+01      9.776 0.0000e+00
        289  38.614861    0.02000     1.2000     72.000  1024.7519  50324.029    31.2774      9.910    7.21980     5.1869     5.1842    24.7054   12.93925 1.7638e+01     10.004 0.0000e+00
        290  38.614864    0.02007     1.2042     72.250  1024.7543  50326.466    31.2793     10.136    7.21945     5.1893     5.1857    24.7067   12.93865 1.6864e+01     10.232 0.0000e+00
        291  38.614867    0.02014     1.2083     72.500  1024.7566  50328.815    31.2812     10.363    7.21902     5.1919     5.1877    24.7080   12.93792 1.6121e+01     10.461 0.0000e+00
        292  38.614870    0.02021     1.2125     72.750  1024.7583  50329.856    31.2823     10.590    7.21856     5.1943     5.1901    24.7086   12.93713 1.5407e+01     10.690 0.0000e+00
        293  38.614873    0.02028     1.2167     73.000  1024.7592  50329.381    31.2824     10.816    7.21810     5.1963     5.1927    24.7084   12.93638 1.4723e+01     10.918 0.0000e+00
        294  38.614876    0.02035     1.2208     73.250  1024.7596  50328.108    31.2820     11.039    7.21771     5.1980     5.1951    24.7078   12.93573 1.4076e+01     11.143 0.0000e+00
        295  38.614878    0.02042     1.2250     73.500  1024.7598  50326.669    31.2813     11.259    7.21738     5.1992     5.1972    24.7070   12.93520 1.3466e+01     11.365 0.0000e+00
        296  38.614881    0.02049     1.2292     73.750  1024.7601  50325.206    31.2805     11.477    7.21713     5.2001     5.1988    24.7062   12.93480 1.2887e+01     11.586 0.0000e+00
        297  38.614884    0.02056     1.2333     74.000  1024.7603  50323.853    31.2798     11.696    7.21695     5.2007     5.2001    24.7055   12.93452 1.2329e+01     11.806 0.0000e+00
        298  38.614887    0.02063     1.2375     74.250  1024.7611  50323.349    31.2795     11.916    7.21682     5.2013     5.2010    24.7052   12.93429 1.1785e+01     12.028 0.0000e+00
        299  38.614890    0.02069     1.2417     74.500  1024.7623  50323.830    31.2799     12.138    7.21669     5.2020     5.2016    24.7054   12.93408 1.1258e+01     12.253 0.0000e+00
        300  38.614893    0.02076     1.2458     74.750  1024.7636  50324.478    31.2803     12.361    7.21656     5.2027     5.2023    24.7057   12.93385 1.0752e+01     12.478 0.0000e+00
        301  38.614896    0.02083     1.2500     75.000  1024.7648  50324.817    31.2806     12.583    7.21642     5.2034     5.2030    24.7058   12.93362 1.0272e+01     12.702 0.0000e+00
        302  38.614899    0.02090     1.2542     75.250  1024.7659  50324.925    31.2807     12.802    7.21629     5.2041     5.2037    24.7058   12.93340 9.8197e+00     12.923 0.0000e+00
        303  38.614902    0.02097     1.2583     75.500  1024.7668  50324.907    31.2807     13.019    7.21616     5.2046     5.2045    24.7058   12.93319 9.3898e+00     13.142 0.0000e+00
        304  38.614905    0.02104     1.2625     75.750  1024.7678  50324.878    31.2807     13.235    7.21605     5.2051     5.2051    24.7057   12.93301 8.9767e+00     13.360 0.0000e+00
        305  38.614907    0.02111     1.2667     76.000  1024.7689  50325.005    31.2808     13.454    7.21595     5.2056     5.2056    24.7058   12.93285 8.5770e+00     13.581 0.0000e+00
        306  38.614910    0.02118     1.2708     76.250  1024.7700  50325.224    31.2810     13.675    7.21586     5.2060     5.2061    24.7058   12.93269 8.1915e+00     13.804 0.0000e+00
        307  38.614913    0.02125     1.2750     76.500  1024.7710  50325.431    31.2811     13.897    7.21577     5.2065     5.2066    24.7059   12.93254 7.8229e+00     14.029 0.0000e+00
        308  38.614916    0.02132     1.2792     76.750  1024.7722  50325.782    31.2814     14.120    7.21567     5.2070     5.2071    24.7060   12.93238 7.4733e+00     14.254 0.0000e+00
        309  38.614919    0.02139     1.2833     77.000  1024.7734  50326.196    31.2817     14.341    7.21557     5.2075     5.2076    24.7062   12.93222 7.1418e+00     14.477 0.0000e+00
        310  38.614922    0.02146     1.2875     77.250  1024.7745  50326.366    31.2818     14.561    7.21548     5.2079     5.2081    24.7062   12.93206 6.8266e+00     14.699 0.0000e+00
        311  38.614925    0.02153     1.2917     77.500  1024.7755  50326.412    31.2818     14.780    7.21539     5.2082     5.2086    24.7062   12.93192 6.5253e+00     14.919 0.0000e+00
        312  38.614928    0.02160     1.2958     77.750  1024.7765  50326.478    31.2818     14.999    7.21532     5.2084     5.2090    24.7061   12.93179 6.2355e+00     15.141 0.0000e+00
        313  38.614931    0.02167     1.3000     78.000  1024.7775  50326.394    31.2817     15.220    7.21526     5.2086     5.2094    24.7060   12.93170 5.9559e+00     15.364 0.0000e+00
        314  38.614933    0.02174     1.3042     78.250  1024.7783  50326.186    31.2815     15.443    7.21523     5.2086     5.2096    24.7058   12.93165 5.6859e+00     15.590 0.0000e+00
        315  38.614936    0.02181     1.3083     78.500  1024.7792  50326.063    31.2814     15.669    7.21522     5.2087     5.2098    24.7057   12.93162 5.4252e+00     15.817 0.0000e+00
        316  38.614939    0.02187     1.3125     78.750  1024.7802  50326.155    31.2813     15.895    7.21521     5.2087     5.2098    24.7057   12.93161 5.1760e+00     16.045 0.0000e+00
        317  38.614942    0.02194     1.3167     79.000  1024.7814  50326.627    31.2816     16.120    7.21519     5.2089     5.2099    24.7058   12.93158 4.9404e+00     16.272 0.0000e+00
        318  38.614945    0.02201     1.3208     79.250  1024.7829  50327.516    31.2821     16.342    7.21515     5.2094     5.2099    24.7063   12.93151 4.7184e+00     16.497 0.0000e+00
        319  38.614948    0.02208     1.3250     79.500  1024.7844  50328.486    31.2827     16.561    7.21508     5.2100     5.2101    24.7067   12.93139 4.5079e+00     16.719 0.0000e+00
        320  38.614951    0.02215     1.3292     79.750  1024.7858  50329.358    31.2833     16.781    7.21498     5.2107     5.2106    24.7071   12.93121 4.3058e+00     16.941 0.0000e+00
        321  38.614954    0.02222     1.3333     80.000  1024.7873  50330.176    31.2838     17.004    7.21485     5.2115     5.2112    24.7075   12.93098 4.1096e+00     17.165 0.0000e+00
        322  38.614957    0.02229     1.3375     80.250  1024.7885  50330.583    31.2842     17.229    7.21470     5.2122     5.2120    24.7077   12.93073 3.9194e+00     17.392 0.0000e+00
        323  38.614959    0.02236     1.3417     80.500  1024.7894  50330.339    31.2841     17.455    7.21456     5.2127     5.2128    24.7075   12.93051 3.7373e+00     17.621 0.0000e+00
        324  38.614962    0.02243     1.3458     80.750  1024.7901  50329.810    31.2837     17.679    7.21445     5.2131     5.2135    24.7072   12.93034 3.5655e+00     17.847 0.0000e+00
        325  38.614965    0.02250     1.3500     81.000  1024.7909  50329.461    31.2835     17.900    7.21437     5.2133     5.2140    24.7069   12.93021 3.4045e+00     18.069 0.0000e+00
        326  38.614968    0.02257     1.3542     81.250  1024.7919  50329.472    31.2835     18.117    7.21431     5.2136     5.2144    24.7069   12.93010 3.2524e+00     18.289 0.0000e+00
        327  38.614971    0.02264     1.3583     81.500  1024.7930  50329.784    31.2837     18.333    7.21425     5.2139     5.2147    24.7070   12.93000 3.1070e+00     18.507 0.0000e+00
        328  38.614974    0.02271     1.3625     81.750  1024.7943  50330.371    31.2840     18.550    7.21419     5.2143     5.2150    24.7073   12.92990 2.9665e+00     18.726 0.0000e+00
        329  38.614977    0.02278     1.3667     82.000  1024.7956  50331.055    31.2844     18.770    7.21412     5.2148     5.2153    24.7076   12.92977 2.8306e+00     18.947 0.0000e+00
        330  38.614980    0.02285     1.3708     82.250  1024.7968  50331.430    31.2847     18.990    7.21404     5.2153     5.2157    24.7077   12.92964 2.7005e+00     19.170 0.0000e+00
        331  38.614983    0.02292     1.3750     82.500  1024.7977  50331.358    31.2846     19.209    7.21395     5.2159     5.2162    24.7076   12.92949 2.5780e+00     19.391 0.0000e+00
        332  38.614986    0.02299     1.3792     82.750  1024.7984  50330.974    31.2844     19.424    7.21386     5.2163     5.2167    24.7074   12.92935 2.4630e+00     19.608 0.0000e+00
        333  38.614988    0.02306     1.3833     83.000  1024.7992  50330.709    31.2842     19.636    7.21377     5.2168     5.2173    24.7072   12.92921 2.3543e+00     19.822 0.0000e+00
        334  38.614991    0.02313     1.3875     83.250  1024.8002  50330.830    31.2843     19.847    7.21369     5.2173     5.2178    24.7072   12.92906 2.2499e+00     20.036 0.0000e+00
        335  38.614994    0.02319     1.3917     83.500  1024.8012  50330.779    31.2843     20.062    7.21360     5.2176     5.2183    24.7071   12.92892 2.1482e+00     20.253 0.0000e+00
        336  38.614997    0.02326     1.3958     83.750  1024.8019  50330.342    31.2840     20.283    7.21354     5.2177     5.2187    24.7068   12.92882 2.0487e+00     20.475 0.0000e+00
        337  38.615000    0.02333     1.4000     84.000  1024.8029  50330.278    31.2839     20.507    7.21349     5.2181     5.2191    24.7067   12.92874 1.9525e+00     20.702 0.0000e+00
        338  38.615003    0.02340     1.4042     84.250  1024.8044  50331.301    31.2845     20.731    7.21342     5.2188     5.2193    24.7072   12.92863 1.8607e+00     20.928 0.0000e+00
        339  38.615006    0.02347     1.4083     84.500  1024.8066  50333.483    31.2860     20.954    7.21330     5.2201     5.2196    24.7083   12.92840 1.7740e+00     21.153 0.0000e+00
        340  38.615009    0.02354     1.4125     84.750  1024.8086  50335.303    31.2873     21.173    7.21310     5.2214     5.2204    24.7092   12.92805 1.6926e+00     21.374 0.0000e+00
