CTD-processing/allCTD/CNV--homogene/2019_02-07_alongbay_skb11_cast062.cnv
* Sea-Bird SBE19plus Data File:
* FileName = C:\Users\Kim.Powell\Desktop\Not Processed\2019\2019_02-08\2019_02-08_TRANSECT_STATION_cast062.hex
* Software Version 1.59
* Temperature SN =  4141
* Conductivity SN =  4141
* System UpLoad Time = Mar 19 2019 08:23:54
** 2018_02-07
** Station: KB11
** Start Time: 14:50
** Depth (m): 58.0
** Comment:
** Comment:
# nquan = 17
# nvalues = 552                         
# units = specified
# name 0 = scan: Scan Count
# name 1 = timeJ: Julian Days
# name 2 = timeH: Time, Elapsed [hours]
# name 3 = timeM: Time, Elapsed [minutes]
# name 4 = timeS: Time, Elapsed [seconds]
# name 5 = density00: Density [density, kg/m^3]
# name 6 = specc: Specific Conductance [uS/cm]
# name 7 = sal00: Salinity, Practical [PSU]
# name 8 = depSM: Depth [salt water, m], lat = 59.00
# name 9 = oxsolML/L: Oxygen Saturation, Garcia & Gordon [ml/l]
# name 10 = potemp090C: Potential Temperature [ITS-90, deg C]
# name 11 = tv290C: Temperature [ITS-90, deg C]
# name 12 = sigma-é00: Density [sigma-theta, kg/m^3]
# name 13 = n2satML/L: Nitrogen Saturation [ml/l]
# name 14 = par: PAR/Irradiance, Biospherical/Licor
# name 15 = prdM: Pressure, Strain Gauge [db]
# name 16 = flag:  0.000e+00
# span 0 =          1,        552       
# span 1 =  38.597720,  38.599314       
# span 2 =    0.00000,    0.03826       
# span 3 =     0.0000,     2.2958       
# span 4 =      0.000,    137.750       
# span 5 =  1024.5861,  1024.9772       
# span 6 =  50114.296,  50423.250       
# span 7 =    31.0865,    31.3326       
# span 8 =      1.068,     54.899       
# span 9 =    7.17408,    7.31695       
# span 10 =     4.6528,     5.4318      
# span 11 =     4.6538,     5.4360      
# span 12 =    24.5802,    24.7410      
# span 13 =   12.86303,   13.10094      
# span 14 = 3.6170e-02, 8.3022e+01      
# span 15 =      1.078,     55.424      
# span 16 = 0.0000e+00, 0.0000e+00      
# interval = seconds: 0.25
# start_time = Feb 07 2019 14:20:43 [Instrument's time stamp, header]
# bad_flag = -9.990e-29
*END*
[from data line 171]
        172  38.598215    0.01188     0.7125     42.750  1024.6113  50160.354    31.1187      1.262    7.26908     4.9453     4.9444    24.6054   13.02268 7.9250e+01      1.274 0.0000e+00
        173  38.598218    0.01194     0.7167     43.000  1024.6103  50158.291    31.1174      1.265    7.26907     4.9460     4.9448    24.6043   13.02269 7.8765e+01      1.277 0.0000e+00
        174  38.598220    0.01201     0.7208     43.250  1024.6079  50153.913    31.1145      1.266    7.26910     4.9466     4.9454    24.6020   13.02279 7.8698e+01      1.278 0.0000e+00
        175  38.598223    0.01208     0.7250     43.500  1024.6059  50150.146    31.1121      1.266    7.26911     4.9473     4.9461    24.6000   13.02283 7.9201e+01      1.278 0.0000e+00
        176  38.598226    0.01215     0.7292     43.750  1024.6051  50148.615    31.1112      1.266    7.26904     4.9479     4.9467    24.5992   13.02273 7.9790e+01      1.278 0.0000e+00
        177  38.598229    0.01222     0.7333     44.000  1024.6050  50148.287    31.1111      1.268    7.26893     4.9483     4.9474    24.5990   13.02255 7.9992e+01      1.280 0.0000e+00
        178  38.598232    0.01229     0.7375     44.250  1024.6042  50146.806    31.1102      1.269    7.26887     4.9487     4.9480    24.5983   13.02246 7.9640e+01      1.281 0.0000e+00
        179  38.598235    0.01236     0.7417     44.500  1024.6023  50143.158    31.1078      1.267    7.26891     4.9489     4.9484    24.5963   13.02255 7.9038e+01      1.279 0.0000e+00
        180  38.598238    0.01243     0.7458     44.750  1024.5999  50138.801    31.1049      1.263    7.26899     4.9491     4.9488    24.5940   13.02272 7.8930e+01      1.275 0.0000e+00
        181  38.598241    0.01250     0.7500     45.000  1024.5985  50136.178    31.1031      1.257    7.26903     4.9491     4.9490    24.5926   13.02282 7.9393e+01      1.269 0.0000e+00
        182  38.598244    0.01257     0.7542     45.250  1024.5987  50136.670    31.1035      1.255    7.26899     4.9491     4.9491    24.5928   13.02275 7.9592e+01      1.267 0.0000e+00
        183  38.598247    0.01264     0.7583     45.500  1024.6005  50139.905    31.1057      1.257    7.26888     4.9490     4.9492    24.5946   13.02253 7.9559e+01      1.269 0.0000e+00
        184  38.598249    0.01271     0.7625     45.750  1024.6026  50143.806    31.1084      1.264    7.26876     4.9489     4.9491    24.5967   13.02229 7.9857e+01      1.276 0.0000e+00
        185  38.598252    0.01278     0.7667     46.000  1024.6036  50145.542    31.1096      1.270    7.26871     4.9486     4.9490    24.5976   13.02220 8.0059e+01      1.282 0.0000e+00
        186  38.598255    0.01285     0.7708     46.250  1024.6025  50143.576    31.1082      1.272    7.26880     4.9481     4.9489    24.5966   13.02236 7.9596e+01      1.284 0.0000e+00
        187  38.598258    0.01292     0.7750     46.500  1024.6001  50139.075    31.1051      1.266    7.26899     4.9472     4.9487    24.5941   13.02273 7.8836e+01      1.278 0.0000e+00
        188  38.598261    0.01299     0.7792     46.750  1024.5978  50135.111    31.1022      1.254    7.26922     4.9458     4.9482    24.5919   13.02314 7.8707e+01      1.266 0.0000e+00
        189  38.598264    0.01306     0.7833     47.000  1024.5975  50134.739    31.1018      1.241    7.26941     4.9443     4.9472    24.5917   13.02346 7.9677e+01      1.252 0.0000e+00
        190  38.598267    0.01313     0.7875     47.250  1024.6000  50139.564    31.1048      1.232    7.26950     4.9431     4.9458    24.5942   13.02357 8.1031e+01      1.243 0.0000e+00
        191  38.598270    0.01319     0.7917     47.500  1024.6046  50148.260    31.1105      1.233    7.26948     4.9426     4.9444    24.5989   13.02347 8.1391e+01      1.244 0.0000e+00
        192  38.598273    0.01326     0.7958     47.750  1024.6092  50156.775    31.1161      1.243    7.26942     4.9427     4.9432    24.6034   13.02329 8.0649e+01      1.255 0.0000e+00
        193  38.598275    0.01333     0.8000     48.000  1024.6115  50160.952    31.1188      1.256    7.26938     4.9429     4.9427    24.6056   13.02319 7.9934e+01      1.268 0.0000e+00
        194  38.598278    0.01340     0.8042     48.250  1024.6104  50158.783    31.1173      1.265    7.26944     4.9427     4.9428    24.6045   13.02331 8.0008e+01      1.277 0.0000e+00
        195  38.598281    0.01347     0.8083     48.500  1024.6066  50151.826    31.1126      1.264    7.26963     4.9416     4.9430    24.6007   13.02368 8.0639e+01      1.275 0.0000e+00
        196  38.598284    0.01354     0.8125     48.750  1024.6028  50144.841    31.1078      1.252    7.26989     4.9395     4.9428    24.5969   13.02419 8.0738e+01      1.263 0.0000e+00
        197  38.598287    0.01361     0.8167     49.000  1024.6016  50142.995    31.1063      1.235    7.27016     4.9372     4.9417    24.5958   13.02464 8.0070e+01      1.247 0.0000e+00
        198  38.598290    0.01368     0.8208     49.250  1024.6046  50148.787    31.1098      1.223    7.27035     4.9356     4.9396    24.5988   13.02491 7.9648e+01      1.235 0.0000e+00
        199  38.598293    0.01375     0.8250     49.500  1024.6104  50159.815    31.1169      1.221    7.27041     4.9354     4.9373    24.6047   13.02493 7.9557e+01      1.233 0.0000e+00
        200  38.598296    0.01382     0.8292     49.750  1024.6160  50170.308    31.1237      1.230    7.27036     4.9364     4.9357    24.6103   13.02474 7.9191e+01      1.242 0.0000e+00
        201  38.598299    0.01389     0.8333     50.000  1024.6190  50175.628    31.1273      1.244    7.27022     4.9382     4.9355    24.6131   13.02447 7.8898e+01      1.256 0.0000e+00
        202  38.598302    0.01396     0.8375     50.250  1024.6183  50174.189    31.1265      1.257    7.27007     4.9400     4.9365    24.6124   13.02423 7.9069e+01      1.269 0.0000e+00
        203  38.598304    0.01403     0.8417     50.500  1024.6148  50167.405    31.1223      1.261    7.26997     4.9413     4.9383    24.6089   13.02412 7.9347e+01      1.273 0.0000e+00
        204  38.598307    0.01410     0.8458     50.750  1024.6104  50159.244    31.1170      1.255    7.26991     4.9420     4.9401    24.6045   13.02409 7.9477e+01      1.267 0.0000e+00
        205  38.598310    0.01417     0.8500     51.000  1024.6076  50154.002    31.1137      1.243    7.26984     4.9424     4.9414    24.6018   13.02402 7.9567e+01      1.255 0.0000e+00
        206  38.598313    0.01424     0.8542     51.250  1024.6077  50154.078    31.1140      1.232    7.26970     4.9426     4.9421    24.6019   13.02379 7.9587e+01      1.244 0.0000e+00
        207  38.598316    0.01431     0.8583     51.500  1024.6103  50158.977    31.1174      1.228    7.26948     4.9432     4.9425    24.6046   13.02337 7.9353e+01      1.240 0.0000e+00
        208  38.598319    0.01438     0.8625     51.750  1024.6140  50165.625    31.1220      1.233    7.26921     4.9441     4.9427    24.6082   13.02287 7.9178e+01      1.244 0.0000e+00
        209  38.598322    0.01444     0.8667     52.000  1024.6166  50170.328    31.1253      1.244    7.26896     4.9455     4.9433    24.6108   13.02241 7.9577e+01      1.256 0.0000e+00
        210  38.598325    0.01451     0.8708     52.250  1024.6168  50170.605    31.1257      1.255    7.26877     4.9468     4.9442    24.6110   13.02209 8.0263e+01      1.267 0.0000e+00
        211  38.598328    0.01458     0.8750     52.500  1024.6145  50166.187    31.1230      1.260    7.26867     4.9478     4.9456    24.6086   13.02196 8.0521e+01      1.272 0.0000e+00
        212  38.598330    0.01465     0.8792     52.750  1024.6111  50159.698    31.1188      1.256    7.26864     4.9484     4.9469    24.6052   13.02197 8.0047e+01      1.268 0.0000e+00
        213  38.598333    0.01472     0.8833     53.000  1024.6087  50155.238    31.1160      1.245    7.26860     4.9486     4.9479    24.6028   13.02193 7.9663e+01      1.257 0.0000e+00
        214  38.598336    0.01479     0.8875     53.250  1024.6088  50155.393    31.1162      1.232    7.26849     4.9487     4.9485    24.6030   13.02175 8.0335e+01      1.245 0.0000e+00
        215  38.598339    0.01486     0.8917     53.500  1024.6112  50159.834    31.1193      1.225    7.26830     4.9490     4.9487    24.6054   13.02140 8.1618e+01      1.237 0.0000e+00
        216  38.598342    0.01493     0.8958     53.750  1024.6144  50165.786    31.1234      1.225    7.26808     4.9494     4.9488    24.6087   13.02098 8.2625e+01      1.236 0.0000e+00
        217  38.598345    0.01500     0.9000     54.000  1024.6169  50170.297    31.1266      1.230    7.26787     4.9497     4.9491    24.6111   13.02060 8.2885e+01      1.241 0.0000e+00
        218  38.598348    0.01507     0.9042     54.250  1024.6180  50172.204    31.1279      1.236    7.26775     4.9499     4.9495    24.6122   13.02037 8.2474e+01      1.248 0.0000e+00
        219  38.598351    0.01514     0.9083     54.500  1024.6178  50171.868    31.1278      1.240    7.26771     4.9500     4.9498    24.6120   13.02031 8.1724e+01      1.252 0.0000e+00
        220  38.598354    0.01521     0.9125     54.750  1024.6171  50170.622    31.1270      1.242    7.26771     4.9501     4.9500    24.6113   13.02033 8.0770e+01      1.253 0.0000e+00
        221  38.598356    0.01528     0.9167     55.000  1024.6169  50170.099    31.1266      1.242    7.26771     4.9501     4.9501    24.6111   13.02032 8.0160e+01      1.254 0.0000e+00
        222  38.598359    0.01535     0.9208     55.250  1024.6173  50170.765    31.1271      1.244    7.26767     4.9501     4.9502    24.6114   13.02025 8.0278e+01      1.255 0.0000e+00
        223  38.598362    0.01542     0.9250     55.500  1024.6177  50171.592    31.1277      1.248    7.26763     4.9501     4.9502    24.6119   13.02018 8.0491e+01      1.259 0.0000e+00
        224  38.598365    0.01549     0.9292     55.750  1024.6176  50171.380    31.1276      1.251    7.26763     4.9500     4.9502    24.6117   13.02019 8.0345e+01      1.263 0.0000e+00
        225  38.598368    0.01556     0.9333     56.000  1024.6167  50169.653    31.1264      1.253    7.26770     4.9499     4.9502    24.6108   13.02032 8.0223e+01      1.265 0.0000e+00
        226  38.598371    0.01563     0.9375     56.250  1024.6153  50167.090    31.1246      1.251    7.26780     4.9498     4.9501    24.6094   13.02051 8.0510e+01      1.263 0.0000e+00
        227  38.598374    0.01569     0.9417     56.500  1024.6143  50165.355    31.1234      1.247    7.26788     4.9496     4.9500    24.6085   13.02065 8.1035e+01      1.259 0.0000e+00
        228  38.598377    0.01576     0.9458     56.750  1024.6145  50165.736    31.1236      1.244    7.26789     4.9494     4.9499    24.6087   13.02066 8.1401e+01      1.255 0.0000e+00
        229  38.598380    0.01583     0.9500     57.000  1024.6158  50168.187    31.1252      1.243    7.26784     4.9492     4.9497    24.6100   13.02056 8.1396e+01      1.255 0.0000e+00
        230  38.598383    0.01590     0.9542     57.250  1024.6176  50171.499    31.1275      1.246    7.26776     4.9489     4.9495    24.6118   13.02041 8.0974e+01      1.258 0.0000e+00
        231  38.598385    0.01597     0.9583     57.500  1024.6191  50174.276    31.1293      1.252    7.26771     4.9485     4.9493    24.6133   13.02030 8.0411e+01      1.264 0.0000e+00
        232  38.598388    0.01604     0.9625     57.750  1024.6200  50175.778    31.1303      1.257    7.26771     4.9481     4.9490    24.6141   13.02029 8.0138e+01      1.269 0.0000e+00
        233  38.598391    0.01611     0.9667     58.000  1024.6200  50175.788    31.1302      1.261    7.26778     4.9477     4.9486    24.6141   13.02040 8.0415e+01      1.273 0.0000e+00
        234  38.598394    0.01618     0.9708     58.250  1024.6193  50174.471    31.1292      1.260    7.26790     4.9473     4.9482    24.6133   13.02061 8.1049e+01      1.272 0.0000e+00
        235  38.598397    0.01625     0.9750     58.500  1024.6182  50172.658    31.1279      1.256    7.26804     4.9470     4.9478    24.6123   13.02087 8.1650e+01      1.267 0.0000e+00
        236  38.598400    0.01632     0.9792     58.750  1024.6177  50171.781    31.1272      1.249    7.26814     4.9468     4.9474    24.6118   13.02104 8.2042e+01      1.261 0.0000e+00
        237  38.598403    0.01639     0.9833     59.000  1024.6184  50173.148    31.1281      1.244    7.26815     4.9467     4.9471    24.6125   13.02104 8.2059e+01      1.256 0.0000e+00
        238  38.598406    0.01646     0.9875     59.250  1024.6206  50177.196    31.1308      1.244    7.26806     4.9465     4.9469    24.6147   13.02084 8.1763e+01      1.256 0.0000e+00
        239  38.598409    0.01653     0.9917     59.500  1024.6237  50183.055    31.1348      1.249    7.26789     4.9466     4.9467    24.6179   13.02052 8.1421e+01      1.260 0.0000e+00
        240  38.598411    0.01660     0.9958     59.750  1024.6272  50189.325    31.1391      1.256    7.26770     4.9470     4.9466    24.6213   13.02016 8.1088e+01      1.268 0.0000e+00
        241  38.598414    0.01667     1.0000     60.000  1024.6306  50195.568    31.1434      1.263    7.26749     4.9479     4.9466    24.6247   13.01974 8.0911e+01      1.275 0.0000e+00
        242  38.598417    0.01674     1.0042     60.250  1024.6339  50201.533    31.1475      1.265    7.26721     4.9494     4.9471    24.6279   13.01923 8.1265e+01      1.277 0.0000e+00
        243  38.598420    0.01681     1.0083     60.500  1024.6361  50205.669    31.1506      1.261    7.26690     4.9508     4.9480    24.6302   13.01867 8.1944e+01      1.273 0.0000e+00
        244  38.598423    0.01688     1.0125     60.750  1024.6369  50207.037    31.1518      1.253    7.26659     4.9521     4.9495    24.6311   13.01815 8.2131e+01      1.264 0.0000e+00
        245  38.598426    0.01694     1.0167     61.000  1024.6370  50207.025    31.1521      1.244    7.26632     4.9534     4.9509    24.6311   13.01770 8.1450e+01      1.255 0.0000e+00
        246  38.598429    0.01701     1.0208     61.250  1024.6371  50207.177    31.1525      1.239    7.26607     4.9550     4.9522    24.6313   13.01729 8.0617e+01      1.251 0.0000e+00
        247  38.598432    0.01708     1.0250     61.500  1024.6374  50207.502    31.1530      1.242    7.26582     4.9568     4.9535    24.6316   13.01687 8.0449e+01      1.254 0.0000e+00
        248  38.598435    0.01715     1.0292     61.750  1024.6374  50207.236    31.1531      1.251    7.26554     4.9587     4.9551    24.6316   13.01640 8.1107e+01      1.263 0.0000e+00
        249  38.598438    0.01722     1.0333     62.000  1024.6369  50205.955    31.1527      1.261    7.26524     4.9602     4.9569    24.6310   13.01591 8.2198e+01      1.272 0.0000e+00
        250  38.598440    0.01729     1.0375     62.250  1024.6359  50204.003    31.1517      1.265    7.26497     4.9613     4.9588    24.6300   13.01548 8.2707e+01      1.277 0.0000e+00
        251  38.598443    0.01736     1.0417     62.500  1024.6349  50201.985    31.1507      1.263    7.26476     4.9619     4.9603    24.6290   13.01514 8.2320e+01      1.275 0.0000e+00
        252  38.598446    0.01743     1.0458     62.750  1024.6340  50200.299    31.1497      1.255    7.26462     4.9621     4.9614    24.6282   13.01492 8.1875e+01      1.267 0.0000e+00
        253  38.598449    0.01750     1.0500     63.000  1024.6335  50199.244    31.1491      1.245    7.26454     4.9622     4.9620    24.6276   13.01480 8.1801e+01      1.257 0.0000e+00
        254  38.598452    0.01757     1.0542     63.250  1024.6332  50198.847    31.1489      1.239    7.26450     4.9623     4.9622    24.6274   13.01474 8.1756e+01      1.251 0.0000e+00
        255  38.598455    0.01764     1.0583     63.500  1024.6332  50198.808    31.1489      1.240    7.26448     4.9624     4.9623    24.6274   13.01471 8.1580e+01      1.251 0.0000e+00
