CTD-processing/allCTD/CNV--homogene/2019_02-07_t9_s09_cast073.cnv
* Sea-Bird SBE19plus Data File:
* FileName = C:\Users\Kim.Powell\Desktop\Not Processed\2019\2019_02-08\2019_02-08_TRANSECT_STATION_cast073.hex
* Software Version 1.59
* Temperature SN =  4141
* Conductivity SN =  4141
* System UpLoad Time = Mar 19 2019 08:35:49
** 2018_02-07
** Station: 9-09
** Start Time: 16:31
** Depth (m): 85
** Comment:
** Comment:
# nquan = 17
# nvalues = 649                         
# units = specified
# name 0 = scan: Scan Count
# name 1 = timeJ: Julian Days
# name 2 = timeH: Time, Elapsed [hours]
# name 3 = timeM: Time, Elapsed [minutes]
# name 4 = timeS: Time, Elapsed [seconds]
# name 5 = density00: Density [density, kg/m^3]
# name 6 = specc: Specific Conductance [uS/cm]
# name 7 = sal00: Salinity, Practical [PSU]
# name 8 = depSM: Depth [salt water, m], lat = 59.00
# name 9 = oxsolML/L: Oxygen Saturation, Garcia & Gordon [ml/l]
# name 10 = potemp090C: Potential Temperature [ITS-90, deg C]
# name 11 = tv290C: Temperature [ITS-90, deg C]
# name 12 = sigma-é00: Density [sigma-theta, kg/m^3]
# name 13 = n2satML/L: Nitrogen Saturation [ml/l]
# name 14 = par: PAR/Irradiance, Biospherical/Licor
# name 15 = prdM: Pressure, Strain Gauge [db]
# name 16 = flag:  0.000e+00
# span 0 =          1,        649       
# span 1 =  38.688796,  38.690671       
# span 2 =    0.00000,    0.04500       
# span 3 =     0.0000,     2.7000       
# span 4 =      0.000,    162.000       
# span 5 =  1010.7158,  1025.2014       
# span 6 =  22416.395,  50522.088       
# span 7 =    13.5332,    31.5369       
# span 8 =      0.310,     82.197       
# span 9 =    7.07067,    8.27777       
# span 10 =     4.2352,     5.9857      
# span 11 =     4.2353,     5.9922      
# span 12 =    10.7143,    24.8234      
# span 13 =   12.68957,   14.95602      
# span 14 = 3.6172e-02, 6.6380e+01      
# span 15 =      0.312,     82.989      
# span 16 = 0.0000e+00, 0.0000e+00      
# interval = seconds: 0.25
# start_time = Feb 07 2019 16:31:52 [Instrument's time stamp, header]
# bad_flag = -9.990e-29
*END*
          1  38.688796    0.00000     0.0000      0.000  1010.7158  22416.395    13.5332      0.310    8.27777     4.5047     4.6018    10.7143   14.95602 6.6380e+01      0.312 0.0000e+00
          2  38.688799    0.00007     0.0042      0.250  1015.1547  31328.804    19.1328      0.420    7.98188     4.4439     4.5608    15.1528   14.38165 5.8710e+01      0.423 0.0000e+00
          3  38.688802    0.00014     0.0083      0.500  1018.8257  38683.812    23.7605      0.555    7.74198     4.3900     4.5047    18.8231   13.91493 4.8456e+01      0.561 0.0000e+00
          4  38.688805    0.00021     0.0125      0.750  1021.1093  43250.300    26.6356      0.694    7.59803     4.3487     4.4439    21.1061   13.63359 3.8414e+01      0.701 0.0000e+00
          5  38.688808    0.00028     0.0167      1.000  1022.4975  46025.762    28.3809      0.815    7.51375     4.3200     4.3900    22.4937   13.46798 3.1523e+01      0.823 0.0000e+00
          6  38.688811    0.00035     0.0208      1.250  1023.3404  47710.577    29.4394      0.905    7.46423     4.3014     4.3487    23.3361   13.37019 2.7780e+01      0.913 0.0000e+00
          7  38.688814    0.00042     0.0250      1.500  1023.8509  48730.919    30.0801      0.965    7.43494     4.2898     4.3201    23.8463   13.31213 2.6280e+01      0.974 0.0000e+00
          8  38.688817    0.00049     0.0292      1.750  1024.1594  49347.330    30.4671      1.002    7.41749     4.2827     4.3015    24.1546   13.27747 2.6525e+01      1.012 0.0000e+00
          9  38.688819    0.00056     0.0333      2.000  1024.3450  49718.146    30.6998      1.026    7.40707     4.2781     4.2899    24.3401   13.25674 2.7725e+01      1.035 0.0000e+00
         10  38.688822    0.00063     0.0375      2.250  1024.4557  49939.597    30.8387      1.041    7.40088     4.2751     4.2828    24.4508   13.24444 2.9362e+01      1.051 0.0000e+00
         11  38.688825    0.00069     0.0417      2.500  1024.5216  50071.415    30.9212      1.052    7.39727     4.2731     4.2782    24.5167   13.23722 3.1186e+01      1.062 0.0000e+00
         12  38.688828    0.00076     0.0458      2.750  1024.5612  50150.700    30.9708      1.059    7.39515     4.2719     4.2751    24.5562   13.23297 3.2890e+01      1.069 0.0000e+00
         13  38.688831    0.00083     0.0500      3.000  1024.5853  50198.834    31.0009      1.061    7.39389     4.2714     4.2731    24.5803   13.23044 3.4204e+01      1.071 0.0000e+00
         14  38.688834    0.00090     0.0542      3.250  1024.6000  50228.340    31.0194      1.060    7.39311     4.2714     4.2720    24.5950   13.22887 3.5093e+01      1.070 0.0000e+00
         15  38.688837    0.00097     0.0583      3.500  1024.6093  50246.779    31.0311      1.060    7.39258     4.2715     4.2715    24.6043   13.22781 3.5766e+01      1.070 0.0000e+00
         16  38.688840    0.00104     0.0625      3.750  1024.6152  50258.307    31.0384      1.064    7.39219     4.2717     4.2714    24.6101   13.22707 3.6214e+01      1.074 0.0000e+00
         17  38.688843    0.00111     0.0667      4.000  1024.6190  50265.686    31.0432      1.072    7.39190     4.2719     4.2716    24.6139   13.22652 3.6304e+01      1.082 0.0000e+00
         18  38.688845    0.00118     0.0708      4.250  1024.6218  50271.027    31.0467      1.082    7.39169     4.2719     4.2718    24.6167   13.22611 3.6188e+01      1.092 0.0000e+00
         19  38.688848    0.00125     0.0750      4.500  1024.6241  50275.455    31.0496      1.089    7.39151     4.2720     4.2719    24.6190   13.22578 3.6003e+01      1.099 0.0000e+00
         20  38.688851    0.00132     0.0792      4.750  1024.6258  50278.689    31.0518      1.091    7.39138     4.2720     4.2720    24.6207   13.22554 3.5864e+01      1.101 0.0000e+00
         21  38.688854    0.00139     0.0833      5.000  1024.6263  50279.711    31.0525      1.087    7.39133     4.2719     4.2721    24.6212   13.22545 3.5909e+01      1.097 0.0000e+00
         22  38.688857    0.00146     0.0875      5.250  1024.6255  50278.245    31.0514      1.079    7.39138     4.2718     4.2721    24.6204   13.22554 3.6064e+01      1.089 0.0000e+00
         23  38.688860    0.00153     0.0917      5.500  1024.6239  50275.418    31.0495      1.069    7.39150     4.2716     4.2720    24.6188   13.22576 3.6239e+01      1.079 0.0000e+00
         24  38.688863    0.00160     0.0958      5.750  1024.6224  50272.734    31.0476      1.063    7.39161     4.2714     4.2719    24.6174   13.22597 3.6359e+01      1.072 0.0000e+00
         25  38.688866    0.00167     0.1000      6.000  1024.6214  50270.983    31.0464      1.061    7.39170     4.2712     4.2717    24.6164   13.22613 3.6262e+01      1.071 0.0000e+00
         26  38.688869    0.00174     0.1042      6.250  1024.6210  50270.200    31.0458      1.065    7.39176     4.2708     4.2715    24.6160   13.22624 3.6000e+01      1.074 0.0000e+00
         27  38.688872    0.00181     0.1083      6.500  1024.6210  50270.094    31.0457      1.072    7.39182     4.2704     4.2713    24.6159   13.22634 3.5806e+01      1.081 0.0000e+00
         28  38.688874    0.00187     0.1125      6.750  1024.6211  50270.285    31.0457      1.078    7.39188     4.2699     4.2709    24.6160   13.22644 3.5859e+01      1.088 0.0000e+00
         29  38.688877    0.00194     0.1167      7.000  1024.6211  50270.250    31.0456      1.079    7.39197     4.2693     4.2705    24.6159   13.22658 3.6196e+01      1.089 0.0000e+00
         30  38.688880    0.00201     0.1208      7.250  1024.6207  50269.649    31.0451      1.076    7.39209     4.2686     4.2699    24.6155   13.22679 3.6539e+01      1.086 0.0000e+00
         31  38.688883    0.00208     0.1250      7.500  1024.6200  50268.655    31.0443      1.069    7.39224     4.2679     4.2693    24.6149   13.22705 3.6589e+01      1.079 0.0000e+00
         32  38.688886    0.00215     0.1292      7.750  1024.6194  50267.745    31.0435      1.064    7.39239     4.2672     4.2687    24.6144   13.22731 3.6398e+01      1.074 0.0000e+00
         33  38.688889    0.00222     0.1333      8.000  1024.6192  50267.370    31.0431      1.065    7.39254     4.2665     4.2680    24.6141   13.22756 3.6178e+01      1.074 0.0000e+00
         34  38.688892    0.00229     0.1375      8.250  1024.6193  50267.641    31.0431      1.071    7.39266     4.2657     4.2673    24.6142   13.22776 3.5993e+01      1.081 0.0000e+00
         35  38.688895    0.00236     0.1417      8.500  1024.6196  50268.370    31.0434      1.081    7.39277     4.2648     4.2666    24.6145   13.22795 3.5879e+01      1.091 0.0000e+00
         36  38.688898    0.00243     0.1458      8.750  1024.6201  50269.342    31.0439      1.089    7.39289     4.2639     4.2658    24.6150   13.22815 3.5875e+01      1.099 0.0000e+00
         37  38.688900    0.00250     0.1500      9.000  1024.6205  50270.132    31.0442      1.090    7.39304     4.2629     4.2649    24.6154   13.22838 3.5887e+01      1.101 0.0000e+00
         38  38.688903    0.00257     0.1542      9.250  1024.6204  50270.130    31.0440      1.085    7.39322     4.2619     4.2639    24.6153   13.22868 3.6020e+01      1.095 0.0000e+00
         39  38.688906    0.00264     0.1583      9.500  1024.6198  50269.257    31.0432      1.075    7.39344     4.2610     4.2629    24.6148   13.22905 3.6380e+01      1.085 0.0000e+00
         40  38.688909    0.00271     0.1625      9.750  1024.6191  50268.189    31.0423      1.065    7.39366     4.2601     4.2619    24.6141   13.22944 3.6597e+01      1.075 0.0000e+00
         41  38.688912    0.00278     0.1667     10.000  1024.6187  50267.702    31.0417      1.059    7.39385     4.2594     4.2610    24.6138   13.22976 3.6406e+01      1.069 0.0000e+00
         42  38.688915    0.00285     0.1708     10.250  1024.6189  50268.062    31.0418      1.058    7.39400     4.2586     4.2602    24.6139   13.23000 3.6245e+01      1.068 0.0000e+00
         43  38.688918    0.00292     0.1750     10.500  1024.6194  50269.090    31.0423      1.061    7.39411     4.2577     4.2595    24.6144   13.23018 3.6554e+01      1.071 0.0000e+00
         44  38.688921    0.00299     0.1792     10.750  1024.6200  50270.375    31.0430      1.063    7.39422     4.2567     4.2587    24.6150   13.23035 3.6944e+01      1.073 0.0000e+00
         45  38.688924    0.00306     0.1833     11.000  1024.6204  50271.178    31.0433      1.062    7.39436     4.2557     4.2578    24.6154   13.23057 3.6828e+01      1.072 0.0000e+00
         46  38.688927    0.00313     0.1875     11.250  1024.6200  50270.751    31.0428      1.060    7.39456     4.2547     4.2568    24.6150   13.23091 3.6429e+01      1.070 0.0000e+00
         47  38.688929    0.00319     0.1917     11.500  1024.6192  50269.388    31.0416      1.061    7.39481     4.2541     4.2558    24.6142   13.23133 3.6370e+01      1.071 0.0000e+00
         48  38.688932    0.00326     0.1958     11.750  1024.6187  50268.562    31.0409      1.069    7.39502     4.2540     4.2548    24.6136   13.23169 3.6558e+01      1.079 0.0000e+00
         49  38.688935    0.00333     0.2000     12.000  1024.6191  50269.319    31.0413      1.081    7.39511     4.2544     4.2542    24.6140   13.23183 3.6518e+01      1.092 0.0000e+00
         50  38.688938    0.00340     0.2042     12.250  1024.6203  50271.374    31.0426      1.095    7.39506     4.2552     4.2541    24.6151   13.23173 3.6344e+01      1.105 0.0000e+00
         51  38.688941    0.00347     0.2083     12.500  1024.6216  50273.676    31.0443      1.102    7.39491     4.2562     4.2545    24.6164   13.23145 3.6253e+01      1.112 0.0000e+00
         52  38.688944    0.00354     0.2125     12.750  1024.6224  50275.070    31.0454      1.099    7.39471     4.2574     4.2553    24.6172   13.23111 3.6223e+01      1.109 0.0000e+00
         53  38.688947    0.00361     0.2167     13.000  1024.6225  50275.052    31.0456      1.086    7.39451     4.2589     4.2563    24.6173   13.23078 3.6376e+01      1.097 0.0000e+00
         54  38.688950    0.00368     0.2208     13.250  1024.6221  50274.337    31.0454      1.071    7.39430     4.2606     4.2575    24.6170   13.23044 3.6659e+01      1.081 0.0000e+00
         55  38.688953    0.00375     0.2250     13.500  1024.6219  50273.913    31.0455      1.058    7.39403     4.2623     4.2590    24.6169   13.23000 3.6798e+01      1.068 0.0000e+00
         56  38.688955    0.00382     0.2292     13.750  1024.6220  50273.766    31.0458      1.050    7.39372     4.2638     4.2607    24.6170   13.22948 3.6812e+01      1.061 0.0000e+00
         57  38.688958    0.00389     0.2333     14.000  1024.6220  50273.549    31.0460      1.049    7.39341     4.2651     4.2623    24.6170   13.22896 3.6840e+01      1.059 0.0000e+00
         58  38.688961    0.00396     0.2375     14.250  1024.6220  50273.296    31.0462      1.053    7.39312     4.2662     4.2639    24.6170   13.22849 3.6873e+01      1.063 0.0000e+00
         59  38.688964    0.00403     0.2417     14.500  1024.6220  50273.039    31.0463      1.059    7.39288     4.2673     4.2652    24.6170   13.22810 3.6931e+01      1.069 0.0000e+00
         60  38.688967    0.00410     0.2458     14.750  1024.6219  50272.652    31.0463      1.066    7.39268     4.2684     4.2663    24.6169   13.22776 3.7021e+01      1.076 0.0000e+00
         61  38.688970    0.00417     0.2500     15.000  1024.6217  50272.087    31.0461      1.071    7.39250     4.2697     4.2673    24.6166   13.22746 3.7073e+01      1.081 0.0000e+00
         62  38.688973    0.00424     0.2542     15.250  1024.6215  50271.491    31.0460      1.075    7.39230     4.2712     4.2685    24.6164   13.22714 3.7081e+01      1.085 0.0000e+00
         63  38.688976    0.00431     0.2583     15.500  1024.6214  50271.057    31.0460      1.077    7.39207     4.2726     4.2698    24.6163   13.22675 3.6994e+01      1.087 0.0000e+00
         64  38.688979    0.00438     0.2625     15.750  1024.6214  50270.895    31.0462      1.079    7.39180     4.2740     4.2712    24.6163   13.22630 3.6853e+01      1.089 0.0000e+00
         65  38.688981    0.00444     0.2667     16.000  1024.6216  50270.952    31.0466      1.079    7.39152     4.2752     4.2727    24.6165   13.22583 3.6824e+01      1.089 0.0000e+00
         66  38.688984    0.00451     0.2708     16.250  1024.6218  50271.123    31.0470      1.078    7.39125     4.2763     4.2740    24.6167   13.22539 3.6949e+01      1.088 0.0000e+00
         67  38.688987    0.00458     0.2750     16.500  1024.6220  50271.332    31.0474      1.076    7.39102     4.2773     4.2752    24.6169   13.22500 3.7062e+01      1.086 0.0000e+00
         68  38.688990    0.00465     0.2792     16.750  1024.6221  50271.434    31.0477      1.072    7.39081     4.2782     4.2763    24.6171   13.22465 3.7047e+01      1.082 0.0000e+00
         69  38.688993    0.00472     0.2833     17.000  1024.6220  50271.168    31.0478      1.069    7.39063     4.2792     4.2773    24.6170   13.22435 3.7050e+01      1.079 0.0000e+00
         70  38.688996    0.00479     0.2875     17.250  1024.6217  50270.388    31.0475      1.067    7.39047     4.2803     4.2783    24.6167   13.22409 3.7099e+01      1.077 0.0000e+00
         71  38.688999    0.00486     0.2917     17.500  1024.6212  50269.380    31.0470      1.068    7.39031     4.2815     4.2793    24.6162   13.22384 3.7105e+01      1.078 0.0000e+00
         72  38.689002    0.00493     0.2958     17.750  1024.6209  50268.535    31.0467      1.070    7.39013     4.2828     4.2804    24.6158   13.22355 3.7122e+01      1.080 0.0000e+00
         73  38.689005    0.00500     0.3000     18.000  1024.6206  50267.905    31.0465      1.072    7.38992     4.2841     4.2816    24.6156   13.22320 3.7173e+01      1.082 0.0000e+00
         74  38.689008    0.00507     0.3042     18.250  1024.6205  50267.405    31.0465      1.074    7.38969     4.2852     4.2829    24.6154   13.22282 3.7161e+01      1.084 0.0000e+00
         75  38.689010    0.00514     0.3083     18.500  1024.6204  50267.023    31.0465      1.074    7.38946     4.2861     4.2842    24.6153   13.22244 3.7045e+01      1.084 0.0000e+00
         76  38.689013    0.00521     0.3125     18.750  1024.6203  50266.779    31.0466      1.073    7.38925     4.2868     4.2853    24.6153   13.22210 3.6935e+01      1.083 0.0000e+00
         77  38.689016    0.00528     0.3167     19.000  1024.6203  50266.676    31.0467      1.072    7.38908     4.2873     4.2862    24.6153   13.22181 3.6904e+01      1.082 0.0000e+00
         78  38.689019    0.00535     0.3208     19.250  1024.6204  50266.795    31.0469      1.070    7.38895     4.2876     4.2869    24.6154   13.22159 3.6943e+01      1.080 0.0000e+00
         79  38.689022    0.00542     0.3250     19.500  1024.6207  50267.294    31.0474      1.068    7.38885     4.2877     4.2873    24.6157   13.22141 3.7084e+01      1.078 0.0000e+00
         80  38.689025    0.00549     0.3292     19.750  1024.6212  50268.211    31.0481      1.066    7.38876     4.2877     4.2876    24.6162   13.22126 3.7323e+01      1.076 0.0000e+00
         81  38.689028    0.00556     0.3333     20.000  1024.6219  50269.398    31.0490      1.063    7.38869     4.2876     4.2878    24.6169   13.22114 3.7590e+01      1.073 0.0000e+00
         82  38.689031    0.00562     0.3375     20.250  1024.6226  50270.702    31.0499      1.061    7.38865     4.2872     4.2878    24.6176   13.22105 3.7789e+01      1.071 0.0000e+00
         83  38.689034    0.00569     0.3417     20.500  1024.6233  50272.064    31.0508      1.062    7.38864     4.2868     4.2876    24.6183   13.22102 3.7848e+01      1.072 0.0000e+00
         84  38.689036    0.00576     0.3458     20.750  1024.6240  50273.470    31.0516      1.065    7.38865     4.2864     4.2873    24.6191   13.22103 3.7796e+01      1.075 0.0000e+00
         85  38.689039    0.00583     0.3500     21.000  1024.6248  50274.942    31.0525      1.071    7.38868     4.2860     4.2868    24.6198   13.22107 3.7729e+01      1.081 0.0000e+00
