CTD-processing/allCTD/CNV--homogene/2019_03-19_t9_s01_cast104.cnv
* Sea-Bird SBE19plus Data File:
* FileName = C:\Users\Kim.Powell\Desktop\Not Processed\2019\2019_03-19_AlongBay, T9_4141\2019_03-19_TRANSECT_STATION_cast104.hex
* Software Version 1.59
* Temperature SN =  4141
* Conductivity SN =  4141
* System UpLoad Time = Mar 20 2019 08:39:48
** 2018_03-19
** Station: 9-01
** Start Time: 14:16
** Depth (m): 50.4
** Comment:**CTD time was 1 hour behind**
** Comment:
# nquan = 17
# nvalues = 555                         
# units = specified
# name 0 = scan: Scan Count
# name 1 = timeJ: Julian Days
# name 2 = timeH: Time, Elapsed [hours]
# name 3 = timeM: Time, Elapsed [minutes]
# name 4 = timeS: Time, Elapsed [seconds]
# name 5 = density00: Density [density, kg/m^3]
# name 6 = specc: Specific Conductance [uS/cm]
# name 7 = sal00: Salinity, Practical [PSU]
# name 8 = depSM: Depth [salt water, m], lat = 59.00
# name 9 = oxsolML/L: Oxygen Saturation, Garcia & Gordon [ml/l]
# name 10 = potemp090C: Potential Temperature [ITS-90, deg C]
# name 11 = tv290C: Temperature [ITS-90, deg C]
# name 12 = sigma-é00: Density [sigma-theta, kg/m^3]
# name 13 = n2satML/L: Nitrogen Saturation [ml/l]
# name 14 = par: PAR/Irradiance, Biospherical/Licor
# name 15 = prdM: Pressure, Strain Gauge [db]
# name 16 = flag:  0.000e+00
# span 0 =          1,        555       
# span 1 =  78.553414,  78.555017       
# span 2 =    0.00000,    0.03847       
# span 3 =     0.0000,     2.3083       
# span 4 =      0.000,    138.500       
# span 5 =  1024.2034,  1025.2441       
# span 6 =  49377.592,  50851.137       
# span 7 =    30.6455,    31.6891       
# span 8 =      0.664,     53.553       
# span 9 =    7.14230,    7.30828       
# span 10 =     4.9221,     5.5183      
# span 11 =     4.7146,     5.5224      
# span 12 =    24.1986,    24.9937      
# span 13 =   12.80596,   13.08712      
# span 14 = 4.8573e-02, 9.5056e+02      
# span 15 =      0.670,     54.065      
# span 16 = 0.0000e+00, 0.0000e+00      
# interval = seconds: 0.25
# start_time = Mar 19 2019 13:16:55 [Instrument's time stamp, header]
# bad_flag = -9.990e-29
*END*
          1  78.553414    0.00000     0.0000      0.000  1024.6518  50269.563    31.1432      0.664    7.30828     4.9221     4.7146    24.6487   13.08712 5.1566e+02      0.670 0.0000e+00
          2  78.553417    0.00007     0.0042      0.250  1024.5333  50037.643    31.0072      0.711    7.29642     4.9963     4.8199    24.5299   13.06930 4.6217e+02      0.717 0.0000e+00
          3  78.553420    0.00014     0.0083      0.500  1024.4116  49800.532    30.8668      0.750    7.28535     5.0439     4.9222    24.4080   13.05282 4.2290e+02      0.757 0.0000e+00
          4  78.553423    0.00021     0.0125      0.750  1024.3175  49618.002    30.7577      0.774    7.27767     5.0761     4.9964    24.3138   13.04155 4.1516e+02      0.781 0.0000e+00
          5  78.553426    0.00028     0.0167      1.000  1024.2570  49500.760    30.6875      0.786    7.27276     5.1023     5.0439    24.2533   13.03435 4.3236e+02      0.793 0.0000e+00
          6  78.553429    0.00035     0.0208      1.250  1024.2251  49438.129    30.6515      0.789    7.26889     5.1269     5.0761    24.2214   13.02843 4.5273e+02      0.796 0.0000e+00
          7  78.553432    0.00042     0.0250      1.500  1024.2191  49424.070    30.6474      0.787    7.26451     5.1506     5.1024    24.2154   13.02126 4.6873e+02      0.795 0.0000e+00
          8  78.553435    0.00049     0.0292      1.750  1024.2337  49448.394    30.6692      0.782    7.25916     5.1728     5.1270    24.2300   13.01214 4.9113e+02      0.790 0.0000e+00
          9  78.553438    0.00056     0.0333      2.000  1024.2573  49489.559    30.7023      0.776    7.25345     5.1936     5.1506    24.2537   13.00226 5.1534e+02      0.784 0.0000e+00
         10  78.553440    0.00063     0.0375      2.250  1024.2797  49528.567    30.7336      0.770    7.24808     5.2133     5.1728    24.2761   12.99300 5.3545e+02      0.777 0.0000e+00
         11  78.553443    0.00069     0.0417      2.500  1024.2964  49557.129    30.7575      0.765    7.24331     5.2313     5.1936    24.2927   12.98481 5.6435e+02      0.772 0.0000e+00
         12  78.553446    0.00076     0.0458      2.750  1024.3066  49573.978    30.7731      0.763    7.23915     5.2468     5.2133    24.3029   12.97773 6.0405e+02      0.770 0.0000e+00
         13  78.553449    0.00083     0.0500      3.000  1024.3105  49579.504    30.7805      0.764    7.23568     5.2590     5.2313    24.3069   12.97189 6.4337e+02      0.771 0.0000e+00
         14  78.553452    0.00090     0.0542      3.250  1024.3077  49572.679    30.7790      0.770    7.23306     5.2670     5.2469    24.3041   12.96759 6.6141e+02      0.777 0.0000e+00
         15  78.553455    0.00097     0.0583      3.500  1024.2968  49551.335    30.7669      0.780    7.23154     5.2698     5.2591    24.2931   12.96523 6.3129e+02      0.787 0.0000e+00
         16  78.553458    0.00104     0.0625      3.750  1024.2758  49511.692    30.7413      0.794    7.23139     5.2658     5.2670    24.2721   12.96532 5.8181e+02      0.801 0.0000e+00
         17  78.553461    0.00111     0.0667      4.000  1024.2446  49453.846    30.7022      0.808    7.23280     5.2557     5.2698    24.2408   12.96815 5.4220e+02      0.816 0.0000e+00
         18  78.553464    0.00118     0.0708      4.250  1024.2243  49416.721    30.6760      0.819    7.23474     5.2454     5.2659    24.2205   12.97171 5.0322e+02      0.826 0.0000e+00
         19  78.553466    0.00125     0.0750      4.500  1024.2414  49449.119    30.6962      0.825    7.23552     5.2423     5.2557    24.2375   12.97273 4.8607e+02      0.832 0.0000e+00
         20  78.553469    0.00132     0.0792      4.750  1024.2855  49531.419    30.7505      0.831    7.23467     5.2480     5.2455    24.2816   12.97062 4.9865e+02      0.838 0.0000e+00
         21  78.553472    0.00139     0.0833      5.000  1024.3292  49612.202    30.8052      0.838    7.23256     5.2593     5.2424    24.3253   12.96643 5.1365e+02      0.846 0.0000e+00
         22  78.553475    0.00146     0.0875      5.250  1024.3594  49667.156    30.8441      0.849    7.22971     5.2726     5.2480    24.3554   12.96122 5.2410e+02      0.857 0.0000e+00
         23  78.553478    0.00153     0.0917      5.500  1024.3751  49694.978    30.8655      0.862    7.22673     5.2854     5.2593    24.3711   12.95601 5.3764e+02      0.870 0.0000e+00
         24  78.553481    0.00160     0.0958      5.750  1024.3818  49705.937    30.8757      0.871    7.22393     5.2965     5.2727    24.3777   12.95126 5.4431e+02      0.880 0.0000e+00
         25  78.553484    0.00167     0.1000      6.000  1024.3848  49710.246    30.8813      0.876    7.22145     5.3054     5.2855    24.3807   12.94708 5.3704e+02      0.884 0.0000e+00
         26  78.553487    0.00174     0.1042      6.250  1024.3867  49712.522    30.8851      0.876    7.21937     5.3124     5.2966    24.3825   12.94359 5.2742e+02      0.885 0.0000e+00
         27  78.553490    0.00181     0.1083      6.500  1024.3877  49713.520    30.8876      0.875    7.21772     5.3179     5.3054    24.3835   12.94083 5.2322e+02      0.883 0.0000e+00
         28  78.553492    0.00187     0.1125      6.750  1024.3877  49712.895    30.8886      0.874    7.21646     5.3224     5.3124    24.3835   12.93875 5.3784e+02      0.882 0.0000e+00
         29  78.553495    0.00194     0.1167      7.000  1024.3868  49710.744    30.8882      0.875    7.21552     5.3260     5.3180    24.3827   12.93720 5.8764e+02      0.883 0.0000e+00
         30  78.553498    0.00201     0.1208      7.250  1024.3858  49708.485    30.8876      0.879    7.21479     5.3288     5.3225    24.3817   12.93599 6.3194e+02      0.887 0.0000e+00
         31  78.553501    0.00208     0.1250      7.500  1024.3856  49707.667    30.8878      0.885    7.21416     5.3310     5.3260    24.3814   12.93495 6.2293e+02      0.894 0.0000e+00
         32  78.553504    0.00215     0.1292      7.750  1024.3863  49708.754    30.8891      0.893    7.21361     5.3326     5.3289    24.3822   12.93403 5.8866e+02      0.902 0.0000e+00
         33  78.553507    0.00222     0.1333      8.000  1024.3880  49711.506    30.8914      0.903    7.21313     5.3338     5.3310    24.3838   12.93320 5.5935e+02      0.911 0.0000e+00
         34  78.553510    0.00229     0.1375      8.250  1024.3901  49715.253    30.8943      0.912    7.21271     5.3347     5.3327    24.3859   12.93247 5.3920e+02      0.920 0.0000e+00
         35  78.553513    0.00236     0.1417      8.500  1024.3924  49719.199    30.8972      0.921    7.21236     5.3354     5.3339    24.3881   12.93185 5.3973e+02      0.929 0.0000e+00
         36  78.553516    0.00243     0.1458      8.750  1024.3946  49723.207    30.9002      0.927    7.21206     5.3358     5.3348    24.3903   12.93133 5.3981e+02      0.935 0.0000e+00
         37  78.553519    0.00250     0.1500      9.000  1024.3972  49727.830    30.9035      0.930    7.21179     5.3360     5.3354    24.3928   12.93084 5.1872e+02      0.939 0.0000e+00
         38  78.553521    0.00257     0.1542      9.250  1024.4002  49733.334    30.9073      0.933    7.21153     5.3360     5.3358    24.3958   12.93036 4.9474e+02      0.942 0.0000e+00
         39  78.553524    0.00264     0.1583      9.500  1024.4033  49738.929    30.9112      0.935    7.21131     5.3361     5.3360    24.3989   12.92995 4.7659e+02      0.944 0.0000e+00
         40  78.553527    0.00271     0.1625      9.750  1024.4057  49743.353    30.9143      0.937    7.21116     5.3362     5.3361    24.4013   12.92965 4.7866e+02      0.946 0.0000e+00
         41  78.553530    0.00278     0.1667     10.000  1024.4073  49746.290    30.9163      0.939    7.21105     5.3365     5.3361    24.4029   12.92944 5.0293e+02      0.948 0.0000e+00
         42  78.553533    0.00285     0.1708     10.250  1024.4084  49748.386    30.9178      0.942    7.21095     5.3369     5.3363    24.4040   12.92926 5.2643e+02      0.950 0.0000e+00
         43  78.553536    0.00292     0.1750     10.500  1024.4096  49750.441    30.9192      0.944    7.21082     5.3372     5.3366    24.4052   12.92904 5.3962e+02      0.952 0.0000e+00
         44  78.553539    0.00299     0.1792     10.750  1024.4110  49753.113    30.9212      0.945    7.21067     5.3374     5.3370    24.4066   12.92876 5.4160e+02      0.954 0.0000e+00
         45  78.553542    0.00306     0.1833     11.000  1024.4130  49756.596    30.9236      0.947    7.21050     5.3376     5.3373    24.4085   12.92844 5.4443e+02      0.955 0.0000e+00
         46  78.553545    0.00313     0.1875     11.250  1024.4152  49760.533    30.9264      0.949    7.21033     5.3378     5.3375    24.4107   12.92813 5.6057e+02      0.958 0.0000e+00
         47  78.553547    0.00319     0.1917     11.500  1024.4171  49763.971    30.9288      0.953    7.21019     5.3383     5.3377    24.4126   12.92786 5.6246e+02      0.963 0.0000e+00
         48  78.553550    0.00326     0.1958     11.750  1024.4180  49765.677    30.9300      0.960    7.21008     5.3391     5.3379    24.4135   12.92767 5.3024e+02      0.969 0.0000e+00
         49  78.553553    0.00333     0.2000     12.000  1024.4179  49765.273    30.9298      0.967    7.21001     5.3400     5.3384    24.4133   12.92755 5.1145e+02      0.977 0.0000e+00
         50  78.553556    0.00340     0.2042     12.250  1024.4172  49763.929    30.9290      0.974    7.20992     5.3409     5.3392    24.4126   12.92742 5.3120e+02      0.984 0.0000e+00
         51  78.553559    0.00347     0.2083     12.500  1024.4171  49763.633    30.9290      0.979    7.20977     5.3416     5.3401    24.4125   12.92717 5.5184e+02      0.988 0.0000e+00
         52  78.553562    0.00354     0.2125     12.750  1024.4181  49765.253    30.9303      0.982    7.20955     5.3420     5.3410    24.4134   12.92679 5.5817e+02      0.991 0.0000e+00
         53  78.553565    0.00361     0.2167     13.000  1024.4193  49767.377    30.9319      0.983    7.20935     5.3420     5.3417    24.4146   12.92643 5.5979e+02      0.992 0.0000e+00
         54  78.553568    0.00368     0.2208     13.250  1024.4194  49767.663    30.9322      0.984    7.20927     5.3416     5.3421    24.4148   12.92630 5.4425e+02      0.993 0.0000e+00
         55  78.553571    0.00375     0.2250     13.500  1024.4179  49764.843    30.9302      0.983    7.20937     5.3412     5.3420    24.4133   12.92649 5.1121e+02      0.992 0.0000e+00
         56  78.553573    0.00382     0.2292     13.750  1024.4149  49759.461    30.9264      0.981    7.20961     5.3409     5.3417    24.4103   12.92693 4.8194e+02      0.990 0.0000e+00
         57  78.553576    0.00389     0.2333     14.000  1024.4116  49753.524    30.9223      0.978    7.20988     5.3408     5.3413    24.4071   12.92743 4.5879e+02      0.987 0.0000e+00
         58  78.553579    0.00396     0.2375     14.250  1024.4095  49749.602    30.9195      0.974    7.21006     5.3406     5.3410    24.4049   12.92777 4.2882e+02      0.983 0.0000e+00
         59  78.553582    0.00403     0.2417     14.500  1024.4087  49748.193    30.9185      0.971    7.21013     5.3401     5.3409    24.4042   12.92790 4.0932e+02      0.980 0.0000e+00
         60  78.553585    0.00410     0.2458     14.750  1024.4072  49745.492    30.9167      0.972    7.21025     5.3390     5.3407    24.4027   12.92812 4.1591e+02      0.981 0.0000e+00
         61  78.553588    0.00417     0.2500     15.000  1024.4020  49735.990    30.9100      0.977    7.21066     5.3374     5.3402    24.3975   12.92888 4.3494e+02      0.986 0.0000e+00
         62  78.553591    0.00424     0.2542     15.250  1024.3909  49715.413    30.8957      0.988    7.21154     5.3353     5.3391    24.3863   12.93051 4.4825e+02      0.997 0.0000e+00
         63  78.553594    0.00431     0.2583     15.500  1024.3724  49681.399    30.8720      1.001    7.21296     5.3333     5.3375    24.3677   12.93317 4.4890e+02      1.011 0.0000e+00
         64  78.553597    0.00438     0.2625     15.750  1024.3495  49639.337    30.8427      1.012    7.21472     5.3319     5.3354    24.3448   12.93645 4.5225e+02      1.022 0.0000e+00
         65  78.553600    0.00444     0.2667     16.000  1024.3325  49608.134    30.8209      1.017    7.21611     5.3310     5.3334    24.3277   12.93904 4.6197e+02      1.027 0.0000e+00
         66  78.553602    0.00451     0.2708     16.250  1024.3317  49606.822    30.8197      1.017    7.21642     5.3306     5.3320    24.3269   12.93957 4.6987e+02      1.026 0.0000e+00
         67  78.553605    0.00458     0.2750     16.500  1024.3450  49631.465    30.8364      1.012    7.21576     5.3303     5.3311    24.3403   12.93826 4.6490e+02      1.022 0.0000e+00
         68  78.553608    0.00465     0.2792     16.750  1024.3609  49660.744    30.8564      1.006    7.21488     5.3298     5.3307    24.3561   12.93654 4.3788e+02      1.016 0.0000e+00
         69  78.553611    0.00472     0.2833     17.000  1024.3712  49679.900    30.8695      1.002    7.21429     5.3285     5.3304    24.3665   12.93541 3.9751e+02      1.011 0.0000e+00
         70  78.553614    0.00479     0.2875     17.250  1024.3734  49684.011    30.8722      0.999    7.21425     5.3261     5.3299    24.3687   12.93530 3.6145e+02      1.009 0.0000e+00
         71  78.553617    0.00486     0.2917     17.500  1024.3665  49671.350    30.8633      1.000    7.21490     5.3228     5.3286    24.3618   12.93649 3.3964e+02      1.009 0.0000e+00
         72  78.553620    0.00493     0.2958     17.750  1024.3506  49642.298    30.8429      1.002    7.21629     5.3193     5.3262    24.3459   12.93905 3.2943e+02      1.011 0.0000e+00
         73  78.553623    0.00500     0.3000     18.000  1024.3289  49602.731    30.8150      1.005    7.21820     5.3165     5.3229    24.3242   12.94257 3.2793e+02      1.015 0.0000e+00
         74  78.553626    0.00507     0.3042     18.250  1024.3080  49564.516    30.7881      1.009    7.22010     5.3143     5.3194    24.3033   12.94606 3.3472e+02      1.018 0.0000e+00
         75  78.553628    0.00514     0.3083     18.500  1024.2932  49537.354    30.7689      1.011    7.22153     5.3124     5.3165    24.2884   12.94866 3.4388e+02      1.021 0.0000e+00
         76  78.553631    0.00521     0.3125     18.750  1024.2866  49525.492    30.7603      1.013    7.22232     5.3103     5.3143    24.2819   12.95007 3.5605e+02      1.023 0.0000e+00
         77  78.553634    0.00528     0.3167     19.000  1024.2876  49527.532    30.7613      1.014    7.22260     5.3079     5.3124    24.2829   12.95052 3.8653e+02      1.023 0.0000e+00
         78  78.553637    0.00535     0.3208     19.250  1024.2903  49532.609    30.7644      1.014    7.22281     5.3053     5.3103    24.2855   12.95083 4.1652e+02      1.023 0.0000e+00
         79  78.553640    0.00542     0.3250     19.500  1024.2875  49527.653    30.7605      1.013    7.22340     5.3026     5.3080    24.2827   12.95186 4.1052e+02      1.023 0.0000e+00
         80  78.553643    0.00549     0.3292     19.750  1024.2785  49511.427    30.7489      1.012    7.22441     5.2998     5.3054    24.2738   12.95368 3.9092e+02      1.022 0.0000e+00
         81  78.553646    0.00556     0.3333     20.000  1024.2688  49493.787    30.7362      1.010    7.22550     5.2972     5.3026    24.2641   12.95564 3.8450e+02      1.019 0.0000e+00
         82  78.553649    0.00562     0.3375     20.250  1024.2638  49484.894    30.7295      1.007    7.22630     5.2950     5.2999    24.2591   12.95705 3.9086e+02      1.017 0.0000e+00
         83  78.553652    0.00569     0.3417     20.500  1024.2648  49486.915    30.7304      1.005    7.22670     5.2933     5.2973    24.2600   12.95771 4.0202e+02      1.015 0.0000e+00
         84  78.553655    0.00576     0.3458     20.750  1024.2665  49490.217    30.7322      1.004    7.22699     5.2919     5.2951    24.2617   12.95817 3.9921e+02      1.014 0.0000e+00
         85  78.553657    0.00583     0.3500     21.000  1024.2608  49479.898    30.7247      1.005    7.22764     5.2903     5.2934    24.2560   12.95934 3.8618e+02      1.015 0.0000e+00
