CTD-processing/allCTD/CNV--homogene/2019_03-19_t9_s04_cast107.cnv
* Sea-Bird SBE19plus Data File:
* FileName = C:\Users\Kim.Powell\Desktop\Not Processed\2019\2019_03-19_AlongBay, T9_4141\2019_03-19_TRANSECT_STATION_cast107.hex
* Software Version 1.59
* Temperature SN =  4141
* Conductivity SN =  4141
* System UpLoad Time = Mar 20 2019 08:42:41
** 2018_03-19
** Station: 9-04
** Start Time: 14:49
** Depth (m): 99
** Comment:**CTD time was 1 hour behind**
** Comment:
# nquan = 17
# nvalues = 692                         
# units = specified
# name 0 = scan: Scan Count
# name 1 = timeJ: Julian Days
# name 2 = timeH: Time, Elapsed [hours]
# name 3 = timeM: Time, Elapsed [minutes]
# name 4 = timeS: Time, Elapsed [seconds]
# name 5 = density00: Density [density, kg/m^3]
# name 6 = specc: Specific Conductance [uS/cm]
# name 7 = sal00: Salinity, Practical [PSU]
# name 8 = depSM: Depth [salt water, m], lat = 59.00
# name 9 = oxsolML/L: Oxygen Saturation, Garcia & Gordon [ml/l]
# name 10 = potemp090C: Potential Temperature [ITS-90, deg C]
# name 11 = tv290C: Temperature [ITS-90, deg C]
# name 12 = sigma-é00: Density [sigma-theta, kg/m^3]
# name 13 = n2satML/L: Nitrogen Saturation [ml/l]
# name 14 = par: PAR/Irradiance, Biospherical/Licor
# name 15 = prdM: Pressure, Strain Gauge [db]
# name 16 = flag:  0.000e+00
# span 0 =          1,        692       
# span 1 =  78.575671,  78.577671       
# span 2 =    0.00000,    0.04799       
# span 3 =     0.0000,     2.8792       
# span 4 =      0.000,    172.750       
# span 5 =  1024.4340,  1025.4545       
# span 6 =  49776.869,  50905.326       
# span 7 =    30.9803,    31.7118       
# span 8 =      0.879,     95.379       
# span 9 =    7.13729,    7.17303       
# span 10 =     5.4495,     5.5662      
# span 11 =     5.4502,     5.5663      
# span 12 =    24.4297,    25.0095      
# span 13 =   12.79740,   12.86418      
# span 14 = 3.8890e-02, 6.3537e+02      
# span 15 =      0.887,     96.302      
# span 16 = 0.0000e+00, 0.0000e+00      
# interval = seconds: 0.25
# start_time = Mar 19 2019 13:48:58 [Instrument's time stamp, header]
# bad_flag = -9.990e-29
*END*
[from data line 426]
        427  78.576904    0.02958     1.7750    106.500  1025.1528  50821.927    31.6754     36.132    7.14469     5.5099     5.5121    24.9838   12.81009 1.8821e+00     36.476 0.0000e+00
        428  78.576907    0.02965     1.7792    106.750  1025.1544  50823.055    31.6761     36.361    7.14461     5.5101     5.5124    24.9843   12.80994 1.8295e+00     36.707 0.0000e+00
        429  78.576910    0.02972     1.7833    107.000  1025.1560  50823.994    31.6767     36.593    7.14453     5.5103     5.5127    24.9848   12.80981 1.7776e+00     36.942 0.0000e+00
        430  78.576913    0.02979     1.7875    107.250  1025.1575  50824.841    31.6772     36.829    7.14447     5.5105     5.5129    24.9851   12.80969 1.7259e+00     37.180 0.0000e+00
        431  78.576916    0.02986     1.7917    107.500  1025.1590  50825.701    31.6777     37.068    7.14441     5.5106     5.5131    24.9855   12.80958 1.6748e+00     37.421 0.0000e+00
        432  78.576918    0.02993     1.7958    107.750  1025.1605  50826.527    31.6782     37.305    7.14435     5.5107     5.5133    24.9859   12.80949 1.6254e+00     37.661 0.0000e+00
        433  78.576921    0.03000     1.8000    108.000  1025.1619  50827.216    31.6786     37.540    7.14431     5.5108     5.5135    24.9862   12.80941 1.5785e+00     37.898 0.0000e+00
        434  78.576924    0.03007     1.8042    108.250  1025.1631  50827.750    31.6789     37.769    7.14427     5.5109     5.5136    24.9864   12.80935 1.5342e+00     38.129 0.0000e+00
        435  78.576927    0.03014     1.8083    108.500  1025.1643  50828.178    31.6791     37.992    7.14424     5.5110     5.5137    24.9866   12.80930 1.4920e+00     38.354 0.0000e+00
        436  78.576930    0.03021     1.8125    108.750  1025.1655  50828.564    31.6792     38.212    7.14422     5.5111     5.5139    24.9867   12.80925 1.4514e+00     38.577 0.0000e+00
        437  78.576933    0.03028     1.8167    109.000  1025.1666  50828.871    31.6794     38.434    7.14419     5.5112     5.5140    24.9868   12.80921 1.4115e+00     38.801 0.0000e+00
        438  78.576936    0.03035     1.8208    109.250  1025.1677  50829.103    31.6794     38.662    7.14417     5.5112     5.5141    24.9868   12.80918 1.3715e+00     39.031 0.0000e+00
        439  78.576939    0.03042     1.8250    109.500  1025.1689  50829.373    31.6795     38.901    7.14415     5.5112     5.5142    24.9869   12.80914 1.3306e+00     39.271 0.0000e+00
        440  78.576942    0.03049     1.8292    109.750  1025.1701  50829.719    31.6797     39.151    7.14413     5.5112     5.5142    24.9870   12.80911 1.2889e+00     39.524 0.0000e+00
        441  78.576944    0.03056     1.8333    110.000  1025.1715  50830.167    31.6799     39.409    7.14412     5.5113     5.5143    24.9871   12.80908 1.2478e+00     39.784 0.0000e+00
        442  78.576947    0.03062     1.8375    110.250  1025.1729  50830.658    31.6801     39.668    7.14410     5.5113     5.5143    24.9873   12.80905 1.2082e+00     40.046 0.0000e+00
        443  78.576950    0.03069     1.8417    110.500  1025.1742  50830.990    31.6802     39.923    7.14409     5.5113     5.5144    24.9874   12.80903 1.1704e+00     40.304 0.0000e+00
        444  78.576953    0.03076     1.8458    110.750  1025.1754  50831.176    31.6802     40.168    7.14408     5.5113     5.5144    24.9874   12.80901 1.1351e+00     40.551 0.0000e+00
        445  78.576956    0.03083     1.8500    111.000  1025.1765  50831.353    31.6802     40.402    7.14408     5.5113     5.5144    24.9874   12.80900 1.1028e+00     40.787 0.0000e+00
        446  78.576959    0.03090     1.8542    111.250  1025.1775  50831.552    31.6803     40.626    7.14407     5.5113     5.5144    24.9875   12.80900 1.0729e+00     41.013 0.0000e+00
        447  78.576962    0.03097     1.8583    111.500  1025.1786  50831.774    31.6803     40.844    7.14407     5.5113     5.5144    24.9875   12.80899 1.0447e+00     41.233 0.0000e+00
        448  78.576965    0.03104     1.8625    111.750  1025.1796  50832.020    31.6804     41.060    7.14406     5.5113     5.5145    24.9875   12.80898 1.0176e+00     41.452 0.0000e+00
        449  78.576968    0.03111     1.8667    112.000  1025.1807  50832.251    31.6805     41.281    7.14405     5.5113     5.5145    24.9876   12.80896 9.9057e-01     41.674 0.0000e+00
        450  78.576970    0.03118     1.8708    112.250  1025.1818  50832.467    31.6805     41.510    7.14405     5.5113     5.5145    24.9876   12.80895 9.6312e-01     41.906 0.0000e+00
        451  78.576973    0.03125     1.8750    112.500  1025.1830  50832.771    31.6806     41.751    7.14404     5.5113     5.5145    24.9877   12.80894 9.3518e-01     42.149 0.0000e+00
        452  78.576976    0.03132     1.8792    112.750  1025.1843  50833.117    31.6807     42.000    7.14403     5.5114     5.5145    24.9878   12.80892 9.0687e-01     42.401 0.0000e+00
        453  78.576979    0.03139     1.8833    113.000  1025.1855  50833.351    31.6808     42.256    7.14402     5.5114     5.5146    24.9878   12.80891 8.7859e-01     42.659 0.0000e+00
        454  78.576982    0.03146     1.8875    113.250  1025.1866  50833.442    31.6807     42.513    7.14402     5.5114     5.5146    24.9878   12.80891 8.5108e-01     42.919 0.0000e+00
        455  78.576985    0.03153     1.8917    113.500  1025.1877  50833.457    31.6806     42.767    7.14403     5.5113     5.5146    24.9877   12.80891 8.2490e-01     43.175 0.0000e+00
        456  78.576988    0.03160     1.8958    113.750  1025.1888  50833.524    31.6805     43.013    7.14403     5.5113     5.5146    24.9876   12.80891 8.0020e-01     43.423 0.0000e+00
        457  78.576991    0.03167     1.9000    114.000  1025.1899  50833.648    31.6805     43.251    7.14403     5.5113     5.5146    24.9876   12.80892 7.7707e-01     43.663 0.0000e+00
        458  78.576994    0.03174     1.9042    114.250  1025.1910  50833.742    31.6804     43.483    7.14403     5.5113     5.5146    24.9876   12.80892 7.5534e-01     43.898 0.0000e+00
        459  78.576997    0.03181     1.9083    114.500  1025.1920  50833.866    31.6804     43.712    7.14403     5.5114     5.5146    24.9875   12.80892 7.3463e-01     44.130 0.0000e+00
        460  78.576999    0.03188     1.9125    114.750  1025.1932  50834.111    31.6804     43.943    7.14402     5.5114     5.5147    24.9876   12.80890 7.1471e-01     44.362 0.0000e+00
        461  78.577002    0.03194     1.9167    115.000  1025.1944  50834.428    31.6805     44.175    7.14400     5.5114     5.5147    24.9877   12.80888 6.9531e-01     44.597 0.0000e+00
        462  78.577005    0.03201     1.9208    115.250  1025.1955  50834.656    31.6806     44.409    7.14399     5.5114     5.5148    24.9877   12.80886 6.7621e-01     44.833 0.0000e+00
        463  78.577008    0.03208     1.9250    115.500  1025.1965  50834.746    31.6806     44.643    7.14399     5.5114     5.5148    24.9877   12.80885 6.5743e-01     45.069 0.0000e+00
        464  78.577011    0.03215     1.9292    115.750  1025.1976  50834.863    31.6805     44.876    7.14398     5.5114     5.5149    24.9877   12.80884 6.3913e-01     45.304 0.0000e+00
        465  78.577014    0.03222     1.9333    116.000  1025.1987  50835.116    31.6806     45.106    7.14398     5.5113     5.5149    24.9877   12.80884 6.2147e-01     45.537 0.0000e+00
        466  78.577017    0.03229     1.9375    116.250  1025.1999  50835.429    31.6807     45.336    7.14398     5.5113     5.5149    24.9878   12.80883 6.0449e-01     45.769 0.0000e+00
        467  78.577020    0.03236     1.9417    116.500  1025.2011  50835.816    31.6809     45.566    7.14397     5.5112     5.5148    24.9879   12.80882 5.8803e-01     46.001 0.0000e+00
        468  78.577023    0.03243     1.9458    116.750  1025.2023  50836.253    31.6811     45.798    7.14397     5.5112     5.5148    24.9881   12.80882 5.7201e-01     46.235 0.0000e+00
        469  78.577025    0.03250     1.9500    117.000  1025.2035  50836.606    31.6812     46.030    7.14397     5.5112     5.5148    24.9882   12.80881 5.5641e-01     46.469 0.0000e+00
        470  78.577028    0.03257     1.9542    117.250  1025.2047  50836.895    31.6813     46.262    7.14397     5.5112     5.5148    24.9882   12.80881 5.4124e-01     46.703 0.0000e+00
        471  78.577031    0.03264     1.9583    117.500  1025.2058  50837.151    31.6813     46.492    7.14397     5.5112     5.5148    24.9883   12.80881 5.2672e-01     46.936 0.0000e+00
        472  78.577034    0.03271     1.9625    117.750  1025.2069  50837.320    31.6813     46.718    7.14397     5.5111     5.5147    24.9883   12.80881 5.1293e-01     47.165 0.0000e+00
        473  78.577037    0.03278     1.9667    118.000  1025.2078  50837.355    31.6812     46.941    7.14397     5.5111     5.5147    24.9882   12.80882 4.9983e-01     47.389 0.0000e+00
        474  78.577040    0.03285     1.9708    118.250  1025.2088  50837.337    31.6811     47.161    7.14398     5.5110     5.5147    24.9881   12.80883 4.8735e-01     47.611 0.0000e+00
        475  78.577043    0.03292     1.9750    118.500  1025.2098  50837.470    31.6811     47.378    7.14398     5.5109     5.5147    24.9881   12.80883 4.7540e-01     47.831 0.0000e+00
        476  78.577046    0.03299     1.9792    118.750  1025.2109  50837.801    31.6812     47.595    7.14398     5.5108     5.5147    24.9882   12.80884 4.6380e-01     48.050 0.0000e+00
        477  78.577049    0.03306     1.9833    119.000  1025.2120  50838.169    31.6813     47.813    7.14399     5.5107     5.5146    24.9883   12.80885 4.5243e-01     48.270 0.0000e+00
        478  78.577052    0.03313     1.9875    119.250  1025.2132  50838.516    31.6815     48.033    7.14400     5.5106     5.5145    24.9884   12.80886 4.4120e-01     48.492 0.0000e+00
        479  78.577054    0.03319     1.9917    119.500  1025.2143  50838.907    31.6816     48.256    7.14401     5.5106     5.5144    24.9886   12.80887 4.2998e-01     48.716 0.0000e+00
        480  78.577057    0.03326     1.9958    119.750  1025.2155  50839.303    31.6818     48.480    7.14401     5.5105     5.5144    24.9887   12.80888 4.1876e-01     48.943 0.0000e+00
        481  78.577060    0.03333     2.0000    120.000  1025.2167  50839.639    31.6819     48.706    7.14402     5.5105     5.5143    24.9888   12.80889 4.0779e-01     49.171 0.0000e+00
        482  78.577063    0.03340     2.0042    120.250  1025.2178  50839.932    31.6820     48.929    7.14402     5.5105     5.5143    24.9889   12.80889 3.9730e-01     49.397 0.0000e+00
        483  78.577066    0.03347     2.0083    120.500  1025.2188  50840.205    31.6820     49.147    7.14402     5.5105     5.5142    24.9889   12.80889 3.8740e-01     49.617 0.0000e+00
        484  78.577069    0.03354     2.0125    120.750  1025.2199  50840.454    31.6821     49.358    7.14401     5.5105     5.5142    24.9890   12.80888 3.7812e-01     49.830 0.0000e+00
        485  78.577072    0.03361     2.0167    121.000  1025.2209  50840.654    31.6821     49.560    7.14401     5.5105     5.5143    24.9890   12.80886 3.6941e-01     50.034 0.0000e+00
        486  78.577075    0.03368     2.0208    121.250  1025.2218  50840.774    31.6821     49.758    7.14400     5.5105     5.5143    24.9890   12.80885 3.6111e-01     50.233 0.0000e+00
        487  78.577078    0.03375     2.0250    121.500  1025.2227  50840.860    31.6821     49.953    7.14399     5.5105     5.5144    24.9890   12.80885 3.5307e-01     50.431 0.0000e+00
        488  78.577080    0.03382     2.0292    121.750  1025.2236  50841.006    31.6821     50.152    7.14399     5.5106     5.5144    24.9890   12.80884 3.4516e-01     50.631 0.0000e+00
        489  78.577083    0.03389     2.0333    122.000  1025.2246  50841.242    31.6822     50.356    7.14398     5.5106     5.5144    24.9890   12.80883 3.3726e-01     50.837 0.0000e+00
        490  78.577086    0.03396     2.0375    122.250  1025.2257  50841.533    31.6823     50.565    7.14397     5.5106     5.5145    24.9891   12.80881 3.2938e-01     51.049 0.0000e+00
        491  78.577089    0.03403     2.0417    122.500  1025.2267  50841.772    31.6824     50.777    7.14396     5.5106     5.5145    24.9892   12.80879 3.2155e-01     51.262 0.0000e+00
        492  78.577092    0.03410     2.0458    122.750  1025.2277  50841.877    31.6823     50.987    7.14396     5.5106     5.5145    24.9891   12.80878 3.1394e-01     51.474 0.0000e+00
        493  78.577095    0.03417     2.0500    123.000  1025.2286  50841.915    31.6822     51.192    7.14395     5.5107     5.5145    24.9891   12.80877 3.0675e-01     51.681 0.0000e+00
        494  78.577098    0.03424     2.0542    123.250  1025.2295  50842.026    31.6822     51.391    7.14395     5.5107     5.5146    24.9891   12.80877 2.9993e-01     51.882 0.0000e+00
        495  78.577101    0.03431     2.0583    123.500  1025.2304  50842.230    31.6822     51.586    7.14394     5.5108     5.5146    24.9891   12.80875 2.9338e-01     52.079 0.0000e+00
        496  78.577104    0.03438     2.0625    123.750  1025.2314  50842.491    31.6823     51.780    7.14393     5.5108     5.5147    24.9892   12.80873 2.8702e-01     52.275 0.0000e+00
        497  78.577106    0.03444     2.0667    124.000  1025.2325  50842.841    31.6825     51.977    7.14391     5.5108     5.5147    24.9893   12.80870 2.8077e-01     52.474 0.0000e+00
        498  78.577109    0.03451     2.0708    124.250  1025.2336  50843.298    31.6828     52.180    7.14389     5.5109     5.5148    24.9895   12.80867 2.7454e-01     52.679 0.0000e+00
        499  78.577112    0.03458     2.0750    124.500  1025.2348  50843.810    31.6830     52.388    7.14387     5.5111     5.5148    24.9897   12.80862 2.6830e-01     52.890 0.0000e+00
        500  78.577115    0.03465     2.0792    124.750  1025.2360  50844.291    31.6833     52.601    7.14384     5.5112     5.5149    24.9899   12.80857 2.6211e-01     53.104 0.0000e+00
        501  78.577118    0.03472     2.0833    125.000  1025.2371  50844.694    31.6835     52.815    7.14380     5.5114     5.5151    24.9901   12.80851 2.5605e-01     53.320 0.0000e+00
        502  78.577121    0.03479     2.0875    125.250  1025.2382  50845.076    31.6837     53.030    7.14377     5.5115     5.5152    24.9902   12.80845 2.5017e-01     53.537 0.0000e+00
        503  78.577124    0.03486     2.0917    125.500  1025.2394  50845.570    31.6839     53.246    7.14372     5.5117     5.5154    24.9904   12.80837 2.4441e-01     53.756 0.0000e+00
        504  78.577127    0.03493     2.0958    125.750  1025.2407  50846.235    31.6843     53.464    7.14367     5.5120     5.5156    24.9907   12.80828 2.3871e-01     53.975 0.0000e+00
        505  78.577130    0.03500     2.1000    126.000  1025.2421  50846.934    31.6848     53.683    7.14362     5.5122     5.5159    24.9910   12.80818 2.3307e-01     54.196 0.0000e+00
        506  78.577133    0.03507     2.1042    126.250  1025.2433  50847.446    31.6851     53.905    7.14356     5.5124     5.5161    24.9912   12.80809 2.2750e-01     54.421 0.0000e+00
        507  78.577135    0.03514     2.1083    126.500  1025.2445  50847.738    31.6852     54.130    7.14351     5.5126     5.5164    24.9913   12.80800 2.2200e-01     54.648 0.0000e+00
        508  78.577138    0.03521     2.1125    126.750  1025.2456  50847.908    31.6853     54.358    7.14346     5.5128     5.5166    24.9913   12.80793 2.1660e-01     54.879 0.0000e+00
        509  78.577141    0.03528     2.1167    127.000  1025.2466  50848.039    31.6853     54.588    7.14343     5.5129     5.5168    24.9913   12.80786 2.1138e-01     55.111 0.0000e+00
        510  78.577144    0.03535     2.1208    127.250  1025.2477  50848.270    31.6854     54.819    7.14339     5.5131     5.5170    24.9913   12.80781 2.0638e-01     55.344 0.0000e+00
