CTD-processing/allCTD/CNV--homogene/2019_02-07_t4_s04_cast051.cnv
* Sea-Bird SBE19plus Data File:
* FileName = C:\Users\Kim.Powell\Desktop\Not Processed\2019\2019_02-08\2019_02-08_TRANSECT_STATION_cast051.hex
* Software Version 1.59
* Temperature SN =  4141
* Conductivity SN =  4141
* System UpLoad Time = Mar 19 2019 08:10:31
** 2018_02-07
** Station: 4-04
** Start Time: 11:34
** Depth (m): 88.0
** Comment:
** Comment:
# nquan = 17
# nvalues = 748                         
# units = specified
# name 0 = scan: Scan Count
# name 1 = timeJ: Julian Days
# name 2 = timeH: Time, Elapsed [hours]
# name 3 = timeM: Time, Elapsed [minutes]
# name 4 = timeS: Time, Elapsed [seconds]
# name 5 = density00: Density [density, kg/m^3]
# name 6 = specc: Specific Conductance [uS/cm]
# name 7 = sal00: Salinity, Practical [PSU]
# name 8 = depSM: Depth [salt water, m], lat = 59.00
# name 9 = oxsolML/L: Oxygen Saturation, Garcia & Gordon [ml/l]
# name 10 = potemp090C: Potential Temperature [ITS-90, deg C]
# name 11 = tv290C: Temperature [ITS-90, deg C]
# name 12 = sigma-é00: Density [sigma-theta, kg/m^3]
# name 13 = n2satML/L: Nitrogen Saturation [ml/l]
# name 14 = par: PAR/Irradiance, Biospherical/Licor
# name 15 = prdM: Pressure, Strain Gauge [db]
# name 16 = flag:  0.000e+00
# span 0 =          1,        748       
# span 1 =  38.482431,  38.484592       
# span 2 =    0.00000,    0.05187       
# span 3 =     0.0000,     3.1125       
# span 4 =      0.000,    186.750       
# span 5 =  1024.7597,  1025.2201       
# span 6 =  50347.440,  50623.505       
# span 7 =    31.4383,    31.6056       
# span 8 =      0.967,     85.075       
# span 9 =    7.07217,    7.10633       
# span 10 =     5.8095,     5.9761      
# span 11 =     5.7594,     5.9820      
# span 12 =    24.7537,    24.8998      
# span 13 =   12.69200,   12.74759      
# span 14 = 3.6170e-02, 8.8015e+01      
# span 15 =      0.977,     85.896      
# span 16 = 0.0000e+00, 0.0000e+00      
# interval = seconds: 0.25
# start_time = Feb 07 2019 11:34:42 [Instrument's time stamp, header]
# bad_flag = -9.990e-29
*END*
[from data line 341]
        342  38.483417    0.02368     1.4208     85.250  1024.8417  50466.074    31.5233      5.079    7.08622     5.9024     5.9027    24.8179   12.71544 3.6347e+01      5.127 0.0000e+00
        343  38.483420    0.02375     1.4250     85.500  1024.8423  50465.870    31.5231      5.251    7.08622     5.9024     5.9028    24.8178   12.71542 3.5543e+01      5.300 0.0000e+00
        344  38.483423    0.02382     1.4292     85.750  1024.8431  50465.960    31.5231      5.424    7.08621     5.9024     5.9028    24.8177   12.71541 3.4723e+01      5.476 0.0000e+00
        345  38.483426    0.02389     1.4333     86.000  1024.8440  50466.222    31.5232      5.605    7.08620     5.9025     5.9029    24.8178   12.71540 3.3868e+01      5.658 0.0000e+00
        346  38.483429    0.02396     1.4375     86.250  1024.8449  50466.361    31.5232      5.796    7.08619     5.9025     5.9029    24.8178   12.71538 3.2993e+01      5.851 0.0000e+00
        347  38.483432    0.02403     1.4417     86.500  1024.8458  50466.371    31.5231      5.996    7.08619     5.9024     5.9029    24.8178   12.71538 3.2151e+01      6.053 0.0000e+00
        348  38.483435    0.02410     1.4458     86.750  1024.8467  50466.407    31.5230      6.202    7.08619     5.9024     5.9030    24.8177   12.71538 3.1382e+01      6.261 0.0000e+00
        349  38.483438    0.02417     1.4500     87.000  1024.8477  50466.563    31.5230      6.412    7.08619     5.9025     5.9030    24.8177   12.71538 3.0693e+01      6.473 0.0000e+00
        350  38.483440    0.02424     1.4542     87.250  1024.8488  50466.839    31.5231      6.624    7.08618     5.9026     5.9030    24.8178   12.71537 3.0061e+01      6.687 0.0000e+00
        351  38.483443    0.02431     1.4583     87.500  1024.8499  50467.266    31.5233      6.839    7.08616     5.9029     5.9030    24.8180   12.71533 2.9460e+01      6.904 0.0000e+00
        352  38.483446    0.02438     1.4625     87.750  1024.8511  50467.700    31.5236      7.054    7.08612     5.9032     5.9032    24.8181   12.71527 2.8873e+01      7.121 0.0000e+00
        353  38.483449    0.02444     1.4667     88.000  1024.8521  50467.911    31.5237      7.263    7.08608     5.9034     5.9035    24.8182   12.71519 2.8288e+01      7.332 0.0000e+00
        354  38.483452    0.02451     1.4708     88.250  1024.8530  50467.925    31.5236      7.463    7.08603     5.9036     5.9037    24.8181   12.71511 2.7705e+01      7.534 0.0000e+00
        355  38.483455    0.02458     1.4750     88.500  1024.8538  50467.894    31.5236      7.653    7.08599     5.9037     5.9040    24.8181   12.71505 2.7126e+01      7.726 0.0000e+00
        356  38.483458    0.02465     1.4792     88.750  1024.8546  50467.914    31.5235      7.836    7.08597     5.9037     5.9042    24.8180   12.71501 2.6560e+01      7.911 0.0000e+00
        357  38.483461    0.02472     1.4833     89.000  1024.8554  50467.910    31.5234      8.020    7.08595     5.9037     5.9043    24.8179   12.71498 2.6003e+01      8.096 0.0000e+00
        358  38.483464    0.02479     1.4875     89.250  1024.8562  50467.824    31.5233      8.211    7.08595     5.9036     5.9043    24.8178   12.71498 2.5437e+01      8.289 0.0000e+00
        359  38.483466    0.02486     1.4917     89.500  1024.8570  50467.756    31.5231      8.415    7.08596     5.9034     5.9043    24.8177   12.71500 2.4852e+01      8.495 0.0000e+00
        360  38.483469    0.02493     1.4958     89.750  1024.8580  50467.841    31.5231      8.631    7.08598     5.9033     5.9042    24.8176   12.71503 2.4252e+01      8.713 0.0000e+00
        361  38.483472    0.02500     1.5000     90.000  1024.8590  50468.098    31.5231      8.851    7.08599     5.9033     5.9041    24.8177   12.71505 2.3649e+01      8.936 0.0000e+00
        362  38.483475    0.02507     1.5042     90.250  1024.8601  50468.394    31.5232      9.069    7.08600     5.9033     5.9040    24.8178   12.71507 2.3065e+01      9.156 0.0000e+00
        363  38.483478    0.02514     1.5083     90.500  1024.8612  50468.663    31.5233      9.280    7.08600     5.9032     5.9040    24.8178   12.71507 2.2513e+01      9.369 0.0000e+00
        364  38.483481    0.02521     1.5125     90.750  1024.8622  50468.887    31.5234      9.485    7.08600     5.9032     5.9040    24.8179   12.71506 2.1988e+01      9.575 0.0000e+00
        365  38.483484    0.02528     1.5167     91.000  1024.8632  50469.043    31.5234      9.689    7.08600     5.9033     5.9040    24.8179   12.71506 2.1478e+01      9.781 0.0000e+00
        366  38.483487    0.02535     1.5208     91.250  1024.8641  50469.209    31.5234      9.896    7.08599     5.9033     5.9041    24.8179   12.71505 2.0971e+01      9.990 0.0000e+00
        367  38.483490    0.02542     1.5250     91.500  1024.8652  50469.448    31.5235     10.111    7.08598     5.9034     5.9041    24.8180   12.71503 2.0463e+01     10.207 0.0000e+00
        368  38.483492    0.02549     1.5292     91.750  1024.8664  50469.863    31.5236     10.334    7.08596     5.9036     5.9041    24.8181   12.71500 1.9951e+01     10.432 0.0000e+00
        369  38.483495    0.02556     1.5333     92.000  1024.8676  50470.336    31.5239     10.562    7.08593     5.9039     5.9043    24.8183   12.71494 1.9441e+01     10.662 0.0000e+00
        370  38.483498    0.02562     1.5375     92.250  1024.8687  50470.547    31.5239     10.789    7.08589     5.9041     5.9045    24.8183   12.71488 1.8939e+01     10.892 0.0000e+00
        371  38.483501    0.02569     1.5417     92.500  1024.8697  50470.604    31.5239     11.013    7.08585     5.9044     5.9048    24.8183   12.71481 1.8449e+01     11.118 0.0000e+00
        372  38.483504    0.02576     1.5458     92.750  1024.8708  50470.764    31.5240     11.232    7.08580     5.9047     5.9050    24.8183   12.71473 1.7977e+01     11.339 0.0000e+00
        373  38.483507    0.02583     1.5500     93.000  1024.8719  50471.034    31.5241     11.446    7.08575     5.9051     5.9053    24.8184   12.71464 1.7528e+01     11.555 0.0000e+00
        374  38.483510    0.02590     1.5542     93.250  1024.8730  50471.373    31.5243     11.658    7.08568     5.9055     5.9056    24.8185   12.71452 1.7100e+01     11.769 0.0000e+00
        375  38.483513    0.02597     1.5583     93.500  1024.8742  50471.852    31.5246     11.870    7.08560     5.9061     5.9060    24.8187   12.71439 1.6692e+01     11.982 0.0000e+00
        376  38.483516    0.02604     1.5625     93.750  1024.8754  50472.337    31.5250     12.078    7.08550     5.9068     5.9065    24.8189   12.71423 1.6307e+01     12.193 0.0000e+00
        377  38.483519    0.02611     1.5667     94.000  1024.8764  50472.665    31.5252     12.280    7.08539     5.9077     5.9071    24.8190   12.71404 1.5946e+01     12.397 0.0000e+00
        378  38.483521    0.02618     1.5708     94.250  1024.8776  50473.211    31.5257     12.473    7.08526     5.9087     5.9078    24.8193   12.71381 1.5606e+01     12.592 0.0000e+00
        379  38.483524    0.02625     1.5750     94.500  1024.8788  50473.922    31.5262     12.658    7.08509     5.9098     5.9087    24.8196   12.71352 1.5279e+01     12.778 0.0000e+00
        380  38.483527    0.02632     1.5792     94.750  1024.8796  50473.932    31.5263     12.840    7.08490     5.9106     5.9097    24.8196   12.71321 1.4950e+01     12.961 0.0000e+00
        381  38.483530    0.02639     1.5833     95.000  1024.8799  50472.927    31.5258     13.025    7.08475     5.9112     5.9108    24.8190   12.71296 1.4605e+01     13.148 0.0000e+00
        382  38.483533    0.02646     1.5875     95.250  1024.8801  50471.657    31.5250     13.222    7.08464     5.9115     5.9117    24.8183   12.71280 1.4236e+01     13.347 0.0000e+00
        383  38.483536    0.02653     1.5917     95.500  1024.8806  50471.021    31.5245     13.434    7.08457     5.9117     5.9122    24.8179   12.71269 1.3850e+01     13.560 0.0000e+00
        384  38.483539    0.02660     1.5958     95.750  1024.8817  50471.117    31.5246     13.657    7.08451     5.9120     5.9125    24.8179   12.71259 1.3461e+01     13.786 0.0000e+00
        385  38.483542    0.02667     1.6000     96.000  1024.8827  50471.176    31.5246     13.885    7.08446     5.9121     5.9128    24.8178   12.71251 1.3082e+01     14.016 0.0000e+00
        386  38.483545    0.02674     1.6042     96.250  1024.8833  50470.431    31.5240     14.110    7.08444     5.9119     5.9131    24.8174   12.71249 1.2724e+01     14.244 0.0000e+00
        387  38.483547    0.02681     1.6083     96.500  1024.8837  50469.580    31.5233     14.329    7.08446     5.9117     5.9132    24.8168   12.71252 1.2391e+01     14.465 0.0000e+00
        388  38.483550    0.02688     1.6125     96.750  1024.8849  50469.996    31.5235     14.541    7.08448     5.9118     5.9131    24.8169   12.71255 1.2083e+01     14.679 0.0000e+00
        389  38.483553    0.02694     1.6167     97.000  1024.8865  50471.408    31.5243     14.745    7.08447     5.9122     5.9129    24.8176   12.71252 1.1797e+01     14.885 0.0000e+00
        390  38.483556    0.02701     1.6208     97.250  1024.8881  50472.809    31.5252     14.943    7.08441     5.9130     5.9130    24.8183   12.71242 1.1529e+01     15.085 0.0000e+00
        391  38.483559    0.02708     1.6250     97.500  1024.8896  50474.050    31.5261     15.136    7.08430     5.9141     5.9134    24.8190   12.71222 1.1271e+01     15.279 0.0000e+00
        392  38.483562    0.02715     1.6292     97.750  1024.8910  50475.031    31.5268     15.325    7.08414     5.9153     5.9142    24.8195   12.71194 1.1020e+01     15.471 0.0000e+00
        393  38.483565    0.02722     1.6333     98.000  1024.8921  50475.354    31.5271     15.514    7.08394     5.9165     5.9153    24.8196   12.71160 1.0774e+01     15.661 0.0000e+00
        394  38.483568    0.02729     1.6375     98.250  1024.8926  50474.778    31.5269     15.702    7.08374     5.9173     5.9165    24.8193   12.71128 1.0531e+01     15.850 0.0000e+00
        395  38.483571    0.02736     1.6417     98.500  1024.8927  50473.517    31.5262     15.890    7.08358     5.9178     5.9177    24.8185   12.71103 1.0288e+01     16.040 0.0000e+00
        396  38.483573    0.02743     1.6458     98.750  1024.8929  50472.224    31.5254     16.078    7.08347     5.9180     5.9186    24.8178   12.71087 1.0047e+01     16.231 0.0000e+00
        397  38.483576    0.02750     1.6500     99.000  1024.8933  50471.488    31.5249     16.269    7.08342     5.9181     5.9191    24.8173   12.71078 9.8059e+00     16.423 0.0000e+00
        398  38.483579    0.02757     1.6542     99.250  1024.8943  50471.629    31.5249     16.464    7.08338     5.9184     5.9193    24.8174   12.71071 9.5609e+00     16.620 0.0000e+00
        399  38.483582    0.02764     1.6583     99.500  1024.8957  50472.632    31.5255     16.666    7.08332     5.9190     5.9195    24.8178   12.71061 9.3117e+00     16.824 0.0000e+00
        400  38.483585    0.02771     1.6625     99.750  1024.8973  50473.941    31.5264     16.875    7.08322     5.9198     5.9198    24.8185   12.71044 9.0603e+00     17.035 0.0000e+00
        401  38.483588    0.02778     1.6667    100.000  1024.8987  50474.662    31.5269     17.093    7.08310     5.9204     5.9204    24.8188   12.71023 8.8093e+00     17.255 0.0000e+00
        402  38.483591    0.02785     1.6708    100.250  1024.8995  50474.443    31.5268     17.316    7.08298     5.9210     5.9211    24.8187   12.71003 8.5628e+00     17.480 0.0000e+00
        403  38.483594    0.02792     1.6750    100.500  1024.9004  50474.233    31.5267     17.540    7.08287     5.9217     5.9218    24.8185   12.70985 8.3269e+00     17.706 0.0000e+00
        404  38.483597    0.02799     1.6792    100.750  1024.9018  50475.006    31.5272     17.756    7.08275     5.9228     5.9224    24.8188   12.70964 8.1073e+00     17.924 0.0000e+00
        405  38.483600    0.02806     1.6833    101.000  1024.9033  50476.101    31.5280     17.963    7.08258     5.9239     5.9232    24.8194   12.70936 7.9064e+00     18.133 0.0000e+00
        406  38.483602    0.02813     1.6875    101.250  1024.9043  50476.323    31.5283     18.158    7.08240     5.9248     5.9242    24.8195   12.70905 7.7217e+00     18.330 0.0000e+00
        407  38.483605    0.02819     1.6917    101.500  1024.9048  50475.808    31.5281     18.345    7.08222     5.9256     5.9253    24.8192   12.70876 7.5480e+00     18.519 0.0000e+00
        408  38.483608    0.02826     1.6958    101.750  1024.9054  50475.358    31.5279     18.527    7.08207     5.9263     5.9263    24.8189   12.70851 7.3796e+00     18.703 0.0000e+00
        409  38.483611    0.02833     1.7000    102.000  1024.9061  50475.110    31.5278     18.708    7.08194     5.9269     5.9271    24.8187   12.70829 7.2116e+00     18.885 0.0000e+00
        410  38.483614    0.02840     1.7042    102.250  1024.9067  50474.853    31.5276     18.892    7.08183     5.9273     5.9278    24.8185   12.70812 7.0402e+00     19.071 0.0000e+00
        411  38.483617    0.02847     1.7083    102.500  1024.9074  50474.458    31.5274     19.082    7.08174     5.9277     5.9284    24.8183   12.70798 6.8630e+00     19.263 0.0000e+00
        412  38.483620    0.02854     1.7125    102.750  1024.9080  50473.978    31.5270     19.284    7.08168     5.9279     5.9288    24.8179   12.70788 6.6776e+00     19.467 0.0000e+00
        413  38.483623    0.02861     1.7167    103.000  1024.9088  50473.644    31.5268     19.501    7.08164     5.9280     5.9292    24.8177   12.70781 6.4829e+00     19.686 0.0000e+00
        414  38.483626    0.02868     1.7208    103.250  1024.9097  50473.510    31.5266     19.733    7.08161     5.9280     5.9294    24.8175   12.70776 6.2818e+00     19.921 0.0000e+00
        415  38.483628    0.02875     1.7250    103.500  1024.9107  50473.381    31.5264     19.977    7.08159     5.9279     5.9295    24.8173   12.70774 6.0812e+00     20.166 0.0000e+00
        416  38.483631    0.02882     1.7292    103.750  1024.9116  50473.204    31.5262     20.222    7.08160     5.9277     5.9296    24.8172   12.70776 5.8895e+00     20.413 0.0000e+00
        417  38.483634    0.02889     1.7333    104.000  1024.9126  50473.070    31.5260     20.457    7.08162     5.9274     5.9295    24.8170   12.70779 5.7146e+00     20.651 0.0000e+00
        418  38.483637    0.02896     1.7375    104.250  1024.9135  50473.021    31.5258     20.675    7.08166     5.9271     5.9293    24.8169   12.70786 5.5604e+00     20.872 0.0000e+00
        419  38.483640    0.02903     1.7417    104.500  1024.9143  50472.981    31.5256     20.872    7.08171     5.9266     5.9291    24.8168   12.70795 5.4252e+00     21.071 0.0000e+00
        420  38.483643    0.02910     1.7458    104.750  1024.9150  50472.901    31.5254     21.052    7.08178     5.9262     5.9287    24.8167   12.70806 5.3039e+00     21.252 0.0000e+00
        421  38.483646    0.02917     1.7500    105.000  1024.9158  50473.000    31.5253     21.221    7.08185     5.9257     5.9283    24.8167   12.70818 5.1903e+00     21.422 0.0000e+00
        422  38.483649    0.02924     1.7542    105.250  1024.9167  50473.349    31.5254     21.390    7.08193     5.9253     5.9279    24.8168   12.70830 5.0769e+00     21.593 0.0000e+00
        423  38.483652    0.02931     1.7583    105.500  1024.9177  50473.815    31.5255     21.569    7.08199     5.9250     5.9274    24.8170   12.70841 4.9570e+00     21.774 0.0000e+00
        424  38.483655    0.02937     1.7625    105.750  1024.9188  50474.327    31.5257     21.766    7.08205     5.9248     5.9270    24.8172   12.70850 4.8281e+00     21.973 0.0000e+00
        425  38.483657    0.02944     1.7667    106.000  1024.9199  50474.757    31.5259     21.981    7.08208     5.9246     5.9268    24.8173   12.70856 4.6919e+00     22.190 0.0000e+00
