INSTRUMENT_TYPE=SEACATPLUS
SERIALNO=5061
TCALDATE=05-Oct-06
TA0= 1.254184e-003
TA1= 2.596730e-004
TA2= 5.165612e-007
TA3= 1.318931e-007
CCALDATE=05-Oct-06
CG=-9.978144e-001
CH= 1.555200e-001
CI=-4.839107e-004
CJ= 6.121100e-005
CTCOR= 3.250000e-006
CPCOR=-9.570000e-008
PCALDATE=24-Aug-06 
PA0= 2.171091e-001
PA1= 2.647085e-003
PA2= 1.419397e-011
PTCA0= 5.242437e+005
PTCA1= 7.545345e+000
PTCA2=-1.835354e-001
PTCB0= 2.537125e+001
PTCB1=-1.750000e-003
PTCB2= 0.000000e+000
PTEMPA0=-5.753989e+001
PTEMPA1= 5.235813e+001
PTEMPA2=-4.015521e-002
