CTD-processing/allCTD/hex2test/SBE19plus_5028_Sep-2014/filter/2018-03-27-CookInlet-Tran9-cast029_5028.cnv
* Sea-Bird SBE19plus Data File:
* FileName = P:\My Documents\kasitsna\Research-KBL\Oceanography-AK\CTD-Data-ALL-to-2017-02\2018-CTD-KachemakBay-CookInlet\2018-03-27-CookInlet-Tran9-HomerSpit\2018-03-27-CookInlet-Tran9-cast029.hex
* Software Version 1.59
* Temperature SN =  5028
* Conductivity SN =  5028
* System UpLoad Time = Mar 28 2018 11:16:05
** Cook Inlet LTM Transect 9 Homer Spit Line north to south
** Date: 2018-03-27
** Station: (eg. 9-01): to add
** Start time (AKDT): to add
** Depth (ft): to add
** Comment:
** Comment:
# nquan = 17
# nvalues = 603                         
# units = specified
# name 0 = scan: Scan Count
# name 1 = timeJ: Julian Days
# name 2 = timeH: Time, Elapsed [hours]
# name 3 = timeM: Time, Elapsed [minutes]
# name 4 = timeS: Time, Elapsed [seconds]
# name 5 = prdM: Pressure, Strain Gauge [db]
# name 6 = specc: Specific Conductance [uS/cm]
# name 7 = sal00: Salinity, Practical [PSU]
# name 8 = tv290C: Temperature [ITS-90, deg C]
# name 9 = depSM: Depth [salt water, m], lat = 59.00
# name 10 = sbeox0Mg/L: Oxygen, SBE 43 [mg/l]
# name 11 = oxsolMg/L: Oxygen Saturation, Garcia & Gordon [mg/l]
# name 12 = potemp090C: Potential Temperature [ITS-90, deg C]
# name 13 = sigma-é00: Density [sigma-theta, kg/m^3]
# name 14 = n2satMg/L: Nitrogen Saturation [mg/l]
# name 15 = par: PAR/Irradiance, Biospherical/Licor [umol photons/m^2/sec]
# name 16 = flag:  0.000e+00
# span 0 =          1,        603       
# span 1 =  86.475706,  86.477448       
# span 2 =    0.00000,    0.04181       
# span 3 =     0.0000,     2.5083       
# span 4 =      0.000,    150.500       
# span 5 =      0.473,     73.793       
# span 6 =  50748.081,  51432.819       
# span 7 =    31.1054,    31.7371       
# span 8 =     3.1505,     3.9912       
# span 9 =      0.468,     73.090       
# span 10 =     9.1808,    10.9196      
# span 11 =   10.58646,   10.85268      
# span 12 =     3.1504,     3.9866      
# span 13 =    24.7632,    25.1931      
# span 14 =   16.56027,   16.95488      
# span 15 = 3.7490e-02, 2.3997e+02      
# span 16 = 0.0000e+00, 0.0000e+00      
# interval = seconds: 0.25
# start_time = Mar 27 2018 11:25:01 [Instrument's time stamp, header]
# bad_flag = -9.990e-29
*END*
[from data line 256]
        257  86.476447    0.01778     1.0667     64.000      1.579  51126.971    31.3798     3.2430      1.565    10.7977   10.80909     3.2429    24.9756   16.88760 1.3508e+02 0.0000e+00
        258  86.476450    0.01785     1.0708     64.250      1.765  51168.686    31.4144     3.2683      1.749    10.8505   10.79979     3.2681    25.0010   16.87361 1.2541e+02 0.0000e+00
        259  86.476453    0.01792     1.0750     64.500      1.957  51202.168    31.4436     3.2944      1.939    10.8870   10.79067     3.2942    25.0220   16.85995 1.1649e+02 0.0000e+00
        260  86.476455    0.01799     1.0792     64.750      2.154  51226.944    31.4669     3.3204      2.134    10.9093   10.78201     3.3203    25.0384   16.84707 1.0838e+02 0.0000e+00
        261  86.476458    0.01806     1.0833     65.000      2.355  51243.577    31.4844     3.3454      2.333    10.9196   10.77407     3.3453    25.0501   16.83531 1.0105e+02 0.0000e+00
        262  86.476461    0.01812     1.0875     65.250      2.560  51255.148    31.4979     3.3683      2.536    10.9193   10.76699     3.3681    25.0589   16.82486 9.4463e+01 0.0000e+00
        263  86.476464    0.01819     1.0917     65.500      2.768  51264.697    31.5095     3.3886      2.742    10.9095   10.76074     3.3884    25.0663   16.81565 8.8544e+01 0.0000e+00
        264  86.476467    0.01826     1.0958     65.750      2.978  51274.476    31.5205     3.4065      2.950    10.8913   10.75518     3.4063    25.0736   16.80743 8.3209e+01 0.0000e+00
        265  86.476470    0.01833     1.1000     66.000      3.192  51285.511    31.5319     3.4225      3.162    10.8660   10.75008     3.4223    25.0813   16.79988 7.8376e+01 0.0000e+00
        266  86.476473    0.01840     1.1042     66.250      3.408  51297.469    31.5437     3.4375      3.376    10.8354   10.74524     3.4373    25.0894   16.79270 7.3981e+01 0.0000e+00
        267  86.476476    0.01847     1.1083     66.500      3.625  51309.941    31.5558     3.4521      3.591    10.8015   10.74048     3.4519    25.0977   16.78564 6.9977e+01 0.0000e+00
        268  86.476479    0.01854     1.1125     66.750      3.844  51321.660    31.5673     3.4669      3.808    10.7662   10.73574     3.4666    25.1056   16.77859 6.6325e+01 0.0000e+00
        269  86.476481    0.01861     1.1167     67.000      4.062  51330.857    31.5772     3.4819      4.024    10.7316   10.73104     3.4816    25.1121   16.77165 6.2988e+01 0.0000e+00
        270  86.476484    0.01868     1.1208     67.250      4.280  51337.614    31.5855     3.4969      4.240    10.6989   10.72646     3.4967    25.1173   16.76489 5.9933e+01 0.0000e+00
        271  86.476487    0.01875     1.1250     67.500      4.497  51342.510    31.5924     3.5117      4.455    10.6689   10.72204     3.5115    25.1215   16.75840 5.7129e+01 0.0000e+00
        272  86.476490    0.01882     1.1292     67.750      4.714  51344.931    31.5975     3.5260      4.670    10.6423   10.71789     3.5258    25.1243   16.75233 5.4544e+01 0.0000e+00
        273  86.476493    0.01889     1.1333     68.000      4.930  51344.833    31.6007     3.5395      4.884    10.6193   10.71410     3.5392    25.1257   16.74680 5.2148e+01 0.0000e+00
        274  86.476496    0.01896     1.1375     68.250      5.146  51343.758    31.6029     3.5517      5.098    10.5986   10.71071     3.5515    25.1264   16.74187 4.9910e+01 0.0000e+00
        275  86.476499    0.01903     1.1417     68.500      5.362  51342.625    31.6048     3.5626      5.312    10.5784   10.70771     3.5623    25.1268   16.73750 4.7807e+01 0.0000e+00
        276  86.476502    0.01910     1.1458     68.750      5.580  51341.286    31.6062     3.5723      5.528    10.5587   10.70506     3.5720    25.1271   16.73366 4.5819e+01 0.0000e+00
        277  86.476505    0.01917     1.1500     69.000      5.798  51340.204    31.6075     3.5808      5.744    10.5398   10.70272     3.5805    25.1273   16.73027 4.3933e+01 0.0000e+00
        278  86.476508    0.01924     1.1542     69.250      6.017  51339.864    31.6090     3.5883      5.960    10.5218   10.70063     3.5880    25.1279   16.72722 4.2138e+01 0.0000e+00
        279  86.476510    0.01931     1.1583     69.500      6.236  51339.582    31.6104     3.5951      6.177    10.5048   10.69875     3.5947    25.1284   16.72448 4.0427e+01 0.0000e+00
        280  86.476513    0.01938     1.1625     69.750      6.455  51338.339    31.6109     3.6012      6.394    10.4891   10.69710     3.6008    25.1283   16.72208 3.8797e+01 0.0000e+00
        281  86.476516    0.01944     1.1667     70.000      6.674  51336.515    31.6109     3.6066      6.611    10.4751   10.69569     3.6062    25.1278   16.72005 3.7244e+01 0.0000e+00
        282  86.476519    0.01951     1.1708     70.250      6.892  51335.384    31.6112     3.6111      6.828    10.4635   10.69449     3.6107    25.1276   16.71831 3.5764e+01 0.0000e+00
        283  86.476522    0.01958     1.1750     70.500      7.110  51335.151    31.6118     3.6149      7.044    10.4539   10.69343     3.6145    25.1278   16.71678 3.4352e+01 0.0000e+00
        284  86.476525    0.01965     1.1792     70.750      7.328  51335.364    31.6127     3.6183      7.259    10.4455   10.69248     3.6178    25.1282   16.71539 3.2998e+01 0.0000e+00
        285  86.476528    0.01972     1.1833     71.000      7.546  51335.971    31.6138     3.6214      7.475    10.4379   10.69158     3.6209    25.1287   16.71407 3.1695e+01 0.0000e+00
        286  86.476531    0.01979     1.1875     71.250      7.764  51337.066    31.6152     3.6244      7.691    10.4312   10.69069     3.6239    25.1296   16.71277 3.0437e+01 0.0000e+00
        287  86.476534    0.01986     1.1917     71.500      7.984  51338.539    31.6168     3.6274      7.909    10.4253   10.68979     3.6269    25.1306   16.71143 2.9221e+01 0.0000e+00
        288  86.476536    0.01993     1.1958     71.750      8.205  51339.915    31.6184     3.6305      8.128    10.4206   10.68885     3.6300    25.1316   16.71006 2.8049e+01 0.0000e+00
        289  86.476539    0.02000     1.2000     72.000      8.427  51340.926    31.6198     3.6337      8.348    10.4171   10.68791     3.6332    25.1324   16.70867 2.6923e+01 0.0000e+00
        290  86.476542    0.02007     1.2042     72.250      8.648  51341.790    31.6211     3.6370      8.567    10.4147   10.68696     3.6365    25.1331   16.70727 2.5846e+01 0.0000e+00
        291  86.476545    0.02014     1.2083     72.500      8.868  51342.703    31.6224     3.6403      8.785    10.4132   10.68600     3.6397    25.1339   16.70588 2.4818e+01 0.0000e+00
        292  86.476548    0.02021     1.2125     72.750      9.086  51343.661    31.6237     3.6436      9.001    10.4123   10.68505     3.6430    25.1346   16.70447 2.3840e+01 0.0000e+00
        293  86.476551    0.02028     1.2167     73.000      9.302  51344.564    31.6251     3.6469      9.215    10.4119   10.68408     3.6463    25.1354   16.70305 2.2907e+01 0.0000e+00
        294  86.476554    0.02035     1.2208     73.250      9.517  51345.248    31.6263     3.6502      9.427    10.4120   10.68311     3.6497    25.1360   16.70163 2.2013e+01 0.0000e+00
        295  86.476557    0.02042     1.2250     73.500      9.731  51345.654    31.6273     3.6536      9.640    10.4123   10.68215     3.6530    25.1365   16.70024 2.1152e+01 0.0000e+00
        296  86.476560    0.02049     1.2292     73.750      9.947  51345.742    31.6280     3.6569      9.854    10.4127   10.68124     3.6563    25.1368   16.69891 2.0320e+01 0.0000e+00
        297  86.476563    0.02056     1.2333     74.000     10.165  51345.459    31.6285     3.6600     10.070    10.4133   10.68039     3.6594    25.1369   16.69768 1.9515e+01 0.0000e+00
        298  86.476565    0.02063     1.2375     74.250     10.386  51345.015    31.6288     3.6628     10.288    10.4141   10.67962     3.6622    25.1369   16.69656 1.8735e+01 0.0000e+00
        299  86.476568    0.02069     1.2417     74.500     10.608  51344.681    31.6291     3.6654     10.509    10.4152   10.67893     3.6647    25.1369   16.69556 1.7981e+01 0.0000e+00
        300  86.476571    0.02076     1.2458     74.750     10.831  51344.847    31.6296     3.6677     10.730    10.4164   10.67829     3.6670    25.1371   16.69463 1.7256e+01 0.0000e+00
        301  86.476574    0.02083     1.2500     75.000     11.054  51345.696    31.6306     3.6698     10.950    10.4174   10.67766     3.6692    25.1377   16.69370 1.6561e+01 0.0000e+00
        302  86.476577    0.02090     1.2542     75.250     11.276  51346.550    31.6316     3.6720     11.170    10.4185   10.67701     3.6713    25.1383   16.69275 1.5898e+01 0.0000e+00
        303  86.476580    0.02097     1.2583     75.500     11.496  51346.675    31.6321     3.6742     11.388    10.4198   10.67639     3.6735    25.1385   16.69184 1.5266e+01 0.0000e+00
        304  86.476583    0.02104     1.2625     75.750     11.714  51346.175    31.6322     3.6763     11.605    10.4214   10.67583     3.6756    25.1384   16.69103 1.4663e+01 0.0000e+00
        305  86.476586    0.02111     1.2667     76.000     11.932  51345.476    31.6321     3.6782     11.821    10.4232   10.67536     3.6775    25.1381   16.69035 1.4084e+01 0.0000e+00
        306  86.476589    0.02118     1.2708     76.250     12.151  51344.829    31.6319     3.6797     12.037    10.4251   10.67497     3.6790    25.1379   16.68979 1.3527e+01 0.0000e+00
        307  86.476591    0.02125     1.2750     76.500     12.370  51344.314    31.6317     3.6810     12.254    10.4268   10.67466     3.6802    25.1376   16.68934 1.2989e+01 0.0000e+00
        308  86.476594    0.02132     1.2792     76.750     12.590  51343.892    31.6316     3.6819     12.472    10.4279   10.67441     3.6812    25.1374   16.68899 1.2469e+01 0.0000e+00
        309  86.476597    0.02139     1.2833     77.000     12.812  51343.528    31.6314     3.6827     12.692    10.4283   10.67423     3.6819    25.1372   16.68873 1.1968e+01 0.0000e+00
        310  86.476600    0.02146     1.2875     77.250     13.033  51343.240    31.6312     3.6832     12.911    10.4281   10.67410     3.6824    25.1370   16.68854 1.1487e+01 0.0000e+00
        311  86.476603    0.02153     1.2917     77.500     13.253  51343.038    31.6311     3.6836     13.129    10.4273   10.67401     3.6828    25.1368   16.68842 1.1027e+01 0.0000e+00
        312  86.476606    0.02160     1.2958     77.750     13.472  51342.900    31.6309     3.6839     13.345    10.4263   10.67395     3.6831    25.1367   16.68834 1.0589e+01 0.0000e+00
        313  86.476609    0.02167     1.3000     78.000     13.688  51342.952    31.6309     3.6840     13.560    10.4255   10.67392     3.6832    25.1367   16.68829 1.0172e+01 0.0000e+00
        314  86.476612    0.02174     1.3042     78.250     13.903  51343.387    31.6311     3.6841     13.773    10.4251   10.67388     3.6833    25.1368   16.68823 9.7740e+00 0.0000e+00
        315  86.476615    0.02181     1.3083     78.500     14.117  51344.173    31.6315     3.6842     13.985    10.4255   10.67382     3.6834    25.1372   16.68813 9.3914e+00 0.0000e+00
        316  86.476617    0.02187     1.3125     78.750     14.332  51345.025    31.6321     3.6845     14.198    10.4267   10.67371     3.6836    25.1376   16.68797 9.0216e+00 0.0000e+00
        317  86.476620    0.02194     1.3167     79.000     14.548  51345.648    31.6325     3.6849     14.412    10.4285   10.67358     3.6840    25.1379   16.68777 8.6638e+00 0.0000e+00
        318  86.476623    0.02201     1.3208     79.250     14.765  51346.002    31.6327     3.6854     14.627    10.4304   10.67343     3.6845    25.1380   16.68755 8.3181e+00 0.0000e+00
        319  86.476626    0.02208     1.3250     79.500     14.983  51346.265    31.6329     3.6859     14.843    10.4322   10.67327     3.6850    25.1381   16.68732 7.9855e+00 0.0000e+00
        320  86.476629    0.02215     1.3292     79.750     15.201  51346.556    31.6332     3.6865     15.058    10.4341   10.67311     3.6856    25.1383   16.68709 7.6672e+00 0.0000e+00
        321  86.476632    0.02222     1.3333     80.000     15.417  51346.817    31.6334     3.6870     15.272    10.4359   10.67295     3.6861    25.1384   16.68685 7.3636e+00 0.0000e+00
        322  86.476635    0.02229     1.3375     80.250     15.632  51346.953    31.6335     3.6876     15.485    10.4377   10.67280     3.6866    25.1384   16.68663 7.0746e+00 0.0000e+00
        323  86.476638    0.02236     1.3417     80.500     15.844  51347.014    31.6336     3.6881     15.696    10.4394   10.67265     3.6872    25.1384   16.68642 6.7993e+00 0.0000e+00
        324  86.476641    0.02243     1.3458     80.750     16.056  51347.094    31.6336     3.6886     15.905    10.4409   10.67252     3.6876    25.1384   16.68623 6.5360e+00 0.0000e+00
        325  86.476644    0.02250     1.3500     81.000     16.267  51347.190    31.6337     3.6890     16.114    10.4423   10.67241     3.6880    25.1385   16.68607 6.2828e+00 0.0000e+00
        326  86.476646    0.02257     1.3542     81.250     16.479  51347.275    31.6337     3.6894     16.324    10.4435   10.67231     3.6884    25.1385   16.68592 6.0382e+00 0.0000e+00
        327  86.476649    0.02264     1.3583     81.500     16.692  51347.362    31.6338     3.6897     16.536    10.4445   10.67222     3.6887    25.1385   16.68579 5.8018e+00 0.0000e+00
        328  86.476652    0.02271     1.3625     81.750     16.907  51347.488    31.6338     3.6900     16.748    10.4453   10.67214     3.6890    25.1385   16.68568 5.5733e+00 0.0000e+00
        329  86.476655    0.02278     1.3667     82.000     17.123  51347.729    31.6339     3.6902     16.962    10.4462   10.67207     3.6892    25.1385   16.68557 5.3529e+00 0.0000e+00
        330  86.476658    0.02285     1.3708     82.250     17.339  51348.285    31.6342     3.6905     17.177    10.4473   10.67198     3.6894    25.1388   16.68544 5.1408e+00 0.0000e+00
        331  86.476661    0.02292     1.3750     82.500     17.556  51349.421    31.6350     3.6908     17.391    10.4488   10.67185     3.6897    25.1393   16.68523 4.9367e+00 0.0000e+00
        332  86.476664    0.02299     1.3792     82.750     17.773  51351.243    31.6362     3.6913     17.606    10.4504   10.67162     3.6902    25.1403   16.68489 4.7407e+00 0.0000e+00
        333  86.476667    0.02306     1.3833     83.000     17.990  51353.576    31.6379     3.6922     17.821    10.4521   10.67127     3.6911    25.1415   16.68436 4.5531e+00 0.0000e+00
        334  86.476670    0.02313     1.3875     83.250     18.206  51355.965    31.6398     3.6935     18.035    10.4541   10.67079     3.6924    25.1429   16.68362 4.3736e+00 0.0000e+00
        335  86.476672    0.02319     1.3917     83.500     18.421  51358.096    31.6416     3.6954     18.248    10.4565   10.67017     3.6943    25.1441   16.68270 4.2020e+00 0.0000e+00
        336  86.476675    0.02326     1.3958     83.750     18.636  51360.171    31.6434     3.6977     18.461    10.4593   10.66944     3.6966    25.1454   16.68161 4.0376e+00 0.0000e+00
        337  86.476678    0.02333     1.4000     84.000     18.851  51362.717    31.6457     3.7004     18.674    10.4620   10.66856     3.6993    25.1470   16.68031 3.8793e+00 0.0000e+00
        338  86.476681    0.02340     1.4042     84.250     19.067  51366.215    31.6488     3.7036     18.888    10.4645   10.66750     3.7025    25.1491   16.67872 3.7263e+00 0.0000e+00
        339  86.476684    0.02347     1.4083     84.500     19.285  51370.801    31.6528     3.7076     19.104    10.4668   10.66619     3.7064    25.1519   16.67677 3.5781e+00 0.0000e+00
        340  86.476687    0.02354     1.4125     84.750     19.505  51376.467    31.6577     3.7124     19.322    10.4688   10.66456     3.7112    25.1554   16.67434 3.4347e+00 0.0000e+00
